3.7689803917184412    0.8346489775619058
3.752884605323895    0.0011779684573940826
3.883600500913418    0.0012894399233107539
3.883600500913418    0.0002776979164715242
3.883600500913418    0.0002149980591500761
3.883600500913418    0.00018775725677209082
3.916984769145912    0.00015910887913808376
4.001706372321627    0.00017948207994283828
3.98461670766746    0.00021501374509377182
3.98461670766746    0.00024253057565992915
4.018869333018904    0.00023534338221222
4.018869333018904    0.0002462150485383992
4.08826044370125    0.00025760145923236133
4.07080114171823    0.0003039876322142254
4.053416401331747    0.0003867685760684974
4.105794627068822    0.00048476363921706717
4.07080114171823    0.000706248976444806
4.053416401331747    0.0008985724484241339
4.053416401331747    0.0011432827372219857
4.053416401331747    0.0013696325123270926
4.053416401331747    0.0015921332016024304
4.08826044370125    0.0017959334286997493
4.12340401298051    0.001965739665405376
4.176686618272702    0.002151627313059749
4.2670253883005875    0.0023551504607786174
4.2670253883005875    0.0016165170957027925
4.2670253883005875    0.0010447005161930058
4.2670253883005875    0.0007389729170656901
4.248802653753836    0.0005551496763799465
4.248802653753836    0.00047756748318078523
4.285326278525872    0.00035342285070885264
4.3221638682605565    0.0003927063525499651
4.359318121868482    0.00044969317478870345
4.434587532547959    0.0004922238175702922
4.434587532547959    0.0006454137901868937
4.491891249667746    0.0005986409363597704
4.511156569459252    0.0005227979599061809
4.530504516484153    0.0006651808114088438
4.530504516484153    0.0007280562223432009
4.549935445123261    0.0008089709719627827
4.549935445123261    0.0010139019344830166
4.549935445123261    0.0011786131816603864
4.589047672373413    0.0012517914828815528
4.589047672373413    0.0011436859527385744
4.608729687371729    0.001013938920208952
4.648347322619764    0.0011266398147858456
4.688305519612384    0.0013497274085182392
4.688305519612384    0.0018796276286269535
4.7286072058918585    0.8227089270331266
