 1.0000e-02  0.0000e+00
 2.0000e-02  0.0000e+00
 3.0000e-02  0.0000e+00
 4.0000e-02  0.0000e+00
 5.0000e-02  0.0000e+00
 6.0000e-02  0.0000e+00
 7.0000e-02  0.0000e+00
 8.0000e-02  0.0000e+00
 9.0000e-02  0.0000e+00
 1.0000e-01  0.0000e+00
 1.1000e-01  0.0000e+00
 1.2000e-01  0.0000e+00
 1.3000e-01  0.0000e+00
 1.4000e-01  0.0000e+00
 1.5000e-01  0.0000e+00
 1.6000e-01  0.0000e+00
 1.7000e-01  0.0000e+00
 1.8000e-01  0.0000e+00
 1.9000e-01  0.0000e+00
 2.0000e-01  0.0000e+00
 2.1000e-01  0.0000e+00
 2.2000e-01  1.7626e-01
 2.3000e-01  2.3749e-01
 2.4000e-01  2.7650e-01
 2.5000e-01  3.0501e-01
 2.6000e-01  3.2721e-01
 2.7000e-01  3.4516e-01
 2.8000e-01  3.6004e-01
 2.9000e-01  3.7260e-01
 3.0000e-01  3.8336e-01
 3.1000e-01  3.9268e-01
 3.2000e-01  4.0083e-01
 3.3000e-01  4.0801e-01
 3.4000e-01  4.1438e-01
 3.5000e-01  4.2007e-01
 3.6000e-01  4.2517e-01
 3.7000e-01  4.2977e-01
 3.8000e-01  4.3394e-01
 3.9000e-01  4.3732e-01
 4.0000e-01  4.3972e-01
 4.1000e-01  4.4205e-01
 4.2000e-01  4.4430e-01
 4.3000e-01  4.4649e-01
 4.4000e-01  4.4863e-01
 4.5000e-01  4.5070e-01
 4.6000e-01  4.5273e-01
 4.7000e-01  4.5469e-01
 4.8000e-01  4.5659e-01
 4.9000e-01  4.5841e-01
 5.0000e-01  4.6015e-01
 5.1000e-01  4.6179e-01
 5.2000e-01  4.6332e-01
 5.3000e-01  4.6472e-01
 5.4000e-01  4.6593e-01
 5.5000e-01  4.6700e-01
 5.6000e-01  4.6787e-01
 5.7000e-01  4.6850e-01
 5.8000e-01  4.6886e-01
 5.9000e-01  4.6891e-01
 6.0000e-01  4.6858e-01
 6.1000e-01  4.6782e-01
 6.2000e-01  4.6653e-01
 6.3000e-01  4.6459e-01
 6.4000e-01  4.6188e-01
 6.5000e-01  4.5822e-01
 6.6000e-01  4.5334e-01
 6.7000e-01  4.4689e-01
 6.8000e-01  4.3833e-01
 6.9000e-01  4.2696e-01
 7.0000e-01  4.1160e-01
 7.1000e-01  3.9063e-01
 7.2000e-01  3.6170e-01
 7.3000e-01  3.2165e-01
 7.4000e-01  2.6695e-01
 7.5000e-01  1.9597e-01
 7.6000e-01  1.1447e-01
 7.7000e-01  4.1981e-02
 7.8000e-01  5.7360e-03
 7.9000e-01  1.4964e-02
 8.0000e-01  5.2818e-02
 8.1000e-01  9.6348e-02
 8.2000e-01  1.3484e-01
 8.3000e-01  1.6505e-01
 8.4000e-01  1.8728e-01
 8.5000e-01  2.0270e-01
 8.6000e-01  2.1241e-01
 8.7000e-01  2.1728e-01
 8.8000e-01  2.1800e-01
 8.9000e-01  2.1522e-01
 9.0000e-01  2.0874e-01
 9.1000e-01  2.0075e-01
 9.2000e-01  1.9245e-01
 9.3000e-01  1.8431e-01
 9.4000e-01  1.7665e-01
 9.5000e-01  1.6962e-01
 9.6000e-01  1.6335e-01
 9.7000e-01  1.5803e-01
 9.8000e-01  1.5396e-01
 9.9000e-01  1.4639e-01
 1.0000e+00  1.3891e-01
 1.0100e+00  7.8852e-02
 1.0200e+00  4.6394e-03
 1.0300e+00  3.7450e-02
 1.0400e+00  6.0295e-02
 1.0500e+00  7.0878e-02
 1.0600e+00  7.5697e-02
 1.0700e+00  7.7724e-02
 1.0800e+00  7.8393e-02
 1.0900e+00  7.8518e-02
 1.1000e+00  7.8566e-02
 1.1100e+00  7.8646e-02
 1.1200e+00  7.8761e-02
 1.1300e+00  7.8859e-02
 1.1400e+00  7.8857e-02
 1.1500e+00  7.8699e-02
 1.1600e+00  7.8422e-02
 1.1700e+00  7.8076e-02
 1.1800e+00  7.7712e-02
 1.1900e+00  7.7386e-02
 1.2000e+00  7.7154e-02
 1.2100e+00  7.7016e-02
 1.2200e+00  7.6970e-02
 1.2300e+00  7.7015e-02
 1.2400e+00  7.7138e-02
 1.2500e+00  7.7326e-02
 1.2600e+00  7.7591e-02
 1.2700e+00  7.7954e-02
 1.2800e+00  7.8440e-02
 1.2900e+00  7.9081e-02
 1.3000e+00  7.9906e-02
 1.3100e+00  8.0906e-02
 1.3200e+00  8.2055e-02
 1.3300e+00  8.3314e-02
 1.3400e+00  8.4640e-02
 1.3500e+00  8.5989e-02
 1.3600e+00  8.7349e-02
 1.3700e+00  8.8709e-02
 1.3800e+00  9.0062e-02
 1.3900e+00  9.1408e-02
 1.4000e+00  9.2721e-02
 1.4100e+00  9.3760e-02
 1.4200e+00  9.4782e-02
 1.4300e+00  9.5819e-02
 1.4400e+00  9.6908e-02
 1.4500e+00  9.8039e-02
 1.4600e+00  9.9183e-02
 1.4700e+00  1.0022e-01
 1.4800e+00  1.0215e-01
 1.4900e+00  1.0224e-01
 1.5000e+00  1.0160e-01
 1.5100e+00  1.0074e-01
 1.5200e+00  9.9048e-02
 1.5300e+00  9.6845e-02
 1.5400e+00  9.4502e-02
 1.5500e+00  9.2162e-02
 1.5600e+00  8.9959e-02
 1.5700e+00  8.7999e-02
 1.5800e+00  8.6378e-02
 1.5900e+00  8.5181e-02
 1.6000e+00  8.4504e-02
 1.6100e+00  8.4435e-02
 1.6200e+00  8.4942e-02
 1.6300e+00  8.5971e-02
 1.6400e+00  8.6817e-02
 1.6500e+00  8.7091e-02
 1.6600e+00  8.7394e-02
 1.6700e+00  8.7700e-02
 1.6800e+00  8.8034e-02
 1.6900e+00  8.8435e-02
 1.7000e+00  8.8992e-02
 1.7100e+00  8.9775e-02
 1.7200e+00  8.9786e-02
 1.7300e+00  8.9797e-02
 1.7400e+00  8.9808e-02
 1.7500e+00  8.9818e-02
 1.7600e+00  8.9829e-02
 1.7700e+00  8.9839e-02
 1.7800e+00  8.9848e-02
 1.7900e+00  8.9858e-02
 1.8000e+00  8.9867e-02
 1.8100e+00  8.9877e-02
 1.8200e+00  8.9887e-02
 1.8300e+00  8.9896e-02
 1.8400e+00  8.9905e-02
 1.8500e+00  8.9913e-02
 1.8600e+00  8.9921e-02
 1.8700e+00  8.9931e-02
 1.8800e+00  8.9938e-02
 1.8900e+00  8.9946e-02
 1.9000e+00  8.9955e-02
 1.9100e+00  8.9963e-02
 1.9200e+00  8.9971e-02
 1.9300e+00  8.9978e-02
 1.9400e+00  8.9986e-02
 1.9500e+00  8.9995e-02
 1.9600e+00  9.0001e-02
 1.9700e+00  9.0009e-02
 1.9800e+00  9.0016e-02
 1.9900e+00  9.0023e-02
