 1.0000e-02  0.0000e+00
 2.0000e-02  0.0000e+00
 3.0000e-02  0.0000e+00
 4.0000e-02  0.0000e+00
 5.0000e-02  0.0000e+00
 6.0000e-02  0.0000e+00
 7.0000e-02  0.0000e+00
 8.0000e-02  0.0000e+00
 9.0000e-02  0.0000e+00
 1.0000e-01  0.0000e+00
 1.1000e-01  0.0000e+00
 1.2000e-01  0.0000e+00
 1.3000e-01  0.0000e+00
 1.4000e-01  0.0000e+00
 1.5000e-01  0.0000e+00
 1.6000e-01  0.0000e+00
 1.7000e-01  0.0000e+00
 1.8000e-01  0.0000e+00
 1.9000e-01  0.0000e+00
 2.0000e-01  0.0000e+00
 2.1000e-01  0.0000e+00
 2.2000e-01  2.8898e-01
 2.3000e-01  3.5954e-01
 2.4000e-01  3.9679e-01
 2.5000e-01  4.2036e-01
 2.6000e-01  4.3662e-01
 2.7000e-01  4.4845e-01
 2.8000e-01  4.5737e-01
 2.9000e-01  4.6277e-01
 3.0000e-01  4.6554e-01
 3.1000e-01  4.6660e-01
 3.2000e-01  4.6644e-01
 3.3000e-01  4.6540e-01
 3.4000e-01  4.6370e-01
 3.5000e-01  4.6152e-01
 3.6000e-01  4.5896e-01
 3.7000e-01  4.5610e-01
 3.8000e-01  4.5300e-01
 3.9000e-01  4.4969e-01
 4.0000e-01  4.4618e-01
 4.1000e-01  4.4247e-01
 4.2000e-01  4.3855e-01
 4.3000e-01  4.3439e-01
 4.4000e-01  4.2998e-01
 4.5000e-01  4.2526e-01
 4.6000e-01  4.2022e-01
 4.7000e-01  4.1481e-01
 4.8000e-01  4.0901e-01
 4.9000e-01  4.0280e-01
 5.0000e-01  3.9615e-01
 5.1000e-01  3.8901e-01
 5.2000e-01  3.8138e-01
 5.3000e-01  3.7320e-01
 5.4000e-01  3.6446e-01
 5.5000e-01  3.5511e-01
 5.6000e-01  3.4514e-01
 5.7000e-01  3.3450e-01
 5.8000e-01  3.2317e-01
 5.9000e-01  3.1109e-01
 6.0000e-01  2.9828e-01
 6.1000e-01  2.8471e-01
 6.2000e-01  2.7042e-01
 6.3000e-01  2.5544e-01
 6.4000e-01  2.3986e-01
 6.5000e-01  2.2378e-01
 6.6000e-01  2.0739e-01
 6.7000e-01  1.9091e-01
 6.8000e-01  1.7463e-01
 6.9000e-01  1.5885e-01
 7.0000e-01  1.4393e-01
 7.1000e-01  1.3022e-01
 7.2000e-01  1.1810e-01
 7.3000e-01  1.0789e-01
 7.4000e-01  9.9851e-02
 7.5000e-01  9.3961e-02
 7.6000e-01  8.9422e-02
 7.7000e-01  8.1807e-02
 7.8000e-01  4.9769e-02
 7.9000e-01  8.7875e-02
 8.0000e-01  1.1571e-01
 8.1000e-01  1.3067e-01
 8.2000e-01  1.4488e-01
 8.3000e-01  1.5958e-01
 8.4000e-01  1.7471e-01
 8.5000e-01  1.9010e-01
 8.6000e-01  2.0552e-01
 8.7000e-01  2.2082e-01
 8.8000e-01  2.3582e-01
 8.9000e-01  2.5040e-01
 9.0000e-01  2.6438e-01
 9.1000e-01  2.7773e-01
 9.2000e-01  2.9044e-01
 9.3000e-01  3.0244e-01
 9.4000e-01  3.1368e-01
 9.5000e-01  3.2416e-01
 9.6000e-01  3.3385e-01
 9.7000e-01  3.4273e-01
 9.8000e-01  3.5060e-01
 9.9000e-01  3.5569e-01
 1.0000e+00  3.1283e-01
 1.0100e+00  1.1419e-01
 1.0200e+00  5.5786e-03
 1.0300e+00  6.1775e-02
 1.0400e+00  1.2413e-01
 1.0500e+00  1.6658e-01
 1.0600e+00  1.9315e-01
 1.0700e+00  2.0911e-01
 1.0800e+00  2.1869e-01
 1.0900e+00  2.2547e-01
 1.1000e+00  2.3201e-01
 1.1100e+00  2.3886e-01
 1.1200e+00  2.4584e-01
 1.1300e+00  2.5232e-01
 1.1400e+00  2.5732e-01
 1.1500e+00  2.6014e-01
 1.1600e+00  2.6113e-01
 1.1700e+00  2.6083e-01
 1.1800e+00  2.5987e-01
 1.1900e+00  2.5892e-01
 1.2000e+00  2.5844e-01
 1.2100e+00  2.5828e-01
 1.2200e+00  2.5819e-01
 1.2300e+00  2.5790e-01
 1.2400e+00  2.5709e-01
 1.2500e+00  2.5564e-01
 1.2600e+00  2.5374e-01
 1.2700e+00  2.5166e-01
 1.2800e+00  2.4967e-01
 1.2900e+00  2.4806e-01
 1.3000e+00  2.4694e-01
 1.3100e+00  2.4614e-01
 1.3200e+00  2.4543e-01
 1.3300e+00  2.4459e-01
 1.3400e+00  2.4339e-01
 1.3500e+00  2.4172e-01
 1.3600e+00  2.3972e-01
 1.3700e+00  2.3759e-01
 1.3800e+00  2.3548e-01
 1.3900e+00  2.3358e-01
 1.4000e+00  2.3165e-01
 1.4100e+00  2.2838e-01
 1.4200e+00  2.2517e-01
 1.4300e+00  2.2219e-01
 1.4400e+00  2.1959e-01
 1.4500e+00  2.1755e-01
 1.4600e+00  2.1623e-01
 1.4700e+00  2.1540e-01
 1.4800e+00  2.1592e-01
 1.4900e+00  2.0799e-01
 1.5000e+00  2.0309e-01
 1.5100e+00  2.0006e-01
 1.5200e+00  1.9836e-01
 1.5300e+00  1.9733e-01
 1.5400e+00  1.9639e-01
 1.5500e+00  1.9497e-01
 1.5600e+00  1.9269e-01
 1.5700e+00  1.8971e-01
 1.5800e+00  1.8629e-01
 1.5900e+00  1.8269e-01
 1.6000e+00  1.7916e-01
 1.6100e+00  1.7599e-01
 1.6200e+00  1.7337e-01
 1.6300e+00  1.7147e-01
 1.6400e+00  1.7042e-01
 1.6500e+00  1.7025e-01
 1.6600e+00  1.7081e-01
 1.6700e+00  1.7190e-01
 1.6800e+00  1.7335e-01
 1.6900e+00  1.7506e-01
 1.7000e+00  1.7701e-01
 1.7100e+00  1.7922e-01
 1.7200e+00  1.7913e-01
 1.7300e+00  1.7892e-01
 1.7400e+00  1.7876e-01
 1.7500e+00  1.7882e-01
 1.7600e+00  1.7921e-01
 1.7700e+00  1.7998e-01
 1.7800e+00  1.8109e-01
 1.7900e+00  1.8257e-01
 1.8000e+00  1.8440e-01
 1.8100e+00  1.8657e-01
 1.8200e+00  1.8903e-01
 1.8300e+00  1.9165e-01
 1.8400e+00  1.9436e-01
 1.8500e+00  1.9701e-01
 1.8600e+00  1.9950e-01
 1.8700e+00  2.0169e-01
 1.8800e+00  2.0347e-01
 1.8900e+00  2.0471e-01
 1.9000e+00  2.0530e-01
 1.9100e+00  2.0513e-01
 1.9200e+00  2.0418e-01
 1.9300e+00  2.0248e-01
 1.9400e+00  2.0004e-01
 1.9500e+00  1.9693e-01
 1.9600e+00  1.9336e-01
 1.9700e+00  1.9024e-01
 1.9800e+00  1.8850e-01
 1.9900e+00  1.8908e-01
