 0.0000e+00  0.0000e+00
 3.0030e-03  6.8916e-01
 6.0060e-03  7.1844e-01
 9.0090e-03  7.2340e-01
 1.2012e-02  7.2511e-01
 1.5015e-02  7.2589e-01
 1.8018e-02  7.2631e-01
 2.1021e-02  7.2657e-01
 2.4024e-02  7.2673e-01
 2.7027e-02  7.2685e-01
 3.0030e-02  7.2693e-01
 3.3033e-02  7.2699e-01
 3.6036e-02  7.2703e-01
 3.9039e-02  7.2707e-01
 4.2042e-02  7.2710e-01
 4.5045e-02  7.2712e-01
 4.8048e-02  7.2714e-01
 5.1051e-02  7.2715e-01
 5.4054e-02  7.2717e-01
 5.7057e-02  7.2718e-01
 6.0060e-02  7.2719e-01
 6.3063e-02  7.2719e-01
 6.6066e-02  7.2720e-01
 6.9069e-02  7.2721e-01
 7.2072e-02  7.2721e-01
 7.5075e-02  7.2722e-01
 7.8078e-02  7.2722e-01
 8.1081e-02  7.2723e-01
 8.4084e-02  7.2723e-01
 8.7087e-02  7.2723e-01
 9.0090e-02  7.2723e-01
 9.3093e-02  7.2724e-01
 9.6096e-02  7.2724e-01
 9.9099e-02  7.2724e-01
 1.0210e-01  7.2724e-01
 1.0511e-01  7.2724e-01
 1.0811e-01  7.2725e-01
 1.1111e-01  7.2725e-01
 1.1411e-01  7.2725e-01
 1.1712e-01  7.2725e-01
 1.2012e-01  7.2725e-01
 1.2312e-01  7.2725e-01
 1.2613e-01  7.2725e-01
 1.2913e-01  7.2725e-01
 1.3213e-01  7.2725e-01
 1.3514e-01  7.2726e-01
 1.3814e-01  7.2726e-01
 1.4114e-01  7.2726e-01
 1.4414e-01  7.2726e-01
 1.4715e-01  7.2726e-01
 1.5015e-01  7.2726e-01
 1.5315e-01  7.2726e-01
 1.5616e-01  7.2726e-01
 1.5916e-01  7.2726e-01
 1.6216e-01  7.2726e-01
 1.6517e-01  7.2726e-01
 1.6817e-01  7.2726e-01
 1.7117e-01  7.2726e-01
 1.7417e-01  7.2726e-01
 1.7718e-01  7.2726e-01
 1.8018e-01  7.2726e-01
 1.8318e-01  7.2726e-01
 1.8619e-01  7.2726e-01
 1.8919e-01  7.2726e-01
 1.9219e-01  7.2726e-01
 1.9520e-01  7.2726e-01
 1.9820e-01  7.2726e-01
 2.0120e-01  7.2727e-01
 2.0420e-01  7.2727e-01
 2.0721e-01  7.2727e-01
 2.1021e-01  7.2727e-01
 2.1321e-01  7.2602e-01
 2.1622e-01  7.2228e-01
 2.1922e-01  7.1744e-01
 2.2222e-01  7.1193e-01
 2.2523e-01  7.0600e-01
 2.2823e-01  6.9983e-01
 2.3123e-01  6.9351e-01
 2.3423e-01  6.8714e-01
 2.3724e-01  6.8078e-01
 2.4024e-01  6.7446e-01
 2.4324e-01  6.6823e-01
 2.4625e-01  6.6211e-01
 2.4925e-01  6.5611e-01
 2.5225e-01  6.5025e-01
 2.5526e-01  6.4454e-01
 2.5826e-01  6.3898e-01
 2.6126e-01  6.3357e-01
 2.6426e-01  6.2833e-01
 2.6727e-01  6.2324e-01
 2.7027e-01  6.1830e-01
 2.7327e-01  6.1352e-01
 2.7628e-01  6.0889e-01
 2.7928e-01  6.0441e-01
 2.8228e-01  6.0007e-01
 2.8529e-01  5.9587e-01
 2.8829e-01  5.9180e-01
 2.9129e-01  5.8787e-01
 2.9429e-01  5.8406e-01
 2.9730e-01  5.8037e-01
 3.0030e-01  5.7680e-01
 3.0330e-01  5.7335e-01
 3.0631e-01  5.7000e-01
 3.0931e-01  5.6676e-01
 3.1231e-01  5.6362e-01
 3.1532e-01  5.6058e-01
 3.1832e-01  5.5763e-01
 3.2132e-01  5.5478e-01
 3.2432e-01  5.5201e-01
 3.2733e-01  5.4933e-01
 3.3033e-01  5.4672e-01
 3.3333e-01  5.4420e-01
 3.3634e-01  5.4175e-01
 3.3934e-01  5.3937e-01
 3.4234e-01  5.3706e-01
 3.4535e-01  5.3482e-01
 3.4835e-01  5.3264e-01
 3.5135e-01  5.3052e-01
 3.5435e-01  5.2847e-01
 3.5736e-01  5.2647e-01
 3.6036e-01  5.2452e-01
 3.6336e-01  5.2264e-01
 3.6637e-01  5.2080e-01
 3.6937e-01  5.1901e-01
 3.7237e-01  5.1727e-01
 3.7538e-01  5.1558e-01
 3.7838e-01  5.1393e-01
 3.8138e-01  5.1232e-01
 3.8438e-01  5.1076e-01
 3.8739e-01  5.0923e-01
 3.9039e-01  5.0775e-01
 3.9339e-01  5.0630e-01
 3.9640e-01  5.0489e-01
 3.9940e-01  5.0352e-01
 4.0240e-01  5.0217e-01
 4.0541e-01  5.0087e-01
 4.0841e-01  4.9959e-01
 4.1141e-01  4.9834e-01
 4.1441e-01  4.9713e-01
 4.1742e-01  4.9594e-01
 4.2042e-01  4.9478e-01
 4.2342e-01  4.9365e-01
 4.2643e-01  4.9254e-01
 4.2943e-01  4.9146e-01
 4.3243e-01  4.9040e-01
 4.3544e-01  4.8937e-01
 4.3844e-01  4.8836e-01
 4.4144e-01  4.8738e-01
 4.4444e-01  4.8641e-01
 4.4745e-01  4.8547e-01
 4.5045e-01  4.8455e-01
 4.5345e-01  4.8364e-01
 4.5646e-01  4.8276e-01
 4.5946e-01  4.8190e-01
 4.6246e-01  4.8105e-01
 4.6547e-01  4.8022e-01
 4.6847e-01  4.7941e-01
 4.7147e-01  4.7862e-01
 4.7447e-01  4.7784e-01
 4.7748e-01  4.7708e-01
 4.8048e-01  4.7633e-01
 4.8348e-01  4.7560e-01
 4.8649e-01  4.7488e-01
 4.8949e-01  4.7418e-01
 4.9249e-01  4.7349e-01
 4.9550e-01  4.7281e-01
 4.9850e-01  4.7215e-01
 5.0150e-01  4.7150e-01
 5.0450e-01  4.7087e-01
 5.0751e-01  4.7024e-01
 5.1051e-01  4.6963e-01
 5.1351e-01  4.6903e-01
 5.1652e-01  4.6844e-01
 5.1952e-01  4.6786e-01
 5.2252e-01  4.6729e-01
 5.2553e-01  4.6673e-01
 5.2853e-01  4.6618e-01
 5.3153e-01  4.6565e-01
 5.3453e-01  4.6512e-01
 5.3754e-01  4.6460e-01
 5.4054e-01  4.6409e-01
 5.4354e-01  4.6359e-01
 5.4655e-01  4.6310e-01
 5.4955e-01  4.6261e-01
 5.5255e-01  4.6214e-01
 5.5556e-01  4.6167e-01
 5.5856e-01  4.6121e-01
 5.6156e-01  4.6076e-01
 5.6456e-01  4.6032e-01
 5.6757e-01  4.5989e-01
 5.7057e-01  4.5946e-01
 5.7357e-01  4.5904e-01
 5.7658e-01  4.5862e-01
 5.7958e-01  4.5821e-01
 5.8258e-01  4.5781e-01
 5.8559e-01  4.5742e-01
 5.8859e-01  4.5703e-01
 5.9159e-01  4.5665e-01
 5.9459e-01  4.5628e-01
 5.9760e-01  4.5591e-01
 6.0060e-01  4.5554e-01
 6.0360e-01  4.5518e-01
 6.0661e-01  4.5483e-01
 6.0961e-01  4.5449e-01
 6.1261e-01  4.5414e-01
 6.1562e-01  4.5381e-01
 6.1862e-01  4.5348e-01
 6.2162e-01  4.5315e-01
 6.2462e-01  4.5283e-01
 6.2763e-01  4.5251e-01
 6.3063e-01  4.5220e-01
 6.3363e-01  4.5190e-01
 6.3664e-01  4.5159e-01
 6.3964e-01  4.5130e-01
 6.4264e-01  4.5100e-01
 6.4565e-01  4.5071e-01
 6.4865e-01  4.5043e-01
 6.5165e-01  4.5015e-01
 6.5465e-01  4.4987e-01
 6.5766e-01  4.4960e-01
 6.6066e-01  4.4933e-01
 6.6366e-01  4.4906e-01
 6.6667e-01  4.4880e-01
 6.6967e-01  4.4855e-01
 6.7267e-01  4.4829e-01
 6.7568e-01  4.4804e-01
 6.7868e-01  4.4779e-01
 6.8168e-01  4.4755e-01
 6.8468e-01  4.4731e-01
 6.8769e-01  4.4707e-01
 6.9069e-01  4.4684e-01
 6.9369e-01  4.4661e-01
 6.9670e-01  4.4638e-01
 6.9970e-01  4.4616e-01
 7.0270e-01  4.4594e-01
 7.0571e-01  4.4572e-01
 7.0871e-01  4.4550e-01
 7.1171e-01  4.4529e-01
 7.1471e-01  4.4508e-01
 7.1772e-01  4.4487e-01
 7.2072e-01  4.4467e-01
 7.2372e-01  4.4447e-01
 7.2673e-01  4.4427e-01
 7.2973e-01  4.4407e-01
 7.3273e-01  4.4388e-01
 7.3574e-01  4.4369e-01
 7.3874e-01  4.4350e-01
 7.4174e-01  4.4331e-01
 7.4474e-01  4.4312e-01
 7.4775e-01  4.4294e-01
 7.5075e-01  4.4276e-01
 7.5375e-01  4.4258e-01
 7.5676e-01  4.4241e-01
 7.5976e-01  4.4224e-01
 7.6276e-01  4.4206e-01
 7.6577e-01  4.4190e-01
 7.6877e-01  4.4173e-01
 7.7177e-01  4.4156e-01
 7.7477e-01  4.4140e-01
 7.7778e-01  4.4124e-01
 7.8078e-01  4.4108e-01
 7.8378e-01  4.4092e-01
 7.8679e-01  4.4077e-01
 7.8979e-01  4.4061e-01
 7.9279e-01  4.4046e-01
 7.9580e-01  4.4031e-01
 7.9880e-01  4.4016e-01
 8.0180e-01  4.4002e-01
 8.0480e-01  4.3987e-01
 8.0781e-01  4.3973e-01
 8.1081e-01  4.3959e-01
 8.1381e-01  4.3945e-01
 8.1682e-01  4.3931e-01
 8.1982e-01  4.3917e-01
 8.2282e-01  4.3904e-01
 8.2583e-01  4.3890e-01
 8.2883e-01  4.3877e-01
 8.3183e-01  4.3864e-01
 8.3483e-01  4.3851e-01
 8.3784e-01  4.3838e-01
 8.4084e-01  4.3826e-01
 8.4384e-01  4.3813e-01
 8.4685e-01  4.3801e-01
 8.4985e-01  4.3788e-01
 8.5285e-01  4.3776e-01
 8.5586e-01  4.3764e-01
 8.5886e-01  4.3752e-01
 8.6186e-01  4.3741e-01
 8.6486e-01  4.3729e-01
 8.6787e-01  4.3718e-01
 8.7087e-01  4.3706e-01
 8.7387e-01  4.3695e-01
 8.7688e-01  4.3684e-01
 8.7988e-01  4.3673e-01
 8.8288e-01  4.3662e-01
 8.8589e-01  4.3651e-01
 8.8889e-01  4.3641e-01
 8.9189e-01  4.3630e-01
 8.9489e-01  4.3620e-01
 8.9790e-01  4.3609e-01
 9.0090e-01  4.3599e-01
 9.0390e-01  4.3589e-01
 9.0691e-01  4.3579e-01
 9.0991e-01  4.3569e-01
 9.1291e-01  4.3559e-01
 9.1592e-01  4.3550e-01
 9.1892e-01  4.3540e-01
 9.2192e-01  4.3531e-01
 9.2492e-01  4.3521e-01
 9.2793e-01  4.3512e-01
 9.3093e-01  4.3503e-01
 9.3393e-01  4.3493e-01
 9.3694e-01  4.3484e-01
 9.3994e-01  4.3475e-01
 9.4294e-01  4.3466e-01
 9.4595e-01  4.3458e-01
 9.4895e-01  4.3449e-01
 9.5195e-01  4.3440e-01
 9.5495e-01  4.3432e-01
 9.5796e-01  4.3423e-01
 9.6096e-01  4.3415e-01
 9.6396e-01  4.3407e-01
 9.6697e-01  4.3398e-01
 9.6997e-01  4.3390e-01
 9.7297e-01  4.3382e-01
 9.7598e-01  4.3374e-01
 9.7898e-01  4.3366e-01
 9.8198e-01  4.3359e-01
 9.8498e-01  4.3351e-01
 9.8799e-01  4.3343e-01
 9.9099e-01  4.3335e-01
 9.9399e-01  4.3328e-01
 9.9700e-01  4.3320e-01
 1.0000e+00  4.3313e-01
 1.0030e+00  4.3306e-01
 1.0060e+00  4.3298e-01
 1.0090e+00  4.3291e-01
 1.0120e+00  4.3284e-01
 1.0150e+00  4.3277e-01
 1.0180e+00  4.3270e-01
 1.0210e+00  4.3263e-01
 1.0240e+00  4.3256e-01
 1.0270e+00  4.3249e-01
 1.0300e+00  4.3243e-01
 1.0330e+00  4.3236e-01
 1.0360e+00  4.3229e-01
 1.0390e+00  4.3223e-01
 1.0420e+00  4.3216e-01
 1.0450e+00  4.3210e-01
 1.0480e+00  4.3203e-01
 1.0511e+00  4.3197e-01
 1.0541e+00  4.3191e-01
 1.0571e+00  4.3184e-01
 1.0601e+00  4.3178e-01
 1.0631e+00  4.3172e-01
 1.0661e+00  4.3166e-01
 1.0691e+00  4.3160e-01
 1.0721e+00  4.3154e-01
 1.0751e+00  4.3148e-01
 1.0781e+00  4.3142e-01
 1.0811e+00  4.3136e-01
 1.0841e+00  4.3130e-01
 1.0871e+00  4.3125e-01
 1.0901e+00  4.3119e-01
 1.0931e+00  4.3113e-01
 1.0961e+00  4.3108e-01
 1.0991e+00  4.3102e-01
 1.1021e+00  4.3097e-01
 1.1051e+00  4.3091e-01
 1.1081e+00  4.3086e-01
 1.1111e+00  4.3080e-01
 1.1141e+00  4.3075e-01
 1.1171e+00  4.3070e-01
 1.1201e+00  4.3065e-01
 1.1231e+00  4.3059e-01
 1.1261e+00  4.3054e-01
 1.1291e+00  4.3049e-01
 1.1321e+00  4.3044e-01
 1.1351e+00  4.3039e-01
 1.1381e+00  4.3034e-01
 1.1411e+00  4.3029e-01
 1.1441e+00  4.3024e-01
 1.1471e+00  4.3019e-01
 1.1502e+00  4.3015e-01
 1.1532e+00  4.3010e-01
 1.1562e+00  4.3005e-01
 1.1592e+00  4.3000e-01
 1.1622e+00  4.2996e-01
 1.1652e+00  4.2991e-01
 1.1682e+00  4.2986e-01
 1.1712e+00  4.2982e-01
 1.1742e+00  4.2977e-01
 1.1772e+00  4.2973e-01
 1.1802e+00  4.2968e-01
 1.1832e+00  4.2964e-01
 1.1862e+00  4.2959e-01
 1.1892e+00  4.2955e-01
 1.1922e+00  4.2951e-01
 1.1952e+00  4.2946e-01
 1.1982e+00  4.2942e-01
 1.2012e+00  4.2938e-01
 1.2042e+00  4.2934e-01
 1.2072e+00  4.2930e-01
 1.2102e+00  4.2925e-01
 1.2132e+00  4.2921e-01
 1.2162e+00  4.2917e-01
 1.2192e+00  4.2913e-01
 1.2222e+00  4.2909e-01
 1.2252e+00  4.2905e-01
 1.2282e+00  4.2901e-01
 1.2312e+00  4.2897e-01
 1.2342e+00  4.2894e-01
 1.2372e+00  4.2890e-01
 1.2402e+00  4.2886e-01
 1.2432e+00  4.2882e-01
 1.2462e+00  4.2878e-01
 1.2492e+00  4.2874e-01
 1.2523e+00  4.2871e-01
 1.2553e+00  4.2867e-01
 1.2583e+00  4.2863e-01
 1.2613e+00  4.2860e-01
 1.2643e+00  4.2856e-01
 1.2673e+00  4.2853e-01
 1.2703e+00  4.2849e-01
 1.2733e+00  4.2845e-01
 1.2763e+00  4.2842e-01
 1.2793e+00  4.2838e-01
 1.2823e+00  4.2835e-01
 1.2853e+00  4.2832e-01
 1.2883e+00  4.2828e-01
 1.2913e+00  4.2825e-01
 1.2943e+00  4.2821e-01
 1.2973e+00  4.2818e-01
 1.3003e+00  4.2815e-01
 1.3033e+00  4.2811e-01
 1.3063e+00  4.2808e-01
 1.3093e+00  4.2805e-01
 1.3123e+00  4.2802e-01
 1.3153e+00  4.2798e-01
 1.3183e+00  4.2795e-01
 1.3213e+00  4.2792e-01
 1.3243e+00  4.2789e-01
 1.3273e+00  4.2786e-01
 1.3303e+00  4.2783e-01
 1.3333e+00  4.2780e-01
 1.3363e+00  4.2777e-01
 1.3393e+00  4.2774e-01
 1.3423e+00  4.2771e-01
 1.3453e+00  4.2768e-01
 1.3483e+00  4.2765e-01
 1.3514e+00  4.2762e-01
 1.3544e+00  4.2759e-01
 1.3574e+00  4.2756e-01
 1.3604e+00  4.2753e-01
 1.3634e+00  4.2750e-01
 1.3664e+00  4.2747e-01
 1.3694e+00  4.2744e-01
 1.3724e+00  4.2741e-01
 1.3754e+00  4.2739e-01
 1.3784e+00  4.2736e-01
 1.3814e+00  4.2733e-01
 1.3844e+00  4.2730e-01
 1.3874e+00  4.2728e-01
 1.3904e+00  4.2725e-01
 1.3934e+00  4.2722e-01
 1.3964e+00  4.2720e-01
 1.3994e+00  4.2717e-01
 1.4024e+00  4.2714e-01
 1.4054e+00  4.2712e-01
 1.4084e+00  4.2709e-01
 1.4114e+00  4.2706e-01
 1.4144e+00  4.2704e-01
 1.4174e+00  4.2701e-01
 1.4204e+00  4.2699e-01
 1.4234e+00  4.2696e-01
 1.4264e+00  4.2694e-01
 1.4294e+00  4.2691e-01
 1.4324e+00  4.2689e-01
 1.4354e+00  4.2686e-01
 1.4384e+00  4.2684e-01
 1.4414e+00  4.2681e-01
 1.4444e+00  4.2679e-01
 1.4474e+00  4.2677e-01
 1.4505e+00  4.2674e-01
 1.4535e+00  4.2672e-01
 1.4565e+00  4.2670e-01
 1.4595e+00  4.2667e-01
 1.4625e+00  4.2665e-01
 1.4655e+00  4.2663e-01
 1.4685e+00  4.2660e-01
 1.4715e+00  4.2658e-01
 1.4745e+00  4.2656e-01
 1.4775e+00  4.2653e-01
 1.4805e+00  4.2651e-01
 1.4835e+00  4.2649e-01
 1.4865e+00  4.2647e-01
 1.4895e+00  4.2645e-01
 1.4925e+00  4.2642e-01
 1.4955e+00  4.2640e-01
 1.4985e+00  4.2638e-01
 1.5015e+00  4.2636e-01
 1.5045e+00  4.2634e-01
 1.5075e+00  4.2632e-01
 1.5105e+00  4.2630e-01
 1.5135e+00  4.2628e-01
 1.5165e+00  4.2625e-01
 1.5195e+00  4.2623e-01
 1.5225e+00  4.2621e-01
 1.5255e+00  4.2619e-01
 1.5285e+00  4.2617e-01
 1.5315e+00  4.2615e-01
 1.5345e+00  4.2613e-01
 1.5375e+00  4.2611e-01
 1.5405e+00  4.2609e-01
 1.5435e+00  4.2607e-01
 1.5465e+00  4.2605e-01
 1.5495e+00  4.2603e-01
 1.5526e+00  4.2601e-01
 1.5556e+00  4.2599e-01
 1.5586e+00  4.2598e-01
 1.5616e+00  4.2596e-01
 1.5646e+00  4.2594e-01
 1.5676e+00  4.2592e-01
 1.5706e+00  4.2590e-01
 1.5736e+00  4.2588e-01
 1.5766e+00  4.2586e-01
 1.5796e+00  4.2584e-01
 1.5826e+00  4.2583e-01
 1.5856e+00  4.2581e-01
 1.5886e+00  4.2579e-01
 1.5916e+00  4.2577e-01
 1.5946e+00  4.2575e-01
 1.5976e+00  4.2574e-01
 1.6006e+00  4.2572e-01
 1.6036e+00  4.2570e-01
 1.6066e+00  4.2568e-01
 1.6096e+00  4.2567e-01
 1.6126e+00  4.2565e-01
 1.6156e+00  4.2563e-01
 1.6186e+00  4.2561e-01
 1.6216e+00  4.2560e-01
 1.6246e+00  4.2558e-01
 1.6276e+00  4.2556e-01
 1.6306e+00  4.2555e-01
 1.6336e+00  4.2553e-01
 1.6366e+00  4.2551e-01
 1.6396e+00  4.2550e-01
 1.6426e+00  4.2548e-01
 1.6456e+00  4.2547e-01
 1.6486e+00  4.2545e-01
 1.6517e+00  4.2543e-01
 1.6547e+00  4.2542e-01
 1.6577e+00  4.2540e-01
 1.6607e+00  4.2539e-01
 1.6637e+00  4.2537e-01
 1.6667e+00  4.2535e-01
 1.6697e+00  4.2534e-01
 1.6727e+00  4.2532e-01
 1.6757e+00  4.2531e-01
 1.6787e+00  4.2529e-01
 1.6817e+00  4.2528e-01
 1.6847e+00  4.2526e-01
 1.6877e+00  4.2525e-01
 1.6907e+00  4.2523e-01
 1.6937e+00  4.2522e-01
 1.6967e+00  4.2520e-01
 1.6997e+00  4.2519e-01
 1.7027e+00  4.2517e-01
 1.7057e+00  4.2516e-01
 1.7087e+00  4.2514e-01
 1.7117e+00  4.2513e-01
 1.7147e+00  4.2511e-01
 1.7177e+00  4.2510e-01
 1.7207e+00  4.2509e-01
 1.7237e+00  4.2507e-01
 1.7267e+00  4.2506e-01
 1.7297e+00  4.2504e-01
 1.7327e+00  4.2503e-01
 1.7357e+00  4.2502e-01
 1.7387e+00  4.2500e-01
 1.7417e+00  4.2499e-01
 1.7447e+00  4.2498e-01
 1.7477e+00  4.2496e-01
 1.7508e+00  4.2495e-01
 1.7538e+00  4.2493e-01
 1.7568e+00  4.2492e-01
 1.7598e+00  4.2491e-01
 1.7628e+00  4.2490e-01
 1.7658e+00  4.2488e-01
 1.7688e+00  4.2487e-01
 1.7718e+00  4.2486e-01
 1.7748e+00  4.2484e-01
 1.7778e+00  4.2483e-01
 1.7808e+00  4.2482e-01
 1.7838e+00  4.2480e-01
 1.7868e+00  4.2479e-01
 1.7898e+00  4.2478e-01
 1.7928e+00  4.2477e-01
 1.7958e+00  4.2475e-01
 1.7988e+00  4.2474e-01
 1.8018e+00  4.2473e-01
 1.8048e+00  4.2472e-01
 1.8078e+00  4.2471e-01
 1.8108e+00  4.2469e-01
 1.8138e+00  4.2468e-01
 1.8168e+00  4.2467e-01
 1.8198e+00  4.2466e-01
 1.8228e+00  4.2464e-01
 1.8258e+00  4.2463e-01
 1.8288e+00  4.2462e-01
 1.8318e+00  4.2461e-01
 1.8348e+00  4.2460e-01
 1.8378e+00  4.2459e-01
 1.8408e+00  4.2457e-01
 1.8438e+00  4.2456e-01
 1.8468e+00  4.2455e-01
 1.8498e+00  4.2454e-01
 1.8529e+00  4.2453e-01
 1.8559e+00  4.2452e-01
 1.8589e+00  4.2451e-01
 1.8619e+00  4.2445e-01
 1.8649e+00  4.2428e-01
 1.8679e+00  4.2406e-01
 1.8709e+00  4.2379e-01
 1.8739e+00  4.2348e-01
 1.8769e+00  4.2315e-01
 1.8799e+00  4.2279e-01
 1.8829e+00  4.2240e-01
 1.8859e+00  4.2199e-01
 1.8889e+00  4.2156e-01
 1.8919e+00  4.2111e-01
 1.8949e+00  4.2064e-01
 1.8979e+00  4.2016e-01
 1.9009e+00  4.1966e-01
 1.9039e+00  4.1915e-01
 1.9069e+00  4.1863e-01
 1.9099e+00  4.1809e-01
 1.9129e+00  4.1754e-01
 1.9159e+00  4.1698e-01
 1.9189e+00  4.1641e-01
 1.9219e+00  4.1583e-01
 1.9249e+00  4.1525e-01
 1.9279e+00  4.1465e-01
 1.9309e+00  4.1405e-01
 1.9339e+00  4.1343e-01
 1.9369e+00  4.1282e-01
 1.9399e+00  4.1219e-01
 1.9429e+00  4.1156e-01
 1.9459e+00  4.1093e-01
 1.9489e+00  4.1028e-01
 1.9520e+00  4.0964e-01
 1.9550e+00  4.0899e-01
 1.9580e+00  4.0833e-01
 1.9610e+00  4.0767e-01
 1.9640e+00  4.0701e-01
 1.9670e+00  4.0634e-01
 1.9700e+00  4.0567e-01
 1.9730e+00  4.0500e-01
 1.9760e+00  4.0432e-01
 1.9790e+00  4.0364e-01
 1.9820e+00  4.0296e-01
 1.9850e+00  4.0228e-01
 1.9880e+00  4.0159e-01
 1.9910e+00  4.0091e-01
 1.9940e+00  4.0022e-01
 1.9970e+00  3.9953e-01
 2.0000e+00  3.9884e-01
 2.0030e+00  3.9815e-01
 2.0060e+00  3.9746e-01
 2.0090e+00  3.9676e-01
 2.0120e+00  3.9607e-01
 2.0150e+00  3.9537e-01
 2.0180e+00  3.9468e-01
 2.0210e+00  3.9398e-01
 2.0240e+00  3.9329e-01
 2.0270e+00  3.9259e-01
 2.0300e+00  3.9190e-01
 2.0330e+00  3.9120e-01
 2.0360e+00  3.9051e-01
 2.0390e+00  3.8981e-01
 2.0420e+00  3.8912e-01
 2.0450e+00  3.8843e-01
 2.0480e+00  3.8773e-01
 2.0511e+00  3.8704e-01
 2.0541e+00  3.8635e-01
 2.0571e+00  3.8566e-01
 2.0601e+00  3.8497e-01
 2.0631e+00  3.8429e-01
 2.0661e+00  3.8360e-01
 2.0691e+00  3.8291e-01
 2.0721e+00  3.8223e-01
 2.0751e+00  3.8155e-01
 2.0781e+00  3.8087e-01
 2.0811e+00  3.8019e-01
 2.0841e+00  3.7951e-01
 2.0871e+00  3.7883e-01
 2.0901e+00  3.7816e-01
 2.0931e+00  3.7748e-01
 2.0961e+00  3.7681e-01
 2.0991e+00  3.7614e-01
 2.1021e+00  3.7547e-01
 2.1051e+00  3.7481e-01
 2.1081e+00  3.7414e-01
 2.1111e+00  3.7348e-01
 2.1141e+00  3.7282e-01
 2.1171e+00  3.7216e-01
 2.1201e+00  3.7150e-01
 2.1231e+00  3.7085e-01
 2.1261e+00  3.7020e-01
 2.1291e+00  3.6955e-01
 2.1321e+00  3.6890e-01
 2.1351e+00  3.6825e-01
 2.1381e+00  3.6761e-01
 2.1411e+00  3.6697e-01
 2.1441e+00  3.6633e-01
 2.1471e+00  3.6569e-01
 2.1502e+00  3.6505e-01
 2.1532e+00  3.6442e-01
 2.1562e+00  3.6379e-01
 2.1592e+00  3.6316e-01
 2.1622e+00  3.6253e-01
 2.1652e+00  3.6191e-01
 2.1682e+00  3.6129e-01
 2.1712e+00  3.6067e-01
 2.1742e+00  3.6005e-01
 2.1772e+00  3.5944e-01
 2.1802e+00  3.5883e-01
 2.1832e+00  3.5822e-01
 2.1862e+00  3.5761e-01
 2.1892e+00  3.5700e-01
 2.1922e+00  3.5640e-01
 2.1952e+00  3.5580e-01
 2.1982e+00  3.5520e-01
 2.2012e+00  3.5461e-01
 2.2042e+00  3.5401e-01
 2.2072e+00  3.5342e-01
 2.2102e+00  3.5283e-01
 2.2132e+00  3.5225e-01
 2.2162e+00  3.5167e-01
 2.2192e+00  3.5108e-01
 2.2222e+00  3.5051e-01
 2.2252e+00  3.4993e-01
 2.2282e+00  3.4936e-01
 2.2312e+00  3.4879e-01
 2.2342e+00  3.4822e-01
 2.2372e+00  3.4765e-01
 2.2402e+00  3.4709e-01
 2.2432e+00  3.4652e-01
 2.2462e+00  3.4597e-01
 2.2492e+00  3.4541e-01
 2.2523e+00  3.4485e-01
 2.2553e+00  3.4430e-01
 2.2583e+00  3.4375e-01
 2.2613e+00  3.4321e-01
 2.2643e+00  3.4266e-01
 2.2673e+00  3.4212e-01
 2.2703e+00  3.4158e-01
 2.2733e+00  3.4104e-01
 2.2763e+00  3.4051e-01
 2.2793e+00  3.3998e-01
 2.2823e+00  3.3944e-01
 2.2853e+00  3.3892e-01
 2.2883e+00  3.3839e-01
 2.2913e+00  3.3787e-01
 2.2943e+00  3.3735e-01
 2.2973e+00  3.3683e-01
 2.3003e+00  3.3631e-01
 2.3033e+00  3.3580e-01
 2.3063e+00  3.3529e-01
 2.3093e+00  3.3478e-01
 2.3123e+00  3.3427e-01
 2.3153e+00  3.3377e-01
 2.3183e+00  3.3327e-01
 2.3213e+00  3.3277e-01
 2.3243e+00  3.3227e-01
 2.3273e+00  3.3177e-01
 2.3303e+00  3.3128e-01
 2.3333e+00  3.3079e-01
 2.3363e+00  3.3030e-01
 2.3393e+00  3.2981e-01
 2.3423e+00  3.2933e-01
 2.3453e+00  3.2885e-01
 2.3483e+00  3.2837e-01
 2.3514e+00  3.2789e-01
 2.3544e+00  3.2741e-01
 2.3574e+00  3.2694e-01
 2.3604e+00  3.2647e-01
 2.3634e+00  3.2600e-01
 2.3664e+00  3.2554e-01
 2.3694e+00  3.2507e-01
 2.3724e+00  3.2461e-01
 2.3754e+00  3.2415e-01
 2.3784e+00  3.2369e-01
 2.3814e+00  3.2323e-01
 2.3844e+00  3.2278e-01
 2.3874e+00  3.2233e-01
 2.3904e+00  3.2188e-01
 2.3934e+00  3.2143e-01
 2.3964e+00  3.2099e-01
 2.3994e+00  3.2054e-01
 2.4024e+00  3.2010e-01
 2.4054e+00  3.1966e-01
 2.4084e+00  3.1923e-01
 2.4114e+00  3.1879e-01
 2.4144e+00  3.1836e-01
 2.4174e+00  3.1793e-01
 2.4204e+00  3.1750e-01
 2.4234e+00  3.1707e-01
 2.4264e+00  3.1664e-01
 2.4294e+00  3.1622e-01
 2.4324e+00  3.1580e-01
 2.4354e+00  3.1538e-01
 2.4384e+00  3.1496e-01
 2.4414e+00  3.1455e-01
 2.4444e+00  3.1413e-01
 2.4474e+00  3.1372e-01
 2.4505e+00  3.1331e-01
 2.4535e+00  3.1290e-01
 2.4565e+00  3.1250e-01
 2.4595e+00  3.1209e-01
 2.4625e+00  3.1169e-01
 2.4655e+00  3.1129e-01
 2.4685e+00  3.1089e-01
 2.4715e+00  3.1050e-01
 2.4745e+00  3.1010e-01
 2.4775e+00  3.0971e-01
 2.4805e+00  3.0932e-01
 2.4835e+00  3.0893e-01
 2.4865e+00  3.0854e-01
 2.4895e+00  3.0815e-01
 2.4925e+00  3.0777e-01
 2.4955e+00  3.0739e-01
 2.4985e+00  3.0701e-01
 2.5015e+00  3.0663e-01
 2.5045e+00  3.0625e-01
 2.5075e+00  3.0588e-01
 2.5105e+00  3.0550e-01
 2.5135e+00  3.0513e-01
 2.5165e+00  3.0476e-01
 2.5195e+00  3.0439e-01
 2.5225e+00  3.0403e-01
 2.5255e+00  3.0366e-01
 2.5285e+00  3.0330e-01
 2.5315e+00  3.0293e-01
 2.5345e+00  3.0257e-01
 2.5375e+00  3.0222e-01
 2.5405e+00  3.0186e-01
 2.5435e+00  3.0150e-01
 2.5465e+00  3.0115e-01
 2.5495e+00  3.0080e-01
 2.5526e+00  3.0045e-01
 2.5556e+00  3.0010e-01
 2.5586e+00  2.9975e-01
 2.5616e+00  2.9941e-01
 2.5646e+00  2.9906e-01
 2.5676e+00  2.9872e-01
 2.5706e+00  2.9838e-01
 2.5736e+00  2.9804e-01
 2.5766e+00  2.9770e-01
 2.5796e+00  2.9736e-01
 2.5826e+00  2.9703e-01
 2.5856e+00  2.9669e-01
 2.5886e+00  2.9636e-01
 2.5916e+00  2.9603e-01
 2.5946e+00  2.9570e-01
 2.5976e+00  2.9537e-01
 2.6006e+00  2.9505e-01
 2.6036e+00  2.9472e-01
 2.6066e+00  2.9440e-01
 2.6096e+00  2.9408e-01
 2.6126e+00  2.9376e-01
 2.6156e+00  2.9344e-01
 2.6186e+00  2.9312e-01
 2.6216e+00  2.9281e-01
 2.6246e+00  2.9249e-01
 2.6276e+00  2.9218e-01
 2.6306e+00  2.9187e-01
 2.6336e+00  2.9156e-01
 2.6366e+00  2.9125e-01
 2.6396e+00  2.9094e-01
 2.6426e+00  2.9063e-01
 2.6456e+00  2.9033e-01
 2.6486e+00  2.9002e-01
 2.6517e+00  2.8972e-01
 2.6547e+00  2.8942e-01
 2.6577e+00  2.8912e-01
 2.6607e+00  2.8882e-01
 2.6637e+00  2.8852e-01
 2.6667e+00  2.8823e-01
 2.6697e+00  2.8793e-01
 2.6727e+00  2.8764e-01
 2.6757e+00  2.8735e-01
 2.6787e+00  2.8706e-01
 2.6817e+00  2.8677e-01
 2.6847e+00  2.8648e-01
 2.6877e+00  2.8619e-01
 2.6907e+00  2.8591e-01
 2.6937e+00  2.8562e-01
 2.6967e+00  2.8534e-01
 2.6997e+00  2.8506e-01
 2.7027e+00  2.8477e-01
 2.7057e+00  2.8450e-01
 2.7087e+00  2.8422e-01
 2.7117e+00  2.8394e-01
 2.7147e+00  2.8366e-01
 2.7177e+00  2.8339e-01
 2.7207e+00  2.8311e-01
 2.7237e+00  2.8284e-01
 2.7267e+00  2.8257e-01
 2.7297e+00  2.8230e-01
 2.7327e+00  2.8203e-01
 2.7357e+00  2.8176e-01
 2.7387e+00  2.8150e-01
 2.7417e+00  2.8123e-01
 2.7447e+00  2.8097e-01
 2.7477e+00  2.8070e-01
 2.7508e+00  2.8044e-01
 2.7538e+00  2.8018e-01
 2.7568e+00  2.7992e-01
 2.7598e+00  2.7966e-01
 2.7628e+00  2.7940e-01
 2.7658e+00  2.7914e-01
 2.7688e+00  2.7889e-01
 2.7718e+00  2.7863e-01
 2.7748e+00  2.7838e-01
 2.7778e+00  2.7813e-01
 2.7808e+00  2.7788e-01
 2.7838e+00  2.7763e-01
 2.7868e+00  2.7738e-01
 2.7898e+00  2.7713e-01
 2.7928e+00  2.7688e-01
 2.7958e+00  2.7663e-01
 2.7988e+00  2.7639e-01
 2.8018e+00  2.7614e-01
 2.8048e+00  2.7590e-01
 2.8078e+00  2.7566e-01
 2.8108e+00  2.7542e-01
 2.8138e+00  2.7518e-01
 2.8168e+00  2.7494e-01
 2.8198e+00  2.7470e-01
 2.8228e+00  2.7446e-01
 2.8258e+00  2.7423e-01
 2.8288e+00  2.7399e-01
 2.8318e+00  2.7376e-01
 2.8348e+00  2.7352e-01
 2.8378e+00  2.7329e-01
 2.8408e+00  2.7306e-01
 2.8438e+00  2.7283e-01
 2.8468e+00  2.7260e-01
 2.8498e+00  2.7237e-01
 2.8529e+00  2.7214e-01
 2.8559e+00  2.7191e-01
 2.8589e+00  2.7169e-01
 2.8619e+00  2.7146e-01
 2.8649e+00  2.7124e-01
 2.8679e+00  2.7102e-01
 2.8709e+00  2.7079e-01
 2.8739e+00  2.7057e-01
 2.8769e+00  2.7035e-01
 2.8799e+00  2.7013e-01
 2.8829e+00  2.6991e-01
 2.8859e+00  2.6969e-01
 2.8889e+00  2.6948e-01
 2.8919e+00  2.6926e-01
 2.8949e+00  2.6905e-01
 2.8979e+00  2.6883e-01
 2.9009e+00  2.6862e-01
 2.9039e+00  2.6840e-01
 2.9069e+00  2.6819e-01
 2.9099e+00  2.6798e-01
 2.9129e+00  2.6777e-01
 2.9159e+00  2.6756e-01
 2.9189e+00  2.6735e-01
 2.9219e+00  2.6714e-01
 2.9249e+00  2.6694e-01
 2.9279e+00  2.6673e-01
 2.9309e+00  2.6653e-01
 2.9339e+00  2.6632e-01
 2.9369e+00  2.6612e-01
 2.9399e+00  2.6591e-01
 2.9429e+00  2.6571e-01
 2.9459e+00  2.6551e-01
 2.9489e+00  2.6531e-01
 2.9520e+00  2.6511e-01
 2.9550e+00  2.6491e-01
 2.9580e+00  2.6471e-01
 2.9610e+00  2.6452e-01
 2.9640e+00  2.6432e-01
 2.9670e+00  2.6412e-01
 2.9700e+00  2.6393e-01
 2.9730e+00  2.6373e-01
 2.9760e+00  2.6354e-01
 2.9790e+00  2.6335e-01
 2.9820e+00  2.6315e-01
 2.9850e+00  2.6296e-01
 2.9880e+00  2.6277e-01
 2.9910e+00  2.6258e-01
 2.9940e+00  2.6239e-01
 2.9970e+00  2.6220e-01
 3.0000e+00  2.6202e-01
