 1.0000e-02  8.8709e-02
 1.0069e-02  8.8571e-02
 1.0139e-02  8.8445e-02
 1.0210e-02  8.8328e-02
 1.0280e-02  8.8220e-02
 1.0352e-02  8.8119e-02
 1.0424e-02  8.8025e-02
 1.0496e-02  8.7938e-02
 1.0569e-02  8.7855e-02
 1.0642e-02  8.7778e-02
 1.0716e-02  8.7705e-02
 1.0790e-02  8.7636e-02
 1.0865e-02  8.7571e-02
 1.0941e-02  8.7510e-02
 1.1016e-02  8.7452e-02
 1.1093e-02  8.7397e-02
 1.1170e-02  8.7344e-02
 1.1247e-02  8.7295e-02
 1.1325e-02  8.7248e-02
 1.1404e-02  8.7203e-02
 1.1483e-02  8.7160e-02
 1.1563e-02  8.7119e-02
 1.1643e-02  8.7080e-02
 1.1724e-02  8.7043e-02
 1.1805e-02  8.7007e-02
 1.1887e-02  8.6974e-02
 1.1970e-02  8.6941e-02
 1.2053e-02  8.6910e-02
 1.2136e-02  8.6880e-02
 1.2220e-02  8.6852e-02
 1.2305e-02  8.6825e-02
 1.2391e-02  8.6798e-02
 1.2477e-02  8.6773e-02
 1.2563e-02  8.6749e-02
 1.2650e-02  8.6726e-02
 1.2738e-02  8.6704e-02
 1.2826e-02  8.6683e-02
 1.2915e-02  8.6662e-02
 1.3005e-02  8.6643e-02
 1.3095e-02  8.6624e-02
 1.3186e-02  8.6606e-02
 1.3278e-02  8.6588e-02
 1.3370e-02  8.6571e-02
 1.3463e-02  8.6555e-02
 1.3556e-02  8.6540e-02
 1.3650e-02  8.6525e-02
 1.3745e-02  8.6510e-02
 1.3840e-02  8.6496e-02
 1.3936e-02  8.6483e-02
 1.4033e-02  8.6470e-02
 1.4130e-02  8.6457e-02
 1.4228e-02  8.6445e-02
 1.4327e-02  8.6434e-02
 1.4426e-02  8.6422e-02
 1.4527e-02  8.6412e-02
 1.4627e-02  8.6401e-02
 1.4729e-02  8.6391e-02
 1.4831e-02  8.6381e-02
 1.4934e-02  8.6372e-02
 1.5038e-02  8.6363e-02
 1.5142e-02  8.6354e-02
 1.5247e-02  8.6346e-02
 1.5353e-02  8.6338e-02
 1.5459e-02  8.6330e-02
 1.5567e-02  8.6322e-02
 1.5675e-02  8.6315e-02
 1.5783e-02  8.6308e-02
 1.5893e-02  8.6301e-02
 1.6003e-02  8.6294e-02
 1.6114e-02  8.6288e-02
 1.6226e-02  8.6281e-02
 1.6339e-02  8.6275e-02
 1.6452e-02  8.6270e-02
 1.6566e-02  8.6264e-02
 1.6681e-02  8.6259e-02
 1.6797e-02  8.6253e-02
 1.6913e-02  8.6248e-02
 1.7031e-02  8.6243e-02
 1.7149e-02  8.6238e-02
 1.7268e-02  8.6234e-02
 1.7388e-02  8.6229e-02
 1.7508e-02  8.6225e-02
 1.7630e-02  8.6221e-02
 1.7752e-02  8.6217e-02
 1.7875e-02  8.6213e-02
 1.7999e-02  8.6209e-02
 1.8124e-02  8.6205e-02
 1.8250e-02  8.6202e-02
 1.8377e-02  8.6198e-02
 1.8504e-02  8.6195e-02
 1.8632e-02  8.6192e-02
 1.8762e-02  8.6189e-02
 1.8892e-02  8.6185e-02
 1.9023e-02  8.6182e-02
 1.9155e-02  8.6180e-02
 1.9288e-02  8.6177e-02
 1.9422e-02  8.6174e-02
 1.9557e-02  8.6172e-02
 1.9692e-02  8.6169e-02
 1.9829e-02  8.6167e-02
 1.9966e-02  8.6164e-02
 2.0105e-02  8.6162e-02
 2.0244e-02  8.6160e-02
 2.0385e-02  8.6157e-02
 2.0526e-02  8.6155e-02
 2.0669e-02  8.6153e-02
 2.0812e-02  8.6151e-02
 2.0957e-02  8.6149e-02
 2.1102e-02  8.6148e-02
 2.1248e-02  8.6146e-02
 2.1396e-02  8.6144e-02
 2.1544e-02  8.6142e-02
 2.1694e-02  8.6141e-02
 2.1844e-02  8.6139e-02
 2.1996e-02  8.6138e-02
 2.2149e-02  8.6136e-02
 2.2302e-02  8.6135e-02
 2.2457e-02  8.6133e-02
 2.2613e-02  8.6132e-02
 2.2770e-02  8.6130e-02
 2.2928e-02  8.6129e-02
 2.3087e-02  8.6128e-02
 2.3247e-02  8.6127e-02
 2.3408e-02  8.6125e-02
 2.3571e-02  8.6124e-02
 2.3734e-02  8.6123e-02
 2.3899e-02  8.6122e-02
 2.4065e-02  8.6121e-02
 2.4232e-02  8.6120e-02
 2.4400e-02  8.6119e-02
 2.4569e-02  8.6118e-02
 2.4740e-02  8.6117e-02
 2.4911e-02  8.6116e-02
 2.5084e-02  8.6115e-02
 2.5258e-02  8.6115e-02
 2.5433e-02  8.6114e-02
 2.5610e-02  8.6113e-02
 2.5788e-02  8.6112e-02
 2.5967e-02  8.6111e-02
 2.6147e-02  8.6111e-02
 2.6328e-02  8.6110e-02
 2.6511e-02  8.6109e-02
 2.6695e-02  8.6109e-02
 2.6880e-02  8.6108e-02
 2.7067e-02  8.6107e-02
 2.7254e-02  8.6107e-02
 2.7443e-02  8.6106e-02
 2.7634e-02  8.6105e-02
 2.7826e-02  8.6105e-02
 2.8019e-02  8.6104e-02
 2.8213e-02  8.6104e-02
 2.8409e-02  8.6103e-02
 2.8606e-02  8.6103e-02
 2.8804e-02  8.6102e-02
 2.9004e-02  8.6102e-02
 2.9206e-02  8.6101e-02
 2.9408e-02  8.6101e-02
 2.9612e-02  8.6101e-02
 2.9818e-02  8.6100e-02
 3.0025e-02  8.6100e-02
 3.0233e-02  8.6099e-02
 3.0443e-02  8.6099e-02
 3.0654e-02  8.6099e-02
 3.0867e-02  8.6098e-02
 3.1081e-02  8.6098e-02
 3.1296e-02  8.6097e-02
 3.1514e-02  8.6097e-02
 3.1732e-02  8.6097e-02
 3.1952e-02  8.6096e-02
 3.2174e-02  8.6096e-02
 3.2397e-02  8.6096e-02
 3.2622e-02  8.6096e-02
 3.2849e-02  8.6095e-02
 3.3076e-02  8.6095e-02
 3.3306e-02  8.6095e-02
 3.3537e-02  8.6095e-02
 3.3770e-02  8.6094e-02
 3.4004e-02  8.6094e-02
 3.4240e-02  8.6094e-02
 3.4478e-02  8.6094e-02
 3.4717e-02  8.6093e-02
 3.4958e-02  8.6093e-02
 3.5200e-02  8.6093e-02
 3.5445e-02  8.6093e-02
 3.5690e-02  8.6092e-02
 3.5938e-02  8.6092e-02
 3.6187e-02  8.6092e-02
 3.6439e-02  8.6092e-02
 3.6691e-02  8.6092e-02
 3.6946e-02  8.6092e-02
 3.7202e-02  8.6091e-02
 3.7461e-02  8.6091e-02
 3.7720e-02  8.6091e-02
 3.7982e-02  8.6091e-02
 3.8246e-02  8.6091e-02
 3.8511e-02  8.6091e-02
 3.8778e-02  8.6090e-02
 3.9047e-02  8.6090e-02
 3.9318e-02  8.6090e-02
 3.9591e-02  8.6090e-02
 3.9866e-02  8.6090e-02
 4.0142e-02  8.6090e-02
 4.0421e-02  8.6090e-02
 4.0701e-02  8.6090e-02
 4.0984e-02  8.6089e-02
 4.1268e-02  8.6089e-02
 4.1555e-02  8.6089e-02
 4.1843e-02  8.6089e-02
 4.2133e-02  8.6089e-02
 4.2426e-02  8.6089e-02
 4.2720e-02  8.6089e-02
 4.3016e-02  8.6089e-02
 4.3315e-02  8.6089e-02
 4.3615e-02  8.6089e-02
 4.3918e-02  8.6088e-02
 4.4223e-02  8.6088e-02
 4.4530e-02  8.6088e-02
 4.4839e-02  8.6088e-02
 4.5150e-02  8.6088e-02
 4.5463e-02  8.6088e-02
 4.5778e-02  8.6088e-02
 4.6096e-02  8.6088e-02
 4.6416e-02  8.6088e-02
 4.6738e-02  8.6088e-02
 4.7062e-02  8.6088e-02
 4.7389e-02  8.6088e-02
 4.7718e-02  8.6088e-02
 4.8049e-02  8.6088e-02
 4.8382e-02  8.6088e-02
 4.8718e-02  8.6087e-02
 4.9056e-02  8.6087e-02
 4.9396e-02  8.6087e-02
 4.9739e-02  8.6087e-02
 5.0084e-02  8.6087e-02
 5.0432e-02  8.6087e-02
 5.0782e-02  8.6087e-02
 5.1134e-02  8.6087e-02
 5.1489e-02  8.6087e-02
 5.1846e-02  8.6087e-02
 5.2206e-02  8.6087e-02
 5.2568e-02  8.6087e-02
 5.2933e-02  8.6087e-02
 5.3300e-02  8.6087e-02
 5.3670e-02  8.6087e-02
 5.4042e-02  8.6087e-02
 5.4417e-02  8.6087e-02
 5.4795e-02  8.6087e-02
 5.5175e-02  8.6087e-02
 5.5558e-02  8.6087e-02
 5.5943e-02  8.6087e-02
 5.6331e-02  8.6087e-02
 5.6722e-02  8.6087e-02
 5.7116e-02  8.6087e-02
 5.7512e-02  8.6087e-02
 5.7911e-02  8.6086e-02
 5.8313e-02  8.6086e-02
 5.8718e-02  8.6086e-02
 5.9125e-02  8.6086e-02
 5.9535e-02  8.6086e-02
 5.9948e-02  8.6086e-02
 6.0364e-02  8.6086e-02
 6.0783e-02  8.6086e-02
 6.1205e-02  8.6086e-02
 6.1630e-02  8.6086e-02
 6.2057e-02  8.6086e-02
 6.2488e-02  8.6086e-02
 6.2921e-02  8.6086e-02
 6.3358e-02  8.6086e-02
 6.3798e-02  8.6086e-02
 6.4240e-02  8.6086e-02
 6.4686e-02  8.6086e-02
 6.5135e-02  8.6086e-02
 6.5587e-02  8.6086e-02
 6.6042e-02  8.6086e-02
 6.6500e-02  8.6086e-02
 6.6962e-02  8.6086e-02
 6.7426e-02  8.6086e-02
 6.7894e-02  8.6086e-02
 6.8365e-02  8.6086e-02
 6.8840e-02  8.6086e-02
 6.9317e-02  8.6086e-02
 6.9798e-02  8.6086e-02
 7.0282e-02  8.6086e-02
 7.0770e-02  8.6086e-02
 7.1261e-02  8.6086e-02
 7.1756e-02  8.6086e-02
 7.2253e-02  8.6086e-02
 7.2755e-02  8.6086e-02
 7.3260e-02  8.6086e-02
 7.3768e-02  8.6086e-02
 7.4280e-02  8.6086e-02
 7.4795e-02  8.6086e-02
 7.5314e-02  8.6086e-02
 7.5837e-02  8.6086e-02
 7.6363e-02  8.6086e-02
 7.6893e-02  8.6086e-02
 7.7426e-02  8.6086e-02
 7.7964e-02  8.6086e-02
 7.8505e-02  8.6086e-02
 7.9049e-02  8.6086e-02
 7.9598e-02  8.6086e-02
 8.0150e-02  8.6086e-02
 8.0706e-02  8.6086e-02
 8.1266e-02  8.6086e-02
 8.1830e-02  8.6086e-02
 8.2398e-02  8.6086e-02
 8.2970e-02  8.6086e-02
 8.3545e-02  8.6086e-02
 8.4125e-02  8.6086e-02
 8.4709e-02  8.6086e-02
 8.5296e-02  8.6086e-02
 8.5888e-02  8.6086e-02
 8.6484e-02  8.6086e-02
 8.7084e-02  8.6086e-02
 8.7689e-02  8.6086e-02
 8.8297e-02  8.6086e-02
 8.8910e-02  8.6086e-02
 8.9527e-02  8.6086e-02
 9.0148e-02  8.6086e-02
 9.0773e-02  8.6086e-02
 9.1403e-02  8.6086e-02
 9.2037e-02  8.6086e-02
 9.2676e-02  8.6086e-02
 9.3319e-02  8.6086e-02
 9.3966e-02  8.6086e-02
 9.4618e-02  8.6086e-02
 9.5275e-02  8.6086e-02
 9.5936e-02  8.6086e-02
 9.6602e-02  8.6086e-02
 9.7272e-02  8.6086e-02
 9.7947e-02  8.6086e-02
 9.8627e-02  8.6086e-02
 9.9311e-02  8.6086e-02
 1.0000e-01  8.6086e-02
 1.0069e-01  8.6086e-02
 1.0139e-01  8.6086e-02
 1.0210e-01  8.6086e-02
 1.0280e-01  8.6086e-02
 1.0352e-01  8.6086e-02
 1.0424e-01  8.6086e-02
 1.0496e-01  8.6086e-02
 1.0569e-01  8.6086e-02
 1.0642e-01  8.6086e-02
 1.0716e-01  8.6086e-02
 1.0790e-01  8.6086e-02
 1.0865e-01  8.6086e-02
 1.0941e-01  8.6086e-02
 1.1016e-01  8.6086e-02
 1.1093e-01  8.6086e-02
 1.1170e-01  8.6086e-02
 1.1247e-01  8.6086e-02
 1.1325e-01  8.6086e-02
 1.1404e-01  8.6086e-02
 1.1483e-01  8.6086e-02
 1.1563e-01  8.6086e-02
 1.1643e-01  8.6086e-02
 1.1724e-01  8.6086e-02
 1.1805e-01  8.6086e-02
 1.1887e-01  8.6086e-02
 1.1970e-01  8.6086e-02
 1.2053e-01  8.6086e-02
 1.2136e-01  8.6086e-02
 1.2220e-01  8.6086e-02
 1.2305e-01  8.6086e-02
 1.2391e-01  8.6086e-02
 1.2477e-01  8.6086e-02
 1.2563e-01  8.6086e-02
 1.2650e-01  8.6086e-02
 1.2738e-01  8.6086e-02
 1.2826e-01  8.6086e-02
 1.2915e-01  8.6086e-02
 1.3005e-01  8.6086e-02
 1.3095e-01  8.6086e-02
 1.3186e-01  8.6086e-02
 1.3278e-01  8.6086e-02
 1.3370e-01  8.6086e-02
 1.3463e-01  8.6086e-02
 1.3556e-01  8.6086e-02
 1.3650e-01  8.6086e-02
 1.3745e-01  8.6086e-02
 1.3840e-01  8.6086e-02
 1.3936e-01  8.6086e-02
 1.4033e-01  8.6086e-02
 1.4130e-01  8.6086e-02
 1.4228e-01  8.6086e-02
 1.4327e-01  8.6086e-02
 1.4426e-01  8.6086e-02
 1.4527e-01  8.6086e-02
 1.4627e-01  8.6086e-02
 1.4729e-01  8.6086e-02
 1.4831e-01  8.6086e-02
 1.4934e-01  8.6086e-02
 1.5038e-01  8.6086e-02
 1.5142e-01  8.6086e-02
 1.5247e-01  8.6086e-02
 1.5353e-01  8.6086e-02
 1.5459e-01  8.6086e-02
 1.5567e-01  8.6086e-02
 1.5675e-01  8.6086e-02
 1.5783e-01  8.6086e-02
 1.5893e-01  8.6086e-02
 1.6003e-01  8.6086e-02
 1.6114e-01  8.6086e-02
 1.6226e-01  8.6086e-02
 1.6339e-01  8.6086e-02
 1.6452e-01  8.6086e-02
 1.6566e-01  8.6086e-02
 1.6681e-01  8.6086e-02
 1.6797e-01  8.6086e-02
 1.6913e-01  8.6086e-02
 1.7031e-01  8.6086e-02
 1.7149e-01  8.6086e-02
 1.7268e-01  8.6086e-02
 1.7388e-01  8.6086e-02
 1.7508e-01  8.6086e-02
 1.7630e-01  8.6085e-02
 1.7752e-01  8.6085e-02
 1.7875e-01  8.6085e-02
 1.7999e-01  8.6085e-02
 1.8124e-01  8.6085e-02
 1.8250e-01  8.6085e-02
 1.8377e-01  8.6085e-02
 1.8504e-01  8.6085e-02
 1.8632e-01  8.6085e-02
 1.8762e-01  8.5064e-02
 1.8892e-01  8.4468e-02
 1.9023e-01  8.4058e-02
 1.9155e-01  8.3732e-02
 1.9288e-01  8.3457e-02
 1.9422e-01  8.3218e-02
 1.9557e-01  8.3005e-02
 1.9692e-01  8.2814e-02
 1.9829e-01  8.2640e-02
 1.9966e-01  8.2481e-02
 2.0105e-01  8.2333e-02
 2.0244e-01  8.2197e-02
 2.0385e-01  8.2069e-02
 2.0526e-01  8.1950e-02
 2.0669e-01  8.1839e-02
 2.0812e-01  8.1734e-02
 2.0957e-01  8.1634e-02
 2.1102e-01  8.1541e-02
 2.1248e-01  7.8453e-02
 2.1396e-01  7.6988e-02
 2.1544e-01  7.5946e-02
 2.1694e-01  7.5110e-02
 2.1844e-01  7.4405e-02
 2.1996e-01  7.3791e-02
 2.2149e-01  7.3248e-02
 2.2302e-01  7.2759e-02
 2.2457e-01  7.2315e-02
 2.2613e-01  7.1909e-02
 2.2770e-01  7.1536e-02
 2.2928e-01  7.1190e-02
 2.3087e-01  7.0868e-02
 2.3247e-01  7.0568e-02
 2.3408e-01  7.0287e-02
 2.3571e-01  7.0024e-02
 2.3734e-01  6.9776e-02
 2.3899e-01  6.9543e-02
 2.4065e-01  6.9322e-02
 2.4232e-01  6.9113e-02
 2.4400e-01  6.8915e-02
 2.4569e-01  6.8728e-02
 2.4740e-01  6.8549e-02
 2.4911e-01  6.8380e-02
 2.5084e-01  6.8218e-02
 2.5258e-01  6.8064e-02
 2.5433e-01  6.7918e-02
 2.5610e-01  6.7777e-02
 2.5788e-01  6.7643e-02
 2.5967e-01  6.7515e-02
 2.6147e-01  6.7393e-02
 2.6328e-01  6.7275e-02
 2.6511e-01  6.7163e-02
 2.6695e-01  6.7055e-02
 2.6880e-01  6.6952e-02
 2.7067e-01  6.6852e-02
 2.7254e-01  6.6757e-02
 2.7443e-01  6.6666e-02
 2.7634e-01  6.6578e-02
 2.7826e-01  6.6493e-02
 2.8019e-01  6.6412e-02
 2.8213e-01  6.6334e-02
 2.8409e-01  6.6258e-02
 2.8606e-01  6.6186e-02
 2.8804e-01  6.6116e-02
 2.9004e-01  6.6049e-02
 2.9206e-01  6.5984e-02
 2.9408e-01  6.5921e-02
 2.9612e-01  6.5861e-02
 2.9818e-01  6.5803e-02
 3.0025e-01  6.5747e-02
 3.0233e-01  6.5693e-02
 3.0443e-01  6.5641e-02
 3.0654e-01  6.5590e-02
 3.0867e-01  6.5542e-02
 3.1081e-01  6.5495e-02
 3.1296e-01  6.5449e-02
 3.1514e-01  6.5406e-02
 3.1732e-01  6.5363e-02
 3.1952e-01  6.5322e-02
 3.2174e-01  6.5283e-02
 3.2397e-01  6.5244e-02
 3.2622e-01  6.5208e-02
 3.2849e-01  6.5172e-02
 3.3076e-01  6.5137e-02
 3.3306e-01  6.5104e-02
 3.3537e-01  6.5071e-02
 3.3770e-01  6.5040e-02
 3.4004e-01  6.5010e-02
 3.4240e-01  6.4980e-02
 3.4478e-01  6.4952e-02
 3.4717e-01  6.4924e-02
 3.4958e-01  6.4898e-02
 3.5200e-01  6.4872e-02
 3.5445e-01  6.4847e-02
 3.5690e-01  6.4823e-02
 3.5938e-01  6.4799e-02
 3.6187e-01  6.4777e-02
 3.6439e-01  6.4755e-02
 3.6691e-01  6.4734e-02
 3.6946e-01  6.4713e-02
 3.7202e-01  6.4693e-02
 3.7461e-01  6.4674e-02
 3.7720e-01  6.4655e-02
 3.7982e-01  6.4637e-02
 3.8246e-01  6.4619e-02
 3.8511e-01  6.4602e-02
 3.8778e-01  6.4585e-02
 3.9047e-01  6.4569e-02
 3.9318e-01  6.4554e-02
 3.9591e-01  6.4538e-02
 3.9866e-01  6.4524e-02
 4.0142e-01  6.4510e-02
 4.0421e-01  6.4496e-02
 4.0701e-01  6.4482e-02
 4.0984e-01  6.4469e-02
 4.1268e-01  6.4457e-02
 4.1555e-01  6.4445e-02
 4.1843e-01  6.4433e-02
 4.2133e-01  6.4421e-02
 4.2426e-01  6.4410e-02
 4.2720e-01  6.4399e-02
 4.3016e-01  6.4389e-02
 4.3315e-01  6.4379e-02
 4.3615e-01  6.4369e-02
 4.3918e-01  6.4359e-02
 4.4223e-01  6.4350e-02
 4.4530e-01  6.4341e-02
 4.4839e-01  6.4332e-02
 4.5150e-01  6.4323e-02
 4.5463e-01  6.4315e-02
 4.5778e-01  6.4307e-02
 4.6096e-01  6.4299e-02
 4.6416e-01  6.4291e-02
 4.6738e-01  6.4284e-02
 4.7062e-01  6.4277e-02
 4.7389e-01  6.4270e-02
 4.7718e-01  6.4263e-02
 4.8049e-01  6.4256e-02
 4.8382e-01  6.4250e-02
 4.8718e-01  6.4243e-02
 4.9056e-01  6.4237e-02
 4.9396e-01  6.4231e-02
 4.9739e-01  6.4226e-02
 5.0084e-01  6.4220e-02
 5.0432e-01  6.4214e-02
 5.0782e-01  6.4209e-02
 5.1134e-01  6.4204e-02
 5.1489e-01  6.4199e-02
 5.1846e-01  6.4194e-02
 5.2206e-01  6.4189e-02
 5.2568e-01  6.4184e-02
 5.2933e-01  6.4179e-02
 5.3300e-01  6.4174e-02
 5.3670e-01  6.4170e-02
 5.4042e-01  6.4165e-02
 5.4417e-01  6.4161e-02
 5.4795e-01  6.4156e-02
 5.5175e-01  6.4152e-02
 5.5558e-01  6.4148e-02
 5.5943e-01  6.4144e-02
 5.6331e-01  6.4139e-02
 5.6722e-01  6.4135e-02
 5.7116e-01  6.4131e-02
 5.7512e-01  6.4127e-02
 5.7911e-01  6.4122e-02
 5.8313e-01  6.4118e-02
 5.8718e-01  6.4113e-02
 5.9125e-01  6.4109e-02
 5.9535e-01  6.4104e-02
 5.9948e-01  6.4100e-02
 6.0364e-01  6.4094e-02
 6.0783e-01  6.4089e-02
 6.1205e-01  6.4084e-02
 6.1630e-01  6.4078e-02
 6.2057e-01  6.4072e-02
 6.2488e-01  6.4065e-02
 6.2921e-01  6.4058e-02
 6.3358e-01  6.4051e-02
 6.3798e-01  6.4042e-02
 6.4240e-01  6.4033e-02
 6.4686e-01  6.4023e-02
 6.5135e-01  6.4011e-02
 6.5587e-01  6.3999e-02
 6.6042e-01  6.3984e-02
 6.6500e-01  6.3968e-02
 6.6962e-01  6.3949e-02
 6.7426e-01  6.3927e-02
 6.7894e-01  6.3902e-02
 6.8365e-01  6.3872e-02
 6.8840e-01  6.3837e-02
 6.9317e-01  6.3795e-02
 6.9798e-01  6.3744e-02
 7.0282e-01  6.3682e-02
 7.0770e-01  6.3606e-02
 7.1261e-01  6.3510e-02
 7.1756e-01  6.3388e-02
 7.2253e-01  6.3231e-02
 7.2755e-01  6.3023e-02
 7.3260e-01  6.2743e-02
 7.3768e-01  6.2356e-02
 7.4280e-01  6.1803e-02
 7.4795e-01  6.0980e-02
 7.5314e-01  5.9697e-02
 7.5837e-01  5.7578e-02
 7.6363e-01  5.3829e-02
 7.6893e-01  4.6739e-02
 7.7426e-01  3.3273e-02
 7.7964e-01  1.5231e-02
 7.8505e-01  1.3902e-02
 7.9049e-01  2.9239e-02
 7.9598e-01  4.2065e-02
 8.0150e-01  4.9539e-02
 8.0706e-01  5.3684e-02
 8.1266e-01  5.6209e-02
 8.1830e-01  5.7843e-02
 8.2398e-01  5.8959e-02
 8.2970e-01  5.9755e-02
 8.3545e-01  6.0345e-02
 8.4125e-01  6.0796e-02
 8.4709e-01  6.1150e-02
 8.5296e-01  6.1433e-02
 8.5888e-01  6.1665e-02
 8.6484e-01  6.1857e-02
 8.7084e-01  6.2018e-02
 8.7689e-01  6.2155e-02
 8.8297e-01  6.2271e-02
 8.8910e-01  6.2371e-02
 8.9527e-01  6.2444e-02
 9.0148e-01  6.2488e-02
 9.0773e-01  6.2527e-02
 9.1403e-01  6.2561e-02
 9.2037e-01  6.2590e-02
 9.2676e-01  6.2615e-02
 9.3319e-01  6.2637e-02
 9.3966e-01  6.2658e-02
 9.4618e-01  6.2680e-02
 9.5275e-01  6.2704e-02
 9.5936e-01  6.2733e-02
 9.6602e-01  6.2771e-02
 9.7272e-01  6.2826e-02
 9.7947e-01  6.2905e-02
 9.8627e-01  6.3026e-02
 9.9311e-01  6.2849e-02
 1.0000e+00  6.2647e-02
 1.0069e+00  6.0373e-02
 1.0139e+00  4.2775e-02
 1.0210e+00  1.5177e-02
 1.0280e+00  4.1816e-02
 1.0352e+00  5.0816e-02
 1.0424e+00  5.4250e-02
 1.0496e+00  5.5895e-02
 1.0569e+00  5.6785e-02
 1.0642e+00  5.7294e-02
 1.0716e+00  5.7589e-02
 1.0790e+00  5.7760e-02
 1.0865e+00  5.7864e-02
 1.0941e+00  5.7943e-02
 1.1016e+00  5.8012e-02
 1.1093e+00  5.8075e-02
 1.1170e+00  5.8131e-02
 1.1247e+00  5.8177e-02
 1.1325e+00  5.8205e-02
 1.1404e+00  5.8208e-02
 1.1483e+00  5.8182e-02
 1.1563e+00  5.8132e-02
 1.1643e+00  5.8063e-02
 1.1724e+00  5.7982e-02
 1.1805e+00  5.7894e-02
 1.1887e+00  5.7806e-02
 1.1970e+00  5.7723e-02
 1.2053e+00  5.7645e-02
 1.2136e+00  5.7570e-02
 1.2220e+00  5.7497e-02
 1.2305e+00  5.7424e-02
 1.2391e+00  5.7349e-02
 1.2477e+00  5.7271e-02
 1.2563e+00  5.7193e-02
 1.2650e+00  5.7120e-02
 1.2738e+00  5.7056e-02
 1.2826e+00  5.7006e-02
 1.2915e+00  5.6976e-02
 1.3005e+00  5.6968e-02
 1.3095e+00  5.6981e-02
 1.3186e+00  5.7012e-02
 1.3278e+00  5.7056e-02
 1.3370e+00  5.7108e-02
 1.3463e+00  5.7164e-02
 1.3556e+00  5.7223e-02
 1.3650e+00  5.7287e-02
 1.3745e+00  5.7356e-02
 1.3840e+00  5.7434e-02
 1.3936e+00  5.7520e-02
 1.4033e+00  5.7595e-02
 1.4130e+00  5.7653e-02
 1.4228e+00  5.7709e-02
 1.4327e+00  5.7767e-02
 1.4426e+00  5.7825e-02
 1.4527e+00  5.7885e-02
 1.4627e+00  5.7945e-02
 1.4729e+00  5.7991e-02
 1.4831e+00  5.8137e-02
 1.4934e+00  5.8104e-02
 1.5038e+00  5.8023e-02
 1.5142e+00  5.7893e-02
 1.5247e+00  5.7654e-02
 1.5353e+00  5.7371e-02
 1.5459e+00  5.7065e-02
 1.5567e+00  5.6756e-02
 1.5675e+00  5.6465e-02
 1.5783e+00  5.6211e-02
 1.5893e+00  5.6016e-02
 1.6003e+00  5.5906e-02
 1.6114e+00  5.5901e-02
 1.6226e+00  5.5998e-02
 1.6339e+00  5.6183e-02
 1.6452e+00  5.6244e-02
 1.6566e+00  5.6289e-02
 1.6681e+00  5.6335e-02
 1.6797e+00  5.6385e-02
 1.6913e+00  5.6447e-02
 1.7031e+00  5.6541e-02
 1.7149e+00  5.6613e-02
 1.7268e+00  5.6613e-02
 1.7388e+00  5.6613e-02
 1.7508e+00  5.6613e-02
 1.7630e+00  5.6613e-02
 1.7752e+00  5.6613e-02
 1.7875e+00  5.6613e-02
 1.7999e+00  5.6613e-02
 1.8124e+00  5.6613e-02
 1.8250e+00  5.6613e-02
 1.8377e+00  5.6613e-02
 1.8504e+00  5.6613e-02
 1.8632e+00  5.6613e-02
 1.8762e+00  5.6613e-02
 1.8892e+00  5.6613e-02
 1.9023e+00  5.6613e-02
 1.9155e+00  5.6613e-02
 1.9288e+00  5.6613e-02
 1.9422e+00  5.6613e-02
 1.9557e+00  5.6613e-02
 1.9692e+00  5.6613e-02
 1.9829e+00  5.6613e-02
 1.9966e+00  5.6613e-02
 2.0105e+00  5.6613e-02
 2.0244e+00  5.6613e-02
 2.0385e+00  5.6613e-02
 2.0526e+00  5.6613e-02
 2.0669e+00  5.6613e-02
 2.0812e+00  5.6613e-02
 2.0957e+00  5.6613e-02
 2.1102e+00  5.6613e-02
 2.1248e+00  5.6613e-02
 2.1396e+00  5.6613e-02
 2.1544e+00  5.6613e-02
 2.1694e+00  5.6613e-02
 2.1844e+00  5.6613e-02
 2.1996e+00  5.6613e-02
 2.2149e+00  5.6613e-02
 2.2302e+00  5.6613e-02
 2.2457e+00  5.6613e-02
 2.2613e+00  5.6613e-02
 2.2770e+00  5.6613e-02
 2.2928e+00  5.6613e-02
 2.3087e+00  5.6613e-02
 2.3247e+00  5.6613e-02
 2.3408e+00  5.6613e-02
 2.3571e+00  5.6613e-02
 2.3734e+00  5.6613e-02
 2.3899e+00  5.6613e-02
 2.4065e+00  5.6613e-02
 2.4232e+00  5.6613e-02
 2.4400e+00  5.6613e-02
 2.4569e+00  5.6613e-02
 2.4740e+00  5.6613e-02
 2.4911e+00  5.6613e-02
 2.5084e+00  5.6613e-02
 2.5258e+00  5.6613e-02
 2.5433e+00  5.6367e-02
 2.5610e+00  5.6008e-02
 2.5788e+00  5.5802e-02
 2.5967e+00  5.5645e-02
 2.6147e+00  5.5515e-02
 2.6328e+00  5.5403e-02
 2.6511e+00  5.5304e-02
 2.6695e+00  5.5216e-02
 2.6880e+00  5.5135e-02
 2.7067e+00  5.5062e-02
 2.7254e+00  5.4994e-02
 2.7443e+00  5.4931e-02
 2.7634e+00  5.4872e-02
 2.7826e+00  5.4817e-02
 2.8019e+00  5.4766e-02
 2.8213e+00  5.4718e-02
 2.8409e+00  5.4672e-02
 2.8606e+00  5.4629e-02
 2.8804e+00  5.4589e-02
 2.9004e+00  5.4550e-02
 2.9206e+00  5.4513e-02
 2.9408e+00  5.4478e-02
 2.9612e+00  5.4445e-02
 2.9818e+00  5.4414e-02
 3.0025e+00  5.4383e-02
 3.0233e+00  5.4355e-02
 3.0443e+00  5.4327e-02
 3.0654e+00  5.4301e-02
 3.0867e+00  5.4276e-02
 3.1081e+00  5.4251e-02
 3.1296e+00  5.4228e-02
 3.1514e+00  5.4206e-02
 3.1732e+00  5.4185e-02
 3.1952e+00  5.4164e-02
 3.2174e+00  5.4145e-02
 3.2397e+00  5.4126e-02
 3.2622e+00  5.4108e-02
 3.2849e+00  5.4090e-02
 3.3076e+00  5.4074e-02
 3.3306e+00  5.4057e-02
 3.3537e+00  5.4042e-02
 3.3770e+00  5.4027e-02
 3.4004e+00  5.4012e-02
 3.4240e+00  5.3998e-02
 3.4478e+00  5.3985e-02
 3.4717e+00  5.3972e-02
 3.4958e+00  5.3960e-02
 3.5200e+00  5.3948e-02
 3.5445e+00  5.3936e-02
 3.5690e+00  5.2743e-02
 3.5938e+00  5.2047e-02
 3.6187e+00  5.1571e-02
 3.6439e+00  5.1194e-02
 3.6691e+00  5.0877e-02
 3.6946e+00  5.0603e-02
 3.7202e+00  5.0359e-02
 3.7461e+00  5.0141e-02
 3.7720e+00  4.9942e-02
 3.7982e+00  4.9761e-02
 3.8246e+00  4.9593e-02
 3.8511e+00  4.9438e-02
 3.8778e+00  4.9294e-02
 3.9047e+00  4.9159e-02
 3.9318e+00  4.9033e-02
 3.9591e+00  4.8914e-02
 3.9866e+00  4.8802e-02
 4.0142e+00  4.8697e-02
 4.0421e+00  4.8597e-02
 4.0701e+00  4.8503e-02
 4.0984e+00  4.8413e-02
 4.1268e+00  4.8328e-02
 4.1555e+00  4.8247e-02
 4.1843e+00  4.8170e-02
 4.2133e+00  4.8096e-02
 4.2426e+00  4.8026e-02
 4.2720e+00  4.7959e-02
 4.3016e+00  4.7895e-02
 4.3315e+00  4.7834e-02
 4.3615e+00  4.7775e-02
 4.3918e+00  4.7719e-02
 4.4223e+00  4.7665e-02
 4.4530e+00  4.7614e-02
 4.4839e+00  4.7564e-02
 4.5150e+00  4.7517e-02
 4.5463e+00  4.7471e-02
 4.5778e+00  4.7427e-02
 4.6096e+00  4.7385e-02
 4.6416e+00  4.7345e-02
 4.6738e+00  4.7306e-02
 4.7062e+00  4.7268e-02
 4.7389e+00  4.7232e-02
 4.7718e+00  4.7197e-02
 4.8049e+00  4.7164e-02
 4.8382e+00  4.7131e-02
 4.8718e+00  4.7100e-02
 4.9056e+00  4.7070e-02
 4.9396e+00  4.7041e-02
 4.9739e+00  4.7013e-02
 5.0084e+00  4.6986e-02
 5.0432e+00  4.6960e-02
 5.0782e+00  4.6935e-02
 5.1134e+00  4.6911e-02
 5.1489e+00  4.6888e-02
 5.1846e+00  4.6865e-02
 5.2206e+00  4.6843e-02
 5.2568e+00  4.6822e-02
 5.2933e+00  4.6802e-02
 5.3300e+00  4.6782e-02
 5.3670e+00  4.6763e-02
 5.4042e+00  4.6744e-02
 5.4417e+00  4.6727e-02
 5.4795e+00  4.6709e-02
 5.5175e+00  4.6693e-02
 5.5558e+00  4.6677e-02
 5.5943e+00  4.6661e-02
 5.6331e+00  4.6646e-02
 5.6722e+00  4.6631e-02
 5.7116e+00  4.6617e-02
 5.7512e+00  4.6603e-02
 5.7911e+00  4.6590e-02
 5.8313e+00  4.6577e-02
 5.8718e+00  4.6565e-02
 5.9125e+00  4.6553e-02
 5.9535e+00  4.6541e-02
 5.9948e+00  4.6530e-02
 6.0364e+00  4.6519e-02
 6.0783e+00  4.6508e-02
 6.1205e+00  4.6498e-02
 6.1630e+00  4.6488e-02
 6.2057e+00  4.6478e-02
 6.2488e+00  4.6469e-02
 6.2921e+00  4.6460e-02
 6.3358e+00  4.6451e-02
 6.3798e+00  4.6443e-02
 6.4240e+00  4.6434e-02
 6.4686e+00  4.6426e-02
 6.5135e+00  4.6418e-02
 6.5587e+00  4.6411e-02
 6.6042e+00  4.6404e-02
 6.6500e+00  4.6397e-02
 6.6962e+00  4.6390e-02
 6.7426e+00  4.6383e-02
 6.7894e+00  4.6377e-02
 6.8365e+00  4.6370e-02
 6.8840e+00  4.6364e-02
 6.9317e+00  4.6358e-02
 6.9798e+00  4.6353e-02
 7.0282e+00  4.6347e-02
 7.0770e+00  4.6342e-02
 7.1261e+00  4.6336e-02
 7.1756e+00  4.6331e-02
 7.2253e+00  4.6326e-02
 7.2755e+00  4.6322e-02
 7.3260e+00  4.6317e-02
 7.3768e+00  4.6312e-02
 7.4280e+00  4.6308e-02
 7.4795e+00  4.6304e-02
 7.5314e+00  4.6300e-02
 7.5837e+00  4.6296e-02
 7.6363e+00  4.6292e-02
 7.6893e+00  4.6288e-02
 7.7426e+00  4.6284e-02
 7.7964e+00  4.6281e-02
 7.8505e+00  4.6277e-02
 7.9049e+00  4.6274e-02
 7.9598e+00  4.6271e-02
 8.0150e+00  4.6268e-02
 8.0706e+00  4.6265e-02
 8.1266e+00  4.6262e-02
 8.1830e+00  4.6259e-02
 8.2398e+00  4.6256e-02
 8.2970e+00  4.6253e-02
 8.3545e+00  4.6251e-02
 8.4125e+00  4.5894e-02
 8.4709e+00  4.5738e-02
 8.5296e+00  4.5623e-02
 8.5888e+00  4.5529e-02
 8.6484e+00  4.5449e-02
 8.7084e+00  4.5378e-02
 8.7689e+00  4.5314e-02
 8.8297e+00  4.5257e-02
 8.8910e+00  4.5204e-02
 8.9527e+00  4.5156e-02
 9.0148e+00  4.5110e-02
 9.0773e+00  4.5068e-02
 9.1403e+00  4.5029e-02
 9.2037e+00  4.4992e-02
 9.2676e+00  4.4957e-02
 9.3319e+00  4.4924e-02
 9.3966e+00  4.4893e-02
 9.4618e+00  4.4864e-02
 9.5275e+00  4.4836e-02
 9.5936e+00  4.4810e-02
 9.6602e+00  4.4784e-02
 9.7272e+00  4.4760e-02
 9.7947e+00  4.4737e-02
 9.8627e+00  4.4716e-02
 9.9311e+00  4.4695e-02
 1.0000e+01  4.4675e-02
