 1.0000e-02  0.0000e+00
 2.0000e-02  0.0000e+00
 3.0000e-02  0.0000e+00
 4.0000e-02  0.0000e+00
 5.0000e-02  0.0000e+00
 6.0000e-02  0.0000e+00
 7.0000e-02  0.0000e+00
 8.0000e-02  0.0000e+00
 9.0000e-02  0.0000e+00
 1.0000e-01  0.0000e+00
 1.1000e-01  0.0000e+00
 1.2000e-01  0.0000e+00
 1.3000e-01  0.0000e+00
 1.4000e-01  0.0000e+00
 1.5000e-01  0.0000e+00
 1.6000e-01  0.0000e+00
 1.7000e-01  0.0000e+00
 1.8000e-01  0.0000e+00
 1.9000e-01  0.0000e+00
 2.0000e-01  0.0000e+00
 2.1000e-01  0.0000e+00
 2.2000e-01  9.2235e-02
 2.3000e-01  1.2307e-01
 2.4000e-01  1.4123e-01
 2.5000e-01  1.5348e-01
 2.6000e-01  1.6231e-01
 2.7000e-01  1.6893e-01
 2.8000e-01  1.7405e-01
 2.9000e-01  1.7808e-01
 3.0000e-01  1.8132e-01
 3.1000e-01  1.8395e-01
 3.2000e-01  1.8611e-01
 3.3000e-01  1.8791e-01
 3.4000e-01  1.8941e-01
 3.5000e-01  1.9068e-01
 3.6000e-01  1.9176e-01
 3.7000e-01  1.9269e-01
 3.8000e-01  1.9348e-01
 3.9000e-01  1.9417e-01
 4.0000e-01  1.9477e-01
 4.1000e-01  1.9529e-01
 4.2000e-01  1.9575e-01
 4.3000e-01  1.9615e-01
 4.4000e-01  1.9650e-01
 4.5000e-01  1.9682e-01
 4.6000e-01  1.9709e-01
 4.7000e-01  1.9734e-01
 4.8000e-01  1.9756e-01
 4.9000e-01  1.9776e-01
 5.0000e-01  1.9793e-01
 5.1000e-01  1.9809e-01
 5.2000e-01  1.9823e-01
 5.3000e-01  1.9836e-01
 5.4000e-01  1.9847e-01
 5.5000e-01  1.9856e-01
 5.6000e-01  1.9865e-01
 5.7000e-01  1.9872e-01
 5.8000e-01  1.9878e-01
 5.9000e-01  1.9883e-01
 6.0000e-01  1.9887e-01
 6.1000e-01  1.9889e-01
 6.2000e-01  1.9889e-01
 6.3000e-01  1.9888e-01
 6.4000e-01  1.9883e-01
 6.5000e-01  1.9876e-01
 6.6000e-01  1.9863e-01
 6.7000e-01  1.9845e-01
 6.8000e-01  1.9817e-01
 6.9000e-01  1.9776e-01
 7.0000e-01  1.9715e-01
 7.1000e-01  1.9619e-01
 7.2000e-01  1.9466e-01
 7.3000e-01  1.9208e-01
 7.4000e-01  1.8739e-01
 7.5000e-01  1.7801e-01
 7.6000e-01  1.5683e-01
 7.7000e-01  1.0480e-01
 7.8000e-01  2.4264e-02
 7.9000e-01  5.3759e-02
 8.0000e-01  1.1758e-01
 8.1000e-01  1.4947e-01
 8.2000e-01  1.6523e-01
 8.3000e-01  1.7390e-01
 8.4000e-01  1.7917e-01
 8.5000e-01  1.8265e-01
 8.6000e-01  1.8509e-01
 8.7000e-01  1.8687e-01
 8.8000e-01  1.8822e-01
 8.9000e-01  1.8926e-01
 9.0000e-01  1.8985e-01
 9.1000e-01  1.9025e-01
 9.2000e-01  1.9055e-01
 9.3000e-01  1.9080e-01
 9.4000e-01  1.9102e-01
 9.5000e-01  1.9124e-01
 9.6000e-01  1.9151e-01
 9.7000e-01  1.9193e-01
 9.8000e-01  1.9264e-01
 9.9000e-01  1.9388e-01
 1.0000e+00  1.9302e-01
 1.0100e+00  1.5874e-01
 1.0200e+00  2.0038e-02
 1.0300e+00  1.0856e-01
 1.0400e+00  1.4318e-01
 1.0500e+00  1.5612e-01
 1.0600e+00  1.6210e-01
 1.0700e+00  1.6517e-01
 1.0800e+00  1.6687e-01
 1.0900e+00  1.6800e-01
 1.1000e+00  1.6901e-01
 1.1100e+00  1.7000e-01
 1.1200e+00  1.7095e-01
 1.1300e+00  1.7181e-01
 1.1400e+00  1.7248e-01
 1.1500e+00  1.7289e-01
 1.1600e+00  1.7310e-01
 1.1700e+00  1.7317e-01
 1.1800e+00  1.7316e-01
 1.1900e+00  1.7314e-01
 1.2000e+00  1.7316e-01
 1.2100e+00  1.7320e-01
 1.2200e+00  1.7324e-01
 1.2300e+00  1.7326e-01
 1.2400e+00  1.7322e-01
 1.2500e+00  1.7312e-01
 1.2600e+00  1.7300e-01
 1.2700e+00  1.7288e-01
 1.2800e+00  1.7281e-01
 1.2900e+00  1.7284e-01
 1.3000e+00  1.7299e-01
 1.3100e+00  1.7324e-01
 1.3200e+00  1.7358e-01
 1.3300e+00  1.7395e-01
 1.3400e+00  1.7432e-01
 1.3500e+00  1.7467e-01
 1.3600e+00  1.7501e-01
 1.3700e+00  1.7533e-01
 1.3800e+00  1.7567e-01
 1.3900e+00  1.7603e-01
 1.4000e+00  1.7638e-01
 1.4100e+00  1.7650e-01
 1.4200e+00  1.7657e-01
 1.4300e+00  1.7661e-01
 1.4400e+00  1.7661e-01
 1.4500e+00  1.7659e-01
 1.4600e+00  1.7656e-01
 1.4700e+00  1.7646e-01
 1.4800e+00  1.7699e-01
 1.4900e+00  1.7650e-01
 1.5000e+00  1.7569e-01
 1.5100e+00  1.7472e-01
 1.5200e+00  1.7345e-01
 1.5300e+00  1.7194e-01
 1.5400e+00  1.7028e-01
 1.5500e+00  1.6858e-01
 1.5600e+00  1.6693e-01
 1.5700e+00  1.6542e-01
 1.5800e+00  1.6414e-01
 1.5900e+00  1.6318e-01
 1.6000e+00  1.6262e-01
 1.6100e+00  1.6255e-01
 1.6200e+00  1.6296e-01
 1.6300e+00  1.6377e-01
 1.6400e+00  1.6443e-01
 1.6500e+00  1.6464e-01
 1.6600e+00  1.6487e-01
 1.6700e+00  1.6510e-01
 1.6800e+00  1.6535e-01
 1.6900e+00  1.6565e-01
 1.7000e+00  1.6607e-01
 1.7100e+00  1.6665e-01
 1.7200e+00  1.6665e-01
 1.7300e+00  1.6665e-01
 1.7400e+00  1.6666e-01
 1.7500e+00  1.6666e-01
 1.7600e+00  1.6666e-01
 1.7700e+00  1.6666e-01
 1.7800e+00  1.6666e-01
 1.7900e+00  1.6666e-01
 1.8000e+00  1.6666e-01
 1.8100e+00  1.6666e-01
 1.8200e+00  1.6666e-01
 1.8300e+00  1.6666e-01
 1.8400e+00  1.6666e-01
 1.8500e+00  1.6666e-01
 1.8600e+00  1.6666e-01
 1.8700e+00  1.6666e-01
 1.8800e+00  1.6666e-01
 1.8900e+00  1.6666e-01
 1.9000e+00  1.6666e-01
 1.9100e+00  1.6666e-01
 1.9200e+00  1.6666e-01
 1.9300e+00  1.6666e-01
 1.9400e+00  1.6666e-01
 1.9500e+00  1.6666e-01
 1.9600e+00  1.6666e-01
 1.9700e+00  1.6666e-01
 1.9800e+00  1.6666e-01
 1.9900e+00  1.6666e-01
