 1.0000e-02  1.0000e+00
 2.0000e-02  1.0000e+00
 3.0000e-02  1.0000e+00
 4.0000e-02  1.0000e+00
 5.0000e-02  1.0000e+00
 6.0000e-02  1.0000e+00
 7.0000e-02  1.0000e+00
 8.0000e-02  1.0000e+00
 9.0000e-02  1.0000e+00
 1.0000e-01  1.0000e+00
 1.1000e-01  1.0000e+00
 1.2000e-01  1.0000e+00
 1.3000e-01  1.0000e+00
 1.4000e-01  1.0000e+00
 1.5000e-01  1.0000e+00
 1.6000e-01  1.0000e+00
 1.7000e-01  1.0000e+00
 1.8000e-01  1.0000e+00
 1.9000e-01  1.0000e+00
 2.0000e-01  1.0000e+00
 2.1000e-01  1.0000e+00
 2.2000e-01  7.1102e-01
 2.3000e-01  6.4046e-01
 2.4000e-01  6.0321e-01
 2.5000e-01  5.7964e-01
 2.6000e-01  5.6338e-01
 2.7000e-01  5.5155e-01
 2.8000e-01  5.4262e-01
 2.9000e-01  5.3396e-01
 3.0000e-01  5.2550e-01
 3.1000e-01  5.1750e-01
 3.2000e-01  5.0996e-01
 3.3000e-01  5.0284e-01
 3.4000e-01  4.9610e-01
 3.5000e-01  4.8970e-01
 3.6000e-01  4.8359e-01
 3.7000e-01  4.7773e-01
 3.8000e-01  4.7206e-01
 3.9000e-01  4.6656e-01
 4.0000e-01  4.6115e-01
 4.1000e-01  4.5580e-01
 4.2000e-01  4.5045e-01
 4.3000e-01  4.4504e-01
 4.4000e-01  4.3952e-01
 4.5000e-01  4.3384e-01
 4.6000e-01  4.2794e-01
 4.7000e-01  4.2176e-01
 4.8000e-01  4.1529e-01
 4.9000e-01  4.0847e-01
 5.0000e-01  4.0126e-01
 5.1000e-01  3.9364e-01
 5.2000e-01  3.8556e-01
 5.3000e-01  3.7698e-01
 5.4000e-01  3.6788e-01
 5.5000e-01  3.5821e-01
 5.6000e-01  3.4794e-01
 5.7000e-01  3.3703e-01
 5.8000e-01  3.2544e-01
 5.9000e-01  3.1314e-01
 6.0000e-01  3.0011e-01
 6.1000e-01  2.8635e-01
 6.2000e-01  2.7188e-01
 6.3000e-01  2.5675e-01
 6.4000e-01  2.4102e-01
 6.5000e-01  2.2481e-01
 6.6000e-01  2.0829e-01
 6.7000e-01  1.9170e-01
 6.8000e-01  1.7532e-01
 6.9000e-01  1.5945e-01
 7.0000e-01  1.4446e-01
 7.1000e-01  1.3069e-01
 7.2000e-01  1.1851e-01
 7.3000e-01  1.0827e-01
 7.4000e-01  1.0021e-01
 7.5000e-01  9.4329e-02
 7.6000e-01  8.9835e-02
 7.7000e-01  8.2318e-02
 7.8000e-01  5.0064e-02
 7.9000e-01  8.7333e-02
 8.0000e-01  1.1515e-01
 8.1000e-01  1.3013e-01
 8.2000e-01  1.4430e-01
 8.3000e-01  1.5889e-01
 8.4000e-01  1.7388e-01
 8.5000e-01  1.8907e-01
 8.6000e-01  2.0426e-01
 8.7000e-01  2.1925e-01
 8.8000e-01  2.3389e-01
 8.9000e-01  2.4801e-01
 9.0000e-01  2.6137e-01
 9.1000e-01  2.7393e-01
 9.2000e-01  2.8565e-01
 9.3000e-01  2.9642e-01
 9.4000e-01  3.0613e-01
 9.5000e-01  3.1465e-01
 9.6000e-01  3.2182e-01
 9.7000e-01  3.2738e-01
 9.8000e-01  3.3086e-01
 9.9000e-01  3.3081e-01
 1.0000e+00  3.1406e-01
 1.0100e+00  2.0661e-01
 1.0200e+00  2.1527e-02
 1.0300e+00  1.7723e-01
 1.0400e+00  2.6266e-01
 1.0500e+00  2.9726e-01
 1.0600e+00  3.1320e-01
 1.0700e+00  3.2095e-01
 1.0800e+00  3.2480e-01
 1.0900e+00  3.2714e-01
 1.1000e+00  3.2935e-01
 1.1100e+00  3.3166e-01
 1.1200e+00  3.3392e-01
 1.1300e+00  3.3580e-01
 1.1400e+00  3.3693e-01
 1.1500e+00  3.3703e-01
 1.1600e+00  3.3629e-01
 1.1700e+00  3.3495e-01
 1.1800e+00  3.3326e-01
 1.1900e+00  3.3146e-01
 1.2000e+00  3.2974e-01
 1.2100e+00  3.2801e-01
 1.2200e+00  3.2618e-01
 1.2300e+00  3.2414e-01
 1.2400e+00  3.2179e-01
 1.2500e+00  3.1908e-01
 1.2600e+00  3.1611e-01
 1.2700e+00  3.1300e-01
 1.2800e+00  3.0988e-01
 1.2900e+00  3.0687e-01
 1.3000e+00  3.0403e-01
 1.3100e+00  3.0130e-01
 1.3200e+00  2.9862e-01
 1.3300e+00  2.9589e-01
 1.3400e+00  2.9305e-01
 1.3500e+00  2.9007e-01
 1.3600e+00  2.8701e-01
 1.3700e+00  2.8393e-01
 1.3800e+00  2.8090e-01
 1.3900e+00  2.7797e-01
 1.4000e+00  2.7506e-01
 1.4100e+00  2.7172e-01
 1.4200e+00  2.6846e-01
 1.4300e+00  2.6535e-01
 1.4400e+00  2.6249e-01
 1.4500e+00  2.5994e-01
 1.4600e+00  2.5778e-01
 1.4700e+00  2.5594e-01
 1.4800e+00  2.5351e-01
 1.4900e+00  2.4227e-01
 1.5000e+00  2.3587e-01
 1.5100e+00  2.3283e-01
 1.5200e+00  2.3235e-01
 1.5300e+00  2.3341e-01
 1.5400e+00  2.3509e-01
 1.5500e+00  2.3643e-01
 1.5600e+00  2.3662e-01
 1.5700e+00  2.3566e-01
 1.5800e+00  2.3375e-01
 1.5900e+00  2.3113e-01
 1.6000e+00  2.2803e-01
 1.6100e+00  2.2468e-01
 1.6200e+00  2.2140e-01
 1.6300e+00  2.1850e-01
 1.6400e+00  2.1626e-01
 1.6500e+00  2.1492e-01
 1.6600e+00  2.1465e-01
 1.6700e+00  2.1519e-01
 1.6800e+00  2.1618e-01
 1.6900e+00  2.1727e-01
 1.7000e+00  2.1809e-01
 1.7100e+00  2.1837e-01
 1.7200e+00  2.1824e-01
 1.7300e+00  2.1793e-01
 1.7400e+00  2.1770e-01
 1.7500e+00  2.1778e-01
 1.7600e+00  2.1837e-01
 1.7700e+00  2.1950e-01
 1.7800e+00  2.2116e-01
 1.7900e+00  2.2336e-01
 1.8000e+00  2.2611e-01
 1.8100e+00  2.2939e-01
 1.8200e+00  2.3310e-01
 1.8300e+00  2.3711e-01
 1.8400e+00  2.4126e-01
 1.8500e+00  2.4537e-01
 1.8600e+00  2.4923e-01
 1.8700e+00  2.5266e-01
 1.8800e+00  2.5546e-01
 1.8900e+00  2.5742e-01
 1.9000e+00  2.5835e-01
 1.9100e+00  2.5808e-01
 1.9200e+00  2.5658e-01
 1.9300e+00  2.5390e-01
 1.9400e+00  2.5008e-01
 1.9500e+00  2.4523e-01
 1.9600e+00  2.3973e-01
 1.9700e+00  2.3495e-01
 1.9800e+00  2.3231e-01
 1.9900e+00  2.3318e-01
