 1.0000e-02  1.0000e+00
 2.0000e-02  1.0000e+00
 3.0000e-02  1.0000e+00
 4.0000e-02  1.0000e+00
 5.0000e-02  1.0000e+00
 6.0000e-02  1.0000e+00
 7.0000e-02  1.0000e+00
 8.0000e-02  1.0000e+00
 9.0000e-02  1.0000e+00
 1.0000e-01  1.0000e+00
 1.1000e-01  1.0000e+00
 1.2000e-01  1.0000e+00
 1.3000e-01  1.0000e+00
 1.4000e-01  1.0000e+00
 1.5000e-01  9.7126e-01
 1.6000e-01  8.2085e-01
 1.7000e-01  5.9337e-01
 1.8000e-01  3.9629e-01
 1.9000e-01  2.6246e-01
 2.0000e-01  1.7807e-01
 2.1000e-01  1.2489e-01
 2.2000e-01  8.7282e-02
 2.3000e-01  6.5028e-02
 2.4000e-01  4.9912e-02
 2.5000e-01  3.9156e-02
 2.6000e-01  3.1263e-02
 2.7000e-01  2.5329e-02
 2.8000e-01  2.0779e-02
 2.9000e-01  1.7228e-02
 3.0000e-01  1.4415e-02
 3.1000e-01  1.2159e-02
 3.2000e-01  1.0327e-02
 3.3000e-01  8.8243e-03
 3.4000e-01  7.5806e-03
 3.5000e-01  6.5424e-03
 3.6000e-01  5.6697e-03
 3.7000e-01  4.9310e-03
 3.8000e-01  4.3019e-03
 3.9000e-01  3.7630e-03
 4.0000e-01  3.2992e-03
 4.1000e-01  2.8983e-03
 4.2000e-01  2.5504e-03
 4.3000e-01  2.2244e-03
 4.4000e-01  1.9147e-03
 4.5000e-01  1.6306e-03
 4.6000e-01  1.3768e-03
 4.7000e-01  1.1546e-03
 4.8000e-01  9.6303e-04
 4.9000e-01  7.9975e-04
 5.0000e-01  6.6173e-04
 5.1000e-01  5.4581e-04
 5.2000e-01  4.4893e-04
 5.3000e-01  3.6827e-04
 5.4000e-01  2.8991e-04
 5.5000e-01  2.3602e-04
 5.6000e-01  1.9190e-04
 5.7000e-01  1.5526e-04
 5.8000e-01  1.2548e-04
 5.9000e-01  1.0086e-04
 6.0000e-01  8.0834e-05
 6.1000e-01  6.4473e-05
 6.2000e-01  5.1198e-05
 6.3000e-01  4.0296e-05
 6.4000e-01  3.1557e-05
 6.5000e-01  2.4507e-05
 6.6000e-01  1.8844e-05
 6.7000e-01  1.4325e-05
 6.8000e-01  1.0725e-05
 6.9000e-01  7.9004e-06
 7.0000e-01  5.6908e-06
 7.1000e-01  3.9871e-06
 7.2000e-01  2.6933e-06
 7.3000e-01  1.7312e-06
 7.4000e-01  1.0364e-06
 7.5000e-01  5.5613e-07
 7.6000e-01  2.4724e-07
 7.7000e-01  7.4544e-08
 7.8000e-01  9.3333e-09
 7.9000e-01  2.4856e-08
 8.0000e-01  9.6604e-08
 8.1000e-01  2.0069e-07
 8.2000e-01  3.2308e-07
 8.3000e-01  4.5391e-07
 8.4000e-01  5.8726e-07
 8.5000e-01  7.1990e-07
 8.6000e-01  8.4994e-07
 8.7000e-01  9.7613e-07
 8.8000e-01  1.0971e-06
 8.9000e-01  1.2106e-06
 9.0000e-01  1.2859e-06
 9.1000e-01  1.3401e-06
 9.2000e-01  1.3859e-06
 9.3000e-01  1.4248e-06
 9.4000e-01  1.4601e-06
 9.5000e-01  1.4978e-06
 9.6000e-01  1.5485e-06
 9.7000e-01  1.6320e-06
 9.8000e-01  1.7966e-06
 9.9000e-01  2.1836e-06
 1.0000e+00  1.8976e-06
 1.0100e+00  2.6025e-07
 1.0200e+00  7.5154e-09
 1.0300e+00  8.0178e-08
 1.0400e+00  1.7026e-07
 1.0500e+00  2.4052e-07
 1.0600e+00  2.8923e-07
 1.0700e+00  3.2069e-07
 1.0800e+00  3.4062e-07
 1.0900e+00  3.5503e-07
 1.1000e+00  3.6878e-07
 1.1100e+00  3.8317e-07
 1.1200e+00  3.9805e-07
 1.1300e+00  4.1225e-07
 1.1400e+00  4.2386e-07
 1.1500e+00  4.3134e-07
 1.1600e+00  4.3520e-07
 1.1700e+00  4.3639e-07
 1.1800e+00  4.3615e-07
 1.1900e+00  4.3576e-07
 1.2000e+00  4.3612e-07
 1.2100e+00  4.3687e-07
 1.2200e+00  4.3758e-07
 1.2300e+00  4.3783e-07
 1.2400e+00  4.3709e-07
 1.2500e+00  4.3524e-07
 1.2600e+00  4.3287e-07
 1.2700e+00  4.3069e-07
 1.2800e+00  4.2943e-07
 1.2900e+00  4.2991e-07
 1.3000e+00  4.3262e-07
 1.3100e+00  4.3740e-07
 1.3200e+00  4.4374e-07
 1.3300e+00  4.5103e-07
 1.3400e+00  4.5857e-07
 1.3500e+00  4.6582e-07
 1.3600e+00  4.7292e-07
 1.3700e+00  4.8011e-07
 1.3800e+00  4.8768e-07
 1.3900e+00  4.9603e-07
 1.4000e+00  5.0425e-07
 1.4100e+00  5.0714e-07
 1.4200e+00  5.0900e-07
 1.4300e+00  5.0987e-07
 1.4400e+00  5.0991e-07
 1.4500e+00  5.0944e-07
 1.4600e+00  5.0862e-07
 1.4700e+00  5.0607e-07
 1.4800e+00  5.1927e-07
 1.4900e+00  5.0705e-07
 1.5000e+00  4.8782e-07
 1.5100e+00  4.6667e-07
 1.5200e+00  4.4094e-07
 1.5300e+00  4.1353e-07
 1.5400e+00  3.8675e-07
 1.5500e+00  3.6214e-07
 1.5600e+00  3.4068e-07
 1.5700e+00  3.2286e-07
 1.5800e+00  3.0891e-07
 1.5900e+00  2.9903e-07
 1.6000e+00  2.9356e-07
 1.6100e+00  2.9292e-07
 1.6200e+00  2.9682e-07
 1.6300e+00  3.0502e-07
 1.6400e+00  3.1193e-07
 1.6500e+00  3.1414e-07
 1.6600e+00  3.1662e-07
 1.6700e+00  3.1915e-07
 1.6800e+00  3.2194e-07
 1.6900e+00  3.2535e-07
 1.7000e+00  3.3021e-07
 1.7100e+00  3.3722e-07
 1.7200e+00  3.3722e-07
 1.7300e+00  3.3722e-07
 1.7400e+00  3.3722e-07
 1.7500e+00  3.3721e-07
 1.7600e+00  3.3722e-07
 1.7700e+00  3.3722e-07
 1.7800e+00  3.3721e-07
 1.7900e+00  3.3721e-07
 1.8000e+00  3.3721e-07
 1.8100e+00  3.3722e-07
 1.8200e+00  3.3722e-07
 1.8300e+00  3.3722e-07
 1.8400e+00  3.3722e-07
 1.8500e+00  3.3722e-07
 1.8600e+00  3.3721e-07
 1.8700e+00  3.3722e-07
 1.8800e+00  3.3721e-07
 1.8900e+00  3.3721e-07
 1.9000e+00  3.3721e-07
 1.9100e+00  3.3722e-07
 1.9200e+00  3.3722e-07
 1.9300e+00  3.3721e-07
 1.9400e+00  3.3721e-07
 1.9500e+00  3.3722e-07
 1.9600e+00  3.3722e-07
 1.9700e+00  3.3722e-07
 1.9800e+00  3.3722e-07
 1.9900e+00  3.3722e-07
