 1.0000e-02  2.4999e-01
 2.0000e-02  2.5000e-01
 3.0000e-02  2.5000e-01
 4.0000e-02  2.5000e-01
 5.0000e-02  2.5000e-01
 6.0000e-02  2.5000e-01
 7.0000e-02  2.5000e-01
 8.0000e-02  2.5000e-01
 9.0000e-02  2.5000e-01
 1.0000e-01  2.5000e-01
 1.1000e-01  2.5000e-01
 1.2000e-01  2.5000e-01
 1.3000e-01  2.5000e-01
 1.4000e-01  2.5000e-01
 1.5000e-01  2.5000e-01
 1.6000e-01  2.5000e-01
 1.7000e-01  2.5000e-01
 1.8000e-01  2.5000e-01
 1.9000e-01  2.5000e-01
 2.0000e-01  2.5000e-01
 2.1000e-01  2.5000e-01
 2.2000e-01  2.2694e-01
 2.3000e-01  2.1923e-01
 2.4000e-01  2.1469e-01
 2.5000e-01  2.1163e-01
 2.6000e-01  2.0942e-01
 2.7000e-01  2.0777e-01
 2.8000e-01  2.0649e-01
 2.9000e-01  2.0548e-01
 3.0000e-01  2.0467e-01
 3.1000e-01  2.0401e-01
 3.2000e-01  2.0347e-01
 3.3000e-01  2.0302e-01
 3.4000e-01  2.0264e-01
 3.5000e-01  2.0233e-01
 3.6000e-01  2.0206e-01
 3.7000e-01  2.0182e-01
 3.8000e-01  2.0163e-01
 3.9000e-01  2.0145e-01
 4.0000e-01  2.0130e-01
 4.1000e-01  2.0117e-01
 4.2000e-01  2.0106e-01
 4.3000e-01  2.0096e-01
 4.4000e-01  2.0087e-01
 4.5000e-01  2.0079e-01
 4.6000e-01  2.0071e-01
 4.7000e-01  2.0065e-01
 4.8000e-01  2.0059e-01
 4.9000e-01  2.0054e-01
 5.0000e-01  2.0049e-01
 5.1000e-01  2.0045e-01
 5.2000e-01  2.0040e-01
 5.3000e-01  2.0037e-01
 5.4000e-01  2.0033e-01
 5.5000e-01  2.0029e-01
 5.6000e-01  2.0025e-01
 5.7000e-01  2.0021e-01
 5.8000e-01  2.0017e-01
 5.9000e-01  2.0012e-01
 6.0000e-01  2.0007e-01
 6.1000e-01  2.0002e-01
 6.2000e-01  1.9995e-01
 6.3000e-01  1.9986e-01
 6.4000e-01  1.9976e-01
 6.5000e-01  1.9962e-01
 6.6000e-01  1.9945e-01
 6.7000e-01  1.9922e-01
 6.8000e-01  1.9889e-01
 6.9000e-01  1.9844e-01
 7.0000e-01  1.9778e-01
 7.1000e-01  1.9679e-01
 7.2000e-01  1.9522e-01
 7.3000e-01  1.9260e-01
 7.4000e-01  1.8787e-01
 7.5000e-01  1.7845e-01
 7.6000e-01  1.5719e-01
 7.7000e-01  1.0503e-01
 7.8000e-01  2.4314e-02
 7.9000e-01  5.3865e-02
 8.0000e-01  1.1780e-01
 8.1000e-01  1.4973e-01
 8.2000e-01  1.6551e-01
 8.3000e-01  1.7418e-01
 8.4000e-01  1.7945e-01
 8.5000e-01  1.8292e-01
 8.6000e-01  1.8534e-01
 8.7000e-01  1.8712e-01
 8.8000e-01  1.8846e-01
 8.9000e-01  1.8949e-01
 9.0000e-01  1.9008e-01
 9.1000e-01  1.9046e-01
 9.2000e-01  1.9076e-01
 9.3000e-01  1.9100e-01
 9.4000e-01  1.9121e-01
 9.5000e-01  1.9142e-01
 9.6000e-01  1.9169e-01
 9.7000e-01  1.9209e-01
 9.8000e-01  1.9279e-01
 9.9000e-01  1.9404e-01
 1.0000e+00  1.9316e-01
 1.0100e+00  1.5886e-01
 1.0200e+00  2.0052e-02
 1.0300e+00  1.0863e-01
 1.0400e+00  1.4327e-01
 1.0500e+00  1.5622e-01
 1.0600e+00  1.6220e-01
 1.0700e+00  1.6526e-01
 1.0800e+00  1.6696e-01
 1.0900e+00  1.6809e-01
 1.1000e+00  1.6909e-01
 1.1100e+00  1.7008e-01
 1.1200e+00  1.7104e-01
 1.1300e+00  1.7189e-01
 1.1400e+00  1.7256e-01
 1.1500e+00  1.7297e-01
 1.1600e+00  1.7318e-01
 1.1700e+00  1.7324e-01
 1.1800e+00  1.7323e-01
 1.1900e+00  1.7321e-01
 1.2000e+00  1.7322e-01
 1.2100e+00  1.7326e-01
 1.2200e+00  1.7330e-01
 1.2300e+00  1.7331e-01
 1.2400e+00  1.7327e-01
 1.2500e+00  1.7318e-01
 1.2600e+00  1.7305e-01
 1.2700e+00  1.7293e-01
 1.2800e+00  1.7286e-01
 1.2900e+00  1.7289e-01
 1.3000e+00  1.7303e-01
 1.3100e+00  1.7329e-01
 1.3200e+00  1.7362e-01
 1.3300e+00  1.7399e-01
 1.3400e+00  1.7436e-01
 1.3500e+00  1.7471e-01
 1.3600e+00  1.7504e-01
 1.3700e+00  1.7537e-01
 1.3800e+00  1.7571e-01
 1.3900e+00  1.7607e-01
 1.4000e+00  1.7641e-01
 1.4100e+00  1.7653e-01
 1.4200e+00  1.7661e-01
 1.4300e+00  1.7664e-01
 1.4400e+00  1.7664e-01
 1.4500e+00  1.7662e-01
 1.4600e+00  1.7659e-01
 1.4700e+00  1.7649e-01
 1.4800e+00  1.7701e-01
 1.4900e+00  1.7653e-01
 1.5000e+00  1.7571e-01
 1.5100e+00  1.7475e-01
 1.5200e+00  1.7347e-01
 1.5300e+00  1.7196e-01
 1.5400e+00  1.7031e-01
 1.5500e+00  1.6860e-01
 1.5600e+00  1.6695e-01
 1.5700e+00  1.6544e-01
 1.5800e+00  1.6416e-01
 1.5900e+00  1.6320e-01
 1.6000e+00  1.6264e-01
 1.6100e+00  1.6257e-01
 1.6200e+00  1.6297e-01
 1.6300e+00  1.6379e-01
 1.6400e+00  1.6445e-01
 1.6500e+00  1.6465e-01
 1.6600e+00  1.6488e-01
 1.6700e+00  1.6511e-01
 1.6800e+00  1.6536e-01
 1.6900e+00  1.6566e-01
 1.7000e+00  1.6608e-01
 1.7100e+00  1.6667e-01
 1.7200e+00  1.6667e-01
 1.7300e+00  1.6667e-01
 1.7400e+00  1.6667e-01
 1.7500e+00  1.6667e-01
 1.7600e+00  1.6667e-01
 1.7700e+00  1.6667e-01
 1.7800e+00  1.6667e-01
 1.7900e+00  1.6667e-01
 1.8000e+00  1.6667e-01
 1.8100e+00  1.6667e-01
 1.8200e+00  1.6667e-01
 1.8300e+00  1.6667e-01
 1.8400e+00  1.6667e-01
 1.8500e+00  1.6667e-01
 1.8600e+00  1.6667e-01
 1.8700e+00  1.6667e-01
 1.8800e+00  1.6667e-01
 1.8900e+00  1.6667e-01
 1.9000e+00  1.6667e-01
 1.9100e+00  1.6667e-01
 1.9200e+00  1.6667e-01
 1.9300e+00  1.6667e-01
 1.9400e+00  1.6667e-01
 1.9500e+00  1.6667e-01
 1.9600e+00  1.6667e-01
 1.9700e+00  1.6667e-01
 1.9800e+00  1.6667e-01
 1.9900e+00  1.6667e-01
