 1.0000e-04  1.4251e-02
 1.0077e-04  1.4152e-02
 1.0155e-04  1.4237e-02
 1.0233e-04  1.4269e-02
 1.0312e-04  1.4239e-02
 1.0391e-04  1.4195e-02
 1.0472e-04  1.4287e-02
 1.0552e-04  1.4251e-02
 1.0634e-04  1.4210e-02
 1.0716e-04  1.4229e-02
 1.0798e-04  1.4158e-02
 1.0882e-04  1.4268e-02
 1.0965e-04  1.4269e-02
 1.1050e-04  1.4212e-02
 1.1135e-04  1.4232e-02
 1.1221e-04  1.4254e-02
 1.1308e-04  1.4256e-02
 1.1395e-04  1.4232e-02
 1.1483e-04  1.4269e-02
 1.1571e-04  1.4260e-02
 1.1660e-04  1.4211e-02
 1.1750e-04  1.4286e-02
 1.1841e-04  1.4237e-02
 1.1932e-04  1.4266e-02
 1.2024e-04  1.4213e-02
 1.2117e-04  1.4208e-02
 1.2210e-04  1.4242e-02
 1.2304e-04  1.4236e-02
 1.2399e-04  1.4249e-02
 1.2495e-04  1.4208e-02
 1.2591e-04  1.4280e-02
 1.2688e-04  1.4256e-02
 1.2786e-04  1.4266e-02
 1.2885e-04  1.4256e-02
 1.2984e-04  1.4258e-02
 1.3084e-04  1.4267e-02
 1.3185e-04  1.4263e-02
 1.3287e-04  1.4283e-02
 1.3389e-04  1.4239e-02
 1.3492e-04  1.4228e-02
 1.3596e-04  1.4244e-02
 1.3701e-04  1.4229e-02
 1.3807e-04  1.4248e-02
 1.3913e-04  1.4242e-02
 1.4021e-04  1.4272e-02
 1.4129e-04  1.4257e-02
 1.4238e-04  1.4278e-02
 1.4347e-04  1.4238e-02
 1.4458e-04  1.4256e-02
 1.4569e-04  1.4263e-02
 1.4682e-04  1.4267e-02
 1.4795e-04  1.4248e-02
 1.4909e-04  1.4274e-02
 1.5024e-04  1.4267e-02
 1.5140e-04  1.4264e-02
 1.5257e-04  1.4260e-02
 1.5374e-04  1.4278e-02
 1.5493e-04  1.4276e-02
 1.5612e-04  1.4269e-02
 1.5733e-04  1.4251e-02
 1.5854e-04  1.4282e-02
 1.5976e-04  1.4281e-02
 1.6099e-04  1.4270e-02
 1.6223e-04  1.4277e-02
 1.6348e-04  1.4273e-02
 1.6474e-04  1.4289e-02
 1.6601e-04  1.4276e-02
 1.6729e-04  1.4271e-02
 1.6858e-04  1.4240e-02
 1.6988e-04  1.4287e-02
 1.7119e-04  1.4272e-02
 1.7251e-04  1.4290e-02
 1.7384e-04  1.4285e-02
 1.7518e-04  1.4294e-02
 1.7654e-04  1.4288e-02
 1.7790e-04  1.4304e-02
 1.7927e-04  1.4293e-02
 1.8065e-04  1.4287e-02
 1.8204e-04  1.4303e-02
 1.8345e-04  1.4295e-02
 1.8486e-04  1.4311e-02
 1.8629e-04  1.4307e-02
 1.8772e-04  1.4291e-02
 1.8917e-04  1.4287e-02
 1.9063e-04  1.4298e-02
 1.9210e-04  1.4289e-02
 1.9358e-04  1.4296e-02
 1.9507e-04  1.4302e-02
 1.9658e-04  1.4308e-02
 1.9809e-04  1.4330e-02
 1.9962e-04  1.4315e-02
 2.0116e-04  1.4310e-02
 2.0271e-04  1.4320e-02
 2.0427e-04  1.4296e-02
 2.0585e-04  1.4323e-02
 2.0743e-04  1.4320e-02
 2.0903e-04  1.4325e-02
 2.1064e-04  1.4320e-02
 2.1227e-04  1.4320e-02
 2.1390e-04  1.4324e-02
 2.1555e-04  1.4328e-02
 2.1722e-04  1.4312e-02
 2.1889e-04  1.4330e-02
 2.2058e-04  1.4341e-02
 2.2228e-04  1.4347e-02
 2.2399e-04  1.4330e-02
 2.2572e-04  1.4333e-02
 2.2746e-04  1.4328e-02
 2.2921e-04  1.4340e-02
 2.3098e-04  1.4332e-02
 2.3276e-04  1.4346e-02
 2.3456e-04  1.4347e-02
 2.3636e-04  1.4355e-02
 2.3819e-04  1.4352e-02
 2.4002e-04  1.4368e-02
 2.4187e-04  1.4366e-02
 2.4374e-04  1.4362e-02
 2.4562e-04  1.4350e-02
 2.4751e-04  1.4370e-02
 2.4942e-04  1.4368e-02
 2.5134e-04  1.4361e-02
 2.5328e-04  1.4364e-02
 2.5523e-04  1.4381e-02
 2.5720e-04  1.4390e-02
 2.5918e-04  1.4386e-02
 2.6118e-04  1.4373e-02
 2.6320e-04  1.4378e-02
 2.6523e-04  1.4382e-02
 2.6727e-04  1.4387e-02
 2.6933e-04  1.4379e-02
 2.7141e-04  1.4401e-02
 2.7350e-04  1.4393e-02
 2.7561e-04  1.4400e-02
 2.7773e-04  1.4405e-02
 2.7988e-04  1.4405e-02
 2.8203e-04  1.4416e-02
 2.8421e-04  1.4416e-02
 2.8640e-04  1.4418e-02
 2.8861e-04  1.4430e-02
 2.9083e-04  1.4426e-02
 2.9307e-04  1.4431e-02
 2.9533e-04  1.4425e-02
 2.9761e-04  1.4436e-02
 2.9991e-04  1.4433e-02
 3.0222e-04  1.4440e-02
 3.0455e-04  1.4448e-02
 3.0690e-04  1.4455e-02
 3.0926e-04  1.4454e-02
 3.1165e-04  1.4459e-02
 3.1405e-04  1.4463e-02
 3.1647e-04  1.4464e-02
 3.1891e-04  1.4467e-02
 3.2137e-04  1.4471e-02
 3.2385e-04  1.4479e-02
 3.2634e-04  1.4481e-02
 3.2886e-04  1.4490e-02
 3.3140e-04  1.4489e-02
 3.3395e-04  1.4493e-02
 3.3653e-04  1.4497e-02
 3.3912e-04  1.4505e-02
 3.4173e-04  1.4507e-02
 3.4437e-04  1.4519e-02
 3.4702e-04  1.4523e-02
 3.4970e-04  1.4525e-02
 3.5240e-04  1.4533e-02
 3.5511e-04  1.4536e-02
 3.5785e-04  1.4533e-02
 3.6061e-04  1.4546e-02
 3.6339e-04  1.4555e-02
 3.6619e-04  1.4555e-02
 3.6902e-04  1.4562e-02
 3.7186e-04  1.4576e-02
 3.7473e-04  1.4579e-02
 3.7762e-04  1.4582e-02
 3.8053e-04  1.4590e-02
 3.8346e-04  1.4597e-02
 3.8642e-04  1.4604e-02
 3.8940e-04  1.4609e-02
 3.9240e-04  1.4616e-02
 3.9543e-04  1.4625e-02
 3.9847e-04  1.4619e-02
 4.0155e-04  1.4636e-02
 4.0464e-04  1.4640e-02
 4.0776e-04  1.4645e-02
 4.1091e-04  1.4656e-02
 4.1407e-04  1.4656e-02
 4.1727e-04  1.4672e-02
 4.2048e-04  1.4673e-02
 4.2373e-04  1.4688e-02
 4.2699e-04  1.4693e-02
 4.3028e-04  1.4700e-02
 4.3360e-04  1.4713e-02
 4.3695e-04  1.4718e-02
 4.4031e-04  1.4729e-02
 4.4371e-04  1.4736e-02
 4.4713e-04  1.4746e-02
 4.5058e-04  1.4750e-02
 4.5405e-04  1.4763e-02
 4.5755e-04  1.4772e-02
 4.6108e-04  1.4782e-02
 4.6463e-04  1.4790e-02
 4.6822e-04  1.4801e-02
 4.7183e-04  1.4812e-02
 4.7546e-04  1.4819e-02
 4.7913e-04  1.4834e-02
 4.8282e-04  1.4846e-02
 4.8655e-04  1.4854e-02
 4.9030e-04  1.4866e-02
 4.9408e-04  1.4875e-02
 4.9789e-04  1.4889e-02
 5.0173e-04  1.4899e-02
 5.0559e-04  1.4914e-02
 5.0949e-04  1.4922e-02
 5.1342e-04  1.4936e-02
 5.1738e-04  1.4950e-02
 5.2137e-04  1.4963e-02
 5.2539e-04  1.4977e-02
 5.2944e-04  1.4989e-02
 5.3352e-04  1.5003e-02
 5.3763e-04  1.5013e-02
 5.4178e-04  1.5031e-02
 5.4596e-04  1.5044e-02
 5.5017e-04  1.5060e-02
 5.5441e-04  1.5078e-02
 5.5868e-04  1.5091e-02
 5.6299e-04  1.5108e-02
 5.6733e-04  1.5122e-02
 5.7170e-04  1.5142e-02
 5.7611e-04  1.5158e-02
 5.8055e-04  1.5175e-02
 5.8503e-04  1.5194e-02
 5.8954e-04  1.5208e-02
 5.9409e-04  1.5230e-02
 5.9867e-04  1.5248e-02
 6.0328e-04  1.5266e-02
 6.0793e-04  1.5285e-02
 6.1262e-04  1.5305e-02
 6.1734e-04  1.5326e-02
 6.2210e-04  1.5346e-02
 6.2690e-04  1.5367e-02
 6.3173e-04  1.5391e-02
 6.3660e-04  1.5414e-02
 6.4151e-04  1.5436e-02
 6.4646e-04  1.5459e-02
 6.5144e-04  1.5483e-02
 6.5646e-04  1.5508e-02
 6.6153e-04  1.5530e-02
 6.6663e-04  1.5556e-02
 6.7177e-04  1.5586e-02
 6.7695e-04  1.5613e-02
 6.8216e-04  1.5639e-02
 6.8742e-04  1.5668e-02
 6.9272e-04  1.5693e-02
 6.9807e-04  1.5728e-02
 7.0345e-04  1.5756e-02
 7.0887e-04  1.5787e-02
 7.1434e-04  1.5821e-02
 7.1984e-04  1.5853e-02
 7.2539e-04  1.5887e-02
 7.3099e-04  1.5921e-02
 7.3662e-04  1.5958e-02
 7.4230e-04  1.5995e-02
 7.4802e-04  1.6031e-02
 7.5379e-04  1.6068e-02
 7.5960e-04  1.6108e-02
 7.6546e-04  1.6151e-02
 7.7136e-04  1.6193e-02
 7.7731e-04  1.6234e-02
 7.8330e-04  1.6280e-02
 7.8934e-04  1.6325e-02
 7.9543e-04  1.6375e-02
 8.0156e-04  1.6423e-02
 8.0774e-04  1.6473e-02
 8.1397e-04  1.6526e-02
 8.2024e-04  1.6578e-02
 8.2657e-04  1.6635e-02
 8.3294e-04  1.6692e-02
 8.3936e-04  1.6752e-02
 8.4583e-04  1.6813e-02
 8.5235e-04  1.6878e-02
 8.5893e-04  1.6943e-02
 8.6555e-04  1.7013e-02
 8.7222e-04  1.7086e-02
 8.7895e-04  1.7159e-02
 8.8572e-04  1.7237e-02
 8.9255e-04  1.7319e-02
 8.9943e-04  1.7403e-02
 9.0637e-04  1.7491e-02
 9.1336e-04  1.7583e-02
 9.2040e-04  1.7680e-02
 9.2749e-04  1.7783e-02
 9.3465e-04  1.7889e-02
 9.4185e-04  1.8005e-02
 9.4911e-04  1.8123e-02
 9.5643e-04  1.8251e-02
 9.6381e-04  1.8387e-02
 9.7124e-04  1.8532e-02
 9.7872e-04  1.8688e-02
 9.8627e-04  1.8859e-02
 9.9387e-04  1.9043e-02
 1.0015e-03  1.9248e-02
 1.0093e-03  1.9478e-02
 1.0170e-03  1.9748e-02
 1.0249e-03  1.2159e-02
 1.0328e-03  3.6757e-03
 1.0407e-03  1.8703e-03
 1.0488e-03  1.1924e-03
 1.0569e-03  8.5573e-04
 1.0650e-03  6.5989e-04
 1.0732e-03  5.3387e-04
 1.0815e-03  4.4699e-04
 1.0898e-03  3.8393e-04
 1.0982e-03  3.3633e-04
 1.1067e-03  2.9930e-04
 1.1152e-03  2.6973e-04
 1.1238e-03  2.4565e-04
 1.1325e-03  2.2570e-04
 1.1412e-03  2.0892e-04
 1.1500e-03  1.9464e-04
 1.1589e-03  1.8234e-04
 1.1678e-03  1.7164e-04
 1.1768e-03  1.6227e-04
 1.1859e-03  1.5400e-04
 1.1950e-03  1.4664e-04
 1.2043e-03  1.4006e-04
 1.2135e-03  1.3414e-04
 1.2229e-03  1.2879e-04
 1.2323e-03  1.2393e-04
 1.2418e-03  1.1950e-04
 1.2514e-03  1.1544e-04
 1.2611e-03  1.1171e-04
 1.2708e-03  1.0828e-04
 1.2806e-03  1.0511e-04
 1.2904e-03  1.0216e-04
 1.3004e-03  9.9433e-05
 1.3104e-03  9.6886e-05
 1.3205e-03  9.4511e-05
 1.3307e-03  9.2291e-05
 1.3410e-03  9.0205e-05
 1.3513e-03  8.8247e-05
 1.3617e-03  8.6405e-05
 1.3722e-03  8.4675e-05
 1.3828e-03  8.3037e-05
 1.3935e-03  8.1490e-05
 1.4042e-03  8.0028e-05
 1.4150e-03  7.8645e-05
 1.4259e-03  7.7327e-05
 1.4369e-03  7.6081e-05
 1.4480e-03  7.4896e-05
 1.4592e-03  7.3769e-05
 1.4704e-03  7.2694e-05
 1.4818e-03  7.1671e-05
 1.4932e-03  7.0696e-05
 1.5047e-03  6.9764e-05
 1.5163e-03  6.8875e-05
 1.5280e-03  6.8024e-05
 1.5398e-03  6.7213e-05
 1.5517e-03  6.6435e-05
 1.5636e-03  6.5691e-05
 1.5757e-03  6.4979e-05
 1.5878e-03  6.4296e-05
 1.6001e-03  6.3641e-05
 1.6124e-03  6.3014e-05
 1.6248e-03  6.2415e-05
 1.6374e-03  6.1838e-05
 1.6500e-03  6.1285e-05
 1.6627e-03  6.0755e-05
 1.6755e-03  6.0246e-05
 1.6884e-03  5.9759e-05
 1.7015e-03  5.9291e-05
 1.7146e-03  5.8843e-05
 1.7278e-03  5.8413e-05
 1.7411e-03  5.8001e-05
 1.7545e-03  5.7606e-05
 1.7681e-03  5.7227e-05
 1.7817e-03  5.6865e-05
 1.7954e-03  5.6519e-05
 1.8093e-03  5.6186e-05
 1.8232e-03  5.5868e-05
 1.8373e-03  5.5566e-05
 1.8514e-03  5.5277e-05
 1.8657e-03  5.5001e-05
 1.8801e-03  5.4738e-05
 1.8946e-03  5.4489e-05
 1.9092e-03  5.4251e-05
 1.9239e-03  5.4027e-05
 1.9388e-03  5.3813e-05
 1.9537e-03  5.3613e-05
 1.9688e-03  5.3423e-05
 1.9840e-03  5.3245e-05
 1.9993e-03  5.3078e-05
 2.0147e-03  5.2923e-05
 2.0302e-03  5.2777e-05
 2.0459e-03  5.2644e-05
 2.0616e-03  5.2520e-05
 2.0775e-03  5.2408e-05
 2.0935e-03  5.2304e-05
 2.1097e-03  5.2213e-05
 2.1259e-03  5.2131e-05
 2.1423e-03  5.2059e-05
 2.1589e-03  5.1998e-05
 2.1755e-03  5.1947e-05
 2.1923e-03  5.1906e-05
 2.2092e-03  5.1875e-05
 2.2262e-03  5.1854e-05
 2.2434e-03  5.1843e-05
 2.2607e-03  5.1842e-05
 2.2781e-03  5.1852e-05
 2.2957e-03  5.1871e-05
 2.3134e-03  5.1902e-05
 2.3312e-03  5.1941e-05
 2.3492e-03  5.1992e-05
 2.3673e-03  5.2052e-05
 2.3855e-03  5.2124e-05
 2.4039e-03  5.2205e-05
 2.4225e-03  5.2297e-05
 2.4411e-03  5.2400e-05
 2.4600e-03  5.2515e-05
 2.4789e-03  5.2639e-05
 2.4980e-03  5.2775e-05
 2.5173e-03  5.2923e-05
 2.5367e-03  5.3081e-05
 2.5563e-03  5.3252e-05
 2.5760e-03  5.3433e-05
 2.5958e-03  5.3628e-05
 2.6158e-03  5.3834e-05
 2.6360e-03  5.4052e-05
 2.6563e-03  5.4283e-05
 2.6768e-03  5.4527e-05
 2.6975e-03  5.4785e-05
 2.7183e-03  5.5055e-05
 2.7392e-03  5.5339e-05
 2.7603e-03  5.5638e-05
 2.7816e-03  5.5950e-05
 2.8031e-03  5.6277e-05
 2.8247e-03  5.6618e-05
 2.8464e-03  5.6976e-05
 2.8684e-03  5.7348e-05
 2.8905e-03  5.7738e-05
 2.9128e-03  5.8143e-05
 2.9353e-03  5.8565e-05
 2.9579e-03  5.9005e-05
 2.9807e-03  5.9463e-05
 3.0037e-03  5.9939e-05
 3.0268e-03  6.0434e-05
 3.0502e-03  6.0949e-05
 3.0737e-03  6.1484e-05
 3.0974e-03  6.2040e-05
 3.1213e-03  6.2617e-05
 3.1453e-03  6.3216e-05
 3.1696e-03  6.3839e-05
 3.1940e-03  6.4485e-05
 3.2186e-03  6.5156e-05
 3.2435e-03  6.5852e-05
 3.2685e-03  6.6575e-05
 3.2937e-03  6.7325e-05
 3.3191e-03  6.8104e-05
 3.3446e-03  6.8913e-05
 3.3704e-03  6.9752e-05
 3.3964e-03  7.0624e-05
 3.4226e-03  7.1529e-05
 3.4490e-03  7.2468e-05
 3.4756e-03  7.3446e-05
 3.5024e-03  7.4460e-05
 3.5294e-03  7.5517e-05
 3.5566e-03  7.6614e-05
 3.5840e-03  7.7756e-05
 3.6116e-03  7.8945e-05
 3.6395e-03  8.0183e-05
 3.6676e-03  8.1473e-05
 3.6958e-03  8.2818e-05
 3.7243e-03  8.4221e-05
 3.7530e-03  8.5686e-05
 3.7820e-03  8.7217e-05
 3.8111e-03  8.8819e-05
 3.8405e-03  9.0495e-05
 3.8701e-03  9.2253e-05
 3.9000e-03  9.4098e-05
 3.9300e-03  9.6037e-05
 3.9603e-03  9.8079e-05
 3.9909e-03  1.0023e-04
 4.0216e-03  1.0251e-04
 4.0526e-03  1.0492e-04
 4.0839e-03  1.0749e-04
 4.1154e-03  1.1023e-04
 4.1471e-03  1.1316e-04
 4.1791e-03  1.1633e-04
 4.2113e-03  1.1976e-04
 4.2438e-03  1.2354e-04
 4.2765e-03  1.2776e-04
 4.3095e-03  1.3266e-04
 4.3427e-03  1.3903e-04
 4.3762e-03  1.4576e-04
 4.4099e-03  1.5246e-04
 4.4439e-03  1.5909e-04
 4.4782e-03  1.6565e-04
 4.5127e-03  1.7211e-04
 4.5475e-03  1.7846e-04
 4.5826e-03  1.8471e-04
 4.6179e-03  1.9084e-04
 4.6535e-03  1.9685e-04
 4.6894e-03  2.0275e-04
 4.7255e-03  2.0852e-04
 4.7620e-03  2.1417e-04
 4.7987e-03  2.1970e-04
 4.8357e-03  2.2511e-04
 4.8729e-03  2.3039e-04
 4.9105e-03  2.3555e-04
 4.9484e-03  2.4060e-04
 4.9865e-03  2.4552e-04
 5.0250e-03  2.5032e-04
 5.0637e-03  2.5500e-04
 5.1028e-03  2.5957e-04
 5.1421e-03  2.6402e-04
 5.1817e-03  2.6836e-04
 5.2217e-03  2.7258e-04
 5.2620e-03  2.7669e-04
 5.3025e-03  2.8069e-04
 5.3434e-03  2.8458e-04
 5.3846e-03  2.8836e-04
 5.4261e-03  2.9203e-04
 5.4680e-03  2.9560e-04
 5.5101e-03  2.9907e-04
 5.5526e-03  3.0243e-04
 5.5954e-03  3.0570e-04
 5.6386e-03  3.0886e-04
 5.6820e-03  3.1193e-04
 5.7258e-03  3.1490e-04
 5.7700e-03  3.1778e-04
 5.8145e-03  3.2057e-04
 5.8593e-03  3.2326e-04
 5.9045e-03  3.2587e-04
 5.9500e-03  3.2838e-04
 5.9959e-03  3.3081e-04
 6.0421e-03  3.3316e-04
 6.0887e-03  3.3542e-04
 6.1356e-03  3.3760e-04
 6.1829e-03  3.3969e-04
 6.2306e-03  3.4171e-04
 6.2786e-03  3.4365e-04
 6.3270e-03  3.4552e-04
 6.3758e-03  3.4731e-04
 6.4250e-03  3.4902e-04
 6.4745e-03  3.5067e-04
 6.5244e-03  3.5224e-04
 6.5747e-03  3.5374e-04
 6.6254e-03  3.5518e-04
 6.6765e-03  3.5655e-04
 6.7280e-03  3.5785e-04
 6.7799e-03  3.5909e-04
 6.8321e-03  3.6027e-04
 6.8848e-03  3.6139e-04
 6.9379e-03  3.6245e-04
 6.9914e-03  3.6344e-04
 7.0453e-03  3.6439e-04
 7.0996e-03  3.6527e-04
 7.1543e-03  3.6611e-04
 7.2095e-03  3.6688e-04
 7.2651e-03  3.6761e-04
 7.3211e-03  3.6829e-04
 7.3775e-03  3.6892e-04
 7.4344e-03  3.6950e-04
 7.4917e-03  3.7004e-04
 7.5495e-03  3.7053e-04
 7.6077e-03  3.7098e-04
 7.6664e-03  3.7138e-04
 7.7255e-03  3.7175e-04
 7.7850e-03  3.7208e-04
 7.8451e-03  3.7237e-04
 7.9055e-03  3.7263e-04
 7.9665e-03  3.7285e-04
 8.0279e-03  3.7304e-04
 8.0898e-03  3.7320e-04
 8.1522e-03  3.7334e-04
 8.2150e-03  3.7345e-04
 8.2784e-03  3.7353e-04
 8.3422e-03  3.7360e-04
 8.4065e-03  3.7364e-04
 8.4713e-03  3.7367e-04
 8.5367e-03  3.7369e-04
 8.6025e-03  3.7371e-04
 8.6688e-03  3.7371e-04
 8.7356e-03  3.7372e-04
 8.8030e-03  3.7373e-04
 8.8709e-03  3.7375e-04
 8.9392e-03  3.7380e-04
 9.0082e-03  3.7387e-04
 9.0776e-03  3.7399e-04
 9.1476e-03  3.7416e-04
 9.2181e-03  3.7442e-04
 9.2892e-03  3.7480e-04
 9.3608e-03  3.7539e-04
 9.4330e-03  3.7678e-04
 9.5057e-03  3.7928e-04
 9.5790e-03  3.8214e-04
 9.6529e-03  3.8520e-04
 9.7273e-03  3.8838e-04
 9.8023e-03  3.9162e-04
 9.8779e-03  3.9491e-04
 9.9540e-03  3.9821e-04
 1.0031e-02  4.0150e-04
 1.0108e-02  4.0476e-04
 1.0186e-02  4.0800e-04
 1.0265e-02  4.1118e-04
 1.0344e-02  4.1431e-04
 1.0423e-02  4.1739e-04
 1.0504e-02  4.2039e-04
 1.0585e-02  4.2333e-04
 1.0666e-02  4.2619e-04
 1.0749e-02  4.2897e-04
 1.0832e-02  4.3167e-04
 1.0915e-02  4.3429e-04
 1.0999e-02  4.3682e-04
 1.1084e-02  4.3926e-04
 1.1169e-02  4.4162e-04
 1.1256e-02  4.4389e-04
 1.1342e-02  4.4606e-04
 1.1430e-02  4.4815e-04
 1.1518e-02  4.5015e-04
 1.1607e-02  4.5205e-04
 1.1696e-02  4.5387e-04
 1.1786e-02  4.5559e-04
 1.1877e-02  4.5722e-04
 1.1969e-02  4.5876e-04
 1.2061e-02  4.6021e-04
 1.2154e-02  4.6158e-04
 1.2248e-02  4.6285e-04
 1.2342e-02  4.6403e-04
 1.2437e-02  4.6513e-04
 1.2533e-02  4.6614e-04
 1.2630e-02  4.6706e-04
 1.2727e-02  4.6790e-04
 1.2825e-02  4.6866e-04
 1.2924e-02  4.6933e-04
 1.3024e-02  4.6991e-04
 1.3124e-02  4.7042e-04
 1.3226e-02  4.7084e-04
 1.3328e-02  4.7118e-04
 1.3430e-02  4.7145e-04
 1.3534e-02  4.7164e-04
 1.3638e-02  4.7175e-04
 1.3743e-02  4.7178e-04
 1.3849e-02  4.7174e-04
 1.3956e-02  4.7162e-04
 1.4064e-02  4.7144e-04
 1.4172e-02  4.7118e-04
 1.4281e-02  4.7085e-04
 1.4391e-02  4.7045e-04
 1.4502e-02  4.6998e-04
 1.4614e-02  4.6944e-04
 1.4727e-02  4.6884e-04
 1.4840e-02  4.6817e-04
 1.4955e-02  4.6744e-04
 1.5070e-02  4.6664e-04
 1.5186e-02  4.6579e-04
 1.5303e-02  4.6487e-04
 1.5421e-02  4.6389e-04
 1.5540e-02  4.6285e-04
 1.5660e-02  4.6176e-04
 1.5781e-02  4.6060e-04
 1.5903e-02  4.5939e-04
 1.6025e-02  4.5813e-04
 1.6149e-02  4.5681e-04
 1.6273e-02  4.5544e-04
 1.6399e-02  4.5402e-04
 1.6525e-02  4.5255e-04
 1.6653e-02  4.5102e-04
 1.6781e-02  4.4945e-04
 1.6910e-02  4.4783e-04
 1.7041e-02  4.4617e-04
 1.7172e-02  4.4445e-04
 1.7304e-02  4.4270e-04
 1.7438e-02  4.4090e-04
 1.7572e-02  4.3905e-04
 1.7708e-02  4.3716e-04
 1.7844e-02  4.3524e-04
 1.7982e-02  4.3327e-04
 1.8121e-02  4.3126e-04
 1.8260e-02  4.2922e-04
 1.8401e-02  4.2713e-04
 1.8543e-02  4.2501e-04
 1.8686e-02  4.2286e-04
 1.8830e-02  4.2067e-04
 1.8975e-02  4.1844e-04
 1.9121e-02  4.1619e-04
 1.9269e-02  4.1390e-04
 1.9417e-02  4.1158e-04
 1.9567e-02  4.0922e-04
 1.9718e-02  4.0684e-04
 1.9870e-02  4.0443e-04
 2.0023e-02  4.0199e-04
 2.0178e-02  3.9953e-04
 2.0333e-02  3.9704e-04
 2.0490e-02  3.9452e-04
 2.0648e-02  3.9198e-04
 2.0807e-02  3.8941e-04
 2.0968e-02  3.8682e-04
 2.1129e-02  3.8421e-04
 2.1292e-02  3.8158e-04
 2.1456e-02  3.7892e-04
 2.1622e-02  3.7625e-04
 2.1788e-02  3.7356e-04
 2.1956e-02  3.7084e-04
 2.2126e-02  3.6811e-04
 2.2296e-02  3.6537e-04
 2.2468e-02  3.6260e-04
 2.2641e-02  3.5982e-04
 2.2816e-02  3.5703e-04
 2.2992e-02  3.5422e-04
 2.3169e-02  3.5140e-04
 2.3348e-02  3.4856e-04
 2.3528e-02  3.4571e-04
 2.3709e-02  3.4285e-04
 2.3892e-02  3.3998e-04
 2.4076e-02  3.3710e-04
 2.4262e-02  3.3421e-04
 2.4449e-02  3.3131e-04
 2.4637e-02  3.2841e-04
 2.4827e-02  3.2549e-04
 2.5019e-02  3.2257e-04
 2.5212e-02  3.1964e-04
 2.5406e-02  3.1671e-04
 2.5602e-02  3.1377e-04
 2.5799e-02  3.1083e-04
 2.5998e-02  3.0788e-04
 2.6199e-02  3.0493e-04
 2.6401e-02  3.0198e-04
 2.6604e-02  2.9902e-04
 2.6809e-02  2.9607e-04
 2.7016e-02  2.9311e-04
 2.7224e-02  2.9015e-04
 2.7434e-02  2.8719e-04
 2.7646e-02  2.8424e-04
 2.7859e-02  2.8128e-04
 2.8074e-02  2.7833e-04
 2.8290e-02  2.7538e-04
 2.8508e-02  2.7243e-04
 2.8728e-02  2.6949e-04
 2.8950e-02  2.6655e-04
 2.9173e-02  2.6361e-04
 2.9398e-02  2.6068e-04
 2.9624e-02  2.5775e-04
 2.9853e-02  2.5483e-04
 3.0083e-02  2.5192e-04
 3.0315e-02  2.4902e-04
 3.0549e-02  2.4612e-04
 3.0784e-02  2.4323e-04
 3.1021e-02  2.4035e-04
 3.1261e-02  2.3747e-04
 3.1502e-02  2.3461e-04
 3.1744e-02  2.3176e-04
 3.1989e-02  2.2891e-04
 3.2236e-02  2.2608e-04
 3.2484e-02  2.2326e-04
 3.2735e-02  2.2045e-04
 3.2987e-02  2.1765e-04
 3.3242e-02  2.1486e-04
 3.3498e-02  2.1209e-04
 3.3756e-02  2.0933e-04
 3.4016e-02  2.0658e-04
 3.4279e-02  2.0384e-04
 3.4543e-02  2.0112e-04
 3.4809e-02  1.9842e-04
 3.5078e-02  1.9573e-04
 3.5348e-02  1.9305e-04
 3.5621e-02  1.9039e-04
 3.5895e-02  1.8775e-04
 3.6172e-02  1.8512e-04
 3.6451e-02  1.8251e-04
 3.6732e-02  1.7992e-04
 3.7015e-02  1.7734e-04
 3.7300e-02  1.7478e-04
 3.7588e-02  1.7224e-04
 3.7878e-02  1.6972e-04
 3.8170e-02  1.6721e-04
 3.8464e-02  1.6472e-04
 3.8761e-02  1.6225e-04
 3.9060e-02  1.5980e-04
 3.9361e-02  1.5737e-04
 3.9664e-02  1.5496e-04
 3.9970e-02  1.5257e-04
 4.0278e-02  1.5020e-04
 4.0589e-02  1.4785e-04
 4.0902e-02  1.4552e-04
 4.1217e-02  1.4320e-04
 4.1535e-02  1.4091e-04
 4.1855e-02  1.3864e-04
 4.2178e-02  1.3640e-04
 4.2503e-02  1.3417e-04
 4.2831e-02  1.3196e-04
 4.3161e-02  1.2978e-04
 4.3494e-02  1.2762e-04
 4.3829e-02  1.2548e-04
 4.4167e-02  1.2336e-04
 4.4507e-02  1.2126e-04
 4.4851e-02  1.1919e-04
 4.5196e-02  1.1713e-04
 4.5545e-02  1.1510e-04
 4.5896e-02  1.1310e-04
 4.6250e-02  1.1111e-04
 4.6606e-02  1.0915e-04
 4.6966e-02  1.0721e-04
 4.7328e-02  1.0529e-04
 4.7693e-02  1.0340e-04
 4.8060e-02  1.0153e-04
 4.8431e-02  9.9682e-05
 4.8804e-02  9.7857e-05
 4.9181e-02  9.6056e-05
 4.9560e-02  9.4277e-05
 4.9942e-02  9.2522e-05
 5.0327e-02  9.0790e-05
 5.0715e-02  8.9081e-05
 5.1106e-02  8.7396e-05
 5.1500e-02  8.5734e-05
 5.1897e-02  8.4095e-05
 5.2297e-02  8.2479e-05
 5.2700e-02  8.0887e-05
 5.3107e-02  7.9318e-05
 5.3516e-02  7.7772e-05
 5.3929e-02  7.6250e-05
 5.4345e-02  7.4751e-05
 5.4764e-02  7.3275e-05
 5.5186e-02  7.1822e-05
 5.5611e-02  7.0392e-05
 5.6040e-02  6.8986e-05
 5.6472e-02  6.7603e-05
 5.6908e-02  6.6243e-05
 5.7346e-02  6.4906e-05
 5.7788e-02  6.3592e-05
 5.8234e-02  6.2301e-05
 5.8683e-02  6.1033e-05
 5.9135e-02  5.9788e-05
 5.9591e-02  5.8565e-05
 6.0051e-02  5.7366e-05
 6.0514e-02  5.6189e-05
 6.0980e-02  5.5035e-05
 6.1451e-02  5.3904e-05
 6.1924e-02  5.2796e-05
 6.2402e-02  5.1710e-05
 6.2883e-02  5.0646e-05
 6.3368e-02  4.9605e-05
 6.3856e-02  4.8586e-05
 6.4349e-02  4.7590e-05
 6.4845e-02  4.6616e-05
 6.5345e-02  4.5664e-05
 6.5848e-02  4.4735e-05
 6.6356e-02  4.3828e-05
 6.6868e-02  4.2942e-05
 6.7383e-02  4.2079e-05
 6.7903e-02  4.1238e-05
 6.8426e-02  4.0419e-05
 6.8954e-02  3.9622e-05
 6.9486e-02  3.8847e-05
 7.0021e-02  3.8093e-05
 7.0561e-02  3.7362e-05
 7.1105e-02  3.6652e-05
 7.1653e-02  3.5965e-05
 7.2206e-02  3.5299e-05
 7.2763e-02  3.4655e-05
 7.3324e-02  3.4032e-05
 7.3889e-02  3.3432e-05
 7.4459e-02  3.2853e-05
 7.5033e-02  3.2296e-05
 7.5611e-02  3.1761e-05
 7.6194e-02  3.1247e-05
 7.6782e-02  3.0756e-05
 7.7374e-02  3.0286e-05
 7.7970e-02  2.9839e-05
 7.8571e-02  2.9413e-05
 7.9177e-02  2.9010e-05
 7.9787e-02  2.8628e-05
 8.0403e-02  2.8269e-05
 8.1023e-02  2.7932e-05
 8.1647e-02  2.7617e-05
 8.2277e-02  2.7325e-05
 8.2911e-02  2.7055e-05
 8.3550e-02  2.6808e-05
 8.4194e-02  2.6584e-05
 8.4844e-02  2.6383e-05
 8.5498e-02  2.6205e-05
 8.6157e-02  2.6051e-05
 8.6821e-02  2.5920e-05
 8.7491e-02  2.5812e-05
 8.8165e-02  2.5729e-05
 8.8845e-02  2.5670e-05
 8.9530e-02  2.5635e-05
 9.0220e-02  2.5625e-05
 9.0916e-02  2.5640e-05
 9.1617e-02  2.5680e-05
 9.2323e-02  2.5746e-05
 9.3035e-02  2.5838e-05
 9.3752e-02  2.5956e-05
 9.4475e-02  2.6101e-05
 9.5203e-02  2.6273e-05
 9.5937e-02  2.6472e-05
 9.6677e-02  2.6700e-05
 9.7422e-02  2.6956e-05
 9.8174e-02  2.7241e-05
 9.8931e-02  2.7555e-05
 9.9693e-02  2.7900e-05
 1.0046e-01  2.8275e-05
 1.0124e-01  2.8682e-05
 1.0202e-01  2.9120e-05
 1.0280e-01  2.9592e-05
 1.0360e-01  3.0096e-05
 1.0439e-01  3.0635e-05
 1.0520e-01  3.1209e-05
 1.0601e-01  3.1819e-05
 1.0683e-01  3.2466e-05
 1.0765e-01  3.3151e-05
 1.0848e-01  3.3874e-05
 1.0932e-01  3.4637e-05
 1.1016e-01  3.5441e-05
 1.1101e-01  3.6288e-05
 1.1187e-01  3.7177e-05
 1.1273e-01  3.8112e-05
 1.1360e-01  3.9092e-05
 1.1447e-01  4.0120e-05
 1.1536e-01  4.1197e-05
 1.1625e-01  4.2324e-05
 1.1714e-01  4.3504e-05
 1.1805e-01  4.4737e-05
 1.1896e-01  4.6027e-05
 1.1987e-01  4.7374e-05
 1.2080e-01  4.8781e-05
 1.2173e-01  5.0251e-05
 1.2267e-01  5.1784e-05
 1.2361e-01  5.3384e-05
 1.2457e-01  5.5054e-05
 1.2553e-01  5.6796e-05
 1.2649e-01  5.8612e-05
 1.2747e-01  6.0506e-05
 1.2845e-01  6.2481e-05
 1.2944e-01  6.4541e-05
 1.3044e-01  6.6688e-05
 1.3145e-01  6.8927e-05
 1.3246e-01  7.1262e-05
 1.3348e-01  7.3696e-05
 1.3451e-01  7.6235e-05
 1.3555e-01  7.8883e-05
 1.3659e-01  8.1644e-05
 1.3764e-01  8.4525e-05
 1.3871e-01  8.7531e-05
 1.3978e-01  9.0667e-05
 1.4085e-01  9.3942e-05
 1.4194e-01  9.7360e-05
 1.4303e-01  1.0093e-04
 1.4414e-01  1.0466e-04
 1.4525e-01  1.0856e-04
 1.4637e-01  1.1263e-04
 1.4750e-01  1.1689e-04
 1.4863e-01  1.2134e-04
 1.4978e-01  1.2601e-04
 1.5093e-01  1.3089e-04
 1.5210e-01  1.3600e-04
 1.5327e-01  1.4136e-04
 1.5445e-01  1.4698e-04
 1.5564e-01  1.5288e-04
 1.5684e-01  1.5907e-04
 1.5805e-01  1.6557e-04
 1.5927e-01  1.7241e-04
 1.6050e-01  1.7960e-04
 1.6174e-01  1.8717e-04
 1.6298e-01  1.9515e-04
 1.6424e-01  2.0357e-04
 1.6551e-01  2.1246e-04
 1.6678e-01  2.2186e-04
 1.6807e-01  2.3180e-04
 1.6936e-01  2.4234e-04
 1.7067e-01  2.5352e-04
 1.7198e-01  2.6541e-04
 1.7331e-01  2.7807e-04
 1.7465e-01  2.9157e-04
 1.7599e-01  3.0602e-04
 1.7735e-01  3.2150e-04
 1.7872e-01  3.3817e-04
 1.8010e-01  3.5616e-04
 1.8148e-01  3.7569e-04
 1.8288e-01  3.9704e-04
 1.8429e-01  4.2059e-04
 1.8571e-01  4.4705e-04
 1.8715e-01  4.7850e-04
 1.8859e-01  5.1518e-04
 1.9004e-01  5.5236e-04
 1.9151e-01  5.9006e-04
 1.9299e-01  6.2837e-04
 1.9447e-01  6.6741e-04
 1.9597e-01  7.0733e-04
 1.9748e-01  7.4832e-04
 1.9901e-01  7.9063e-04
 2.0054e-01  8.3455e-04
 2.0209e-01  8.8046e-04
 2.0364e-01  9.2887e-04
 2.0521e-01  9.8047e-04
 2.0680e-01  1.0363e-03
 2.0839e-01  1.0978e-03
 2.1000e-01  1.1681e-03
 2.1162e-01  1.0224e-03
 2.1325e-01  2.9445e-04
 2.1489e-01  1.4934e-04
 2.1655e-01  9.7571e-05
 2.1822e-01  7.2354e-05
 2.1990e-01  5.7789e-05
 2.2160e-01  4.8435e-05
 2.2331e-01  4.1977e-05
 2.2503e-01  3.7281e-05
 2.2676e-01  3.3728e-05
 2.2851e-01  3.0957e-05
 2.3027e-01  2.8744e-05
 2.3205e-01  2.6940e-05
 2.3384e-01  2.5446e-05
 2.3564e-01  2.4192e-05
 2.3746e-01  2.3127e-05
 2.3929e-01  2.2214e-05
 2.4113e-01  2.1425e-05
 2.4299e-01  2.0738e-05
 2.4486e-01  2.0137e-05
 2.4675e-01  1.9608e-05
 2.4865e-01  1.9140e-05
 2.5057e-01  1.8724e-05
 2.5250e-01  1.8355e-05
 2.5445e-01  1.8025e-05
 2.5641e-01  1.7730e-05
 2.5839e-01  1.7466e-05
 2.6038e-01  1.7230e-05
 2.6239e-01  1.7018e-05
 2.6441e-01  1.6828e-05
 2.6645e-01  1.6658e-05
 2.6851e-01  1.6506e-05
 2.7058e-01  1.6290e-16
 2.7266e-01  8.1844e-17
 2.7476e-01  6.4568e-17
 2.7688e-01  5.6547e-17
 2.7902e-01  5.1937e-17
 2.8117e-01  3.9820e-17
 2.8334e-01  3.6106e-17
 2.8552e-01  3.3974e-17
 2.8772e-01  3.2612e-17
 2.8994e-01  3.1712e-17
 2.9218e-01  3.1117e-17
 2.9443e-01  3.0741e-17
 2.9670e-01  3.0529e-17
 2.9899e-01  3.0443e-17
 3.0129e-01  3.0459e-17
 3.0361e-01  3.0560e-17
 3.0595e-01  3.0731e-17
 3.0831e-01  3.0962e-17
 3.1069e-01  3.1246e-17
 3.1309e-01  3.1576e-17
 3.1550e-01  3.1948e-17
 3.1793e-01  3.2359e-17
 3.2038e-01  3.2803e-17
 3.2285e-01  3.3280e-17
 3.2534e-01  3.3787e-17
 3.2785e-01  3.4321e-17
 3.3038e-01  3.4882e-17
 3.3293e-01  3.5469e-17
 3.3549e-01  3.6079e-17
 3.3808e-01  3.6713e-17
 3.4069e-01  3.7368e-17
 3.4331e-01  3.8046e-17
 3.4596e-01  3.8744e-17
 3.4863e-01  3.9463e-17
 3.5132e-01  4.0202e-17
 3.5402e-01  4.0960e-17
 3.5675e-01  4.1738e-17
 3.5950e-01  4.2534e-17
 3.6228e-01  4.3349e-17
 3.6507e-01  4.4182e-17
 3.6788e-01  4.5033e-17
 3.7072e-01  4.5901e-17
 3.7358e-01  4.6787e-17
 3.7646e-01  4.7691e-17
 3.7936e-01  4.8611e-17
 3.8229e-01  4.9549e-17
 3.8523e-01  5.0503e-17
 3.8820e-01  5.1473e-17
 3.9120e-01  5.2460e-17
 3.9421e-01  5.3464e-17
 3.9725e-01  5.4483e-17
 4.0031e-01  5.5518e-17
 4.0340e-01  5.6569e-17
 4.0651e-01  5.7636e-17
 4.0965e-01  5.8718e-17
 4.1280e-01  5.9815e-17
 4.1599e-01  6.0927e-17
 4.1919e-01  6.2054e-17
 4.2243e-01  6.3196e-17
 4.2568e-01  6.4353e-17
 4.2896e-01  6.5524e-17
 4.3227e-01  6.6709e-17
 4.3560e-01  6.7908e-17
 4.3896e-01  6.9121e-17
 4.4235e-01  7.0347e-17
 4.4576e-01  7.1587e-17
 4.4920e-01  7.2840e-17
 4.5266e-01  7.4106e-17
 4.5615e-01  7.5385e-17
 4.5967e-01  7.6676e-17
 4.6321e-01  7.7979e-17
 4.6678e-01  7.9295e-17
 4.7038e-01  8.0622e-17
 4.7401e-01  8.1960e-17
 4.7766e-01  8.3310e-17
 4.8134e-01  8.4670e-17
 4.8505e-01  8.6041e-17
 4.8879e-01  8.7423e-17
 4.9256e-01  8.8814e-17
 4.9636e-01  9.0215e-17
 5.0019e-01  9.1626e-17
 5.0404e-01  9.3045e-17
 5.0793e-01  9.4473e-17
 5.1185e-01  9.5910e-17
 5.1579e-01  9.7355e-17
 5.1977e-01  9.8807e-17
 5.2378e-01  1.0027e-16
 5.2781e-01  1.0173e-16
 5.3188e-01  1.0321e-16
 5.3599e-01  1.0468e-16
 5.4012e-01  1.0617e-16
 5.4428e-01  1.0766e-16
 5.4848e-01  1.0916e-16
 5.5271e-01  1.1066e-16
 5.5697e-01  1.1216e-16
 5.6126e-01  1.1367e-16
 5.6559e-01  1.1518e-16
 5.6995e-01  1.1669e-16
 5.7434e-01  1.1821e-16
 5.7877e-01  1.1973e-16
 5.8324e-01  1.2125e-16
 5.8773e-01  1.2277e-16
 5.9226e-01  1.2429e-16
 5.9683e-01  1.2581e-16
 6.0143e-01  1.2733e-16
 6.0607e-01  1.2885e-16
 6.1074e-01  1.3037e-16
 6.1545e-01  1.3189e-16
 6.2020e-01  1.3340e-16
 6.2498e-01  1.3491e-16
 6.2980e-01  1.3642e-16
 6.3465e-01  1.3793e-16
 6.3954e-01  1.3943e-16
 6.4448e-01  1.4092e-16
 6.4944e-01  1.4241e-16
 6.5445e-01  1.4390e-16
 6.5950e-01  1.4538e-16
 6.6458e-01  1.4685e-16
 6.6971e-01  1.4831e-16
 6.7487e-01  1.4977e-16
 6.8007e-01  1.5122e-16
 6.8532e-01  1.5266e-16
 6.9060e-01  1.5408e-16
 6.9592e-01  1.5550e-16
 7.0129e-01  1.5691e-16
 7.0670e-01  1.5831e-16
 7.1214e-01  1.5970e-16
 7.1764e-01  1.6107e-16
 7.2317e-01  1.6243e-16
 7.2874e-01  1.6378e-16
 7.3436e-01  1.6512e-16
 7.4002e-01  1.6644e-16
 7.4573e-01  1.6775e-16
 7.5148e-01  1.6904e-16
 7.5727e-01  1.7032e-16
 7.6311e-01  1.7158e-16
 7.6900e-01  1.7282e-16
 7.7492e-01  1.7405e-16
 7.8090e-01  1.7525e-16
 7.8692e-01  1.7645e-16
 7.9299e-01  1.7762e-16
 7.9910e-01  1.7877e-16
 8.0526e-01  1.7991e-16
 8.1147e-01  1.8102e-16
 8.1773e-01  1.8211e-16
 8.2403e-01  1.8319e-16
 8.3039e-01  1.8424e-16
 8.3679e-01  1.8527e-16
 8.4324e-01  1.8627e-16
 8.4974e-01  1.8726e-16
 8.5629e-01  1.8822e-16
 8.6289e-01  1.8916e-16
 8.6955e-01  1.9007e-16
 8.7625e-01  1.9096e-16
 8.8301e-01  1.9183e-16
 8.8981e-01  1.9267e-16
 8.9668e-01  1.9349e-16
 9.0359e-01  1.9427e-16
 9.1056e-01  1.9504e-16
 9.1758e-01  1.9577e-16
 9.2465e-01  1.9648e-16
 9.3178e-01  1.9717e-16
 9.3896e-01  1.9782e-16
 9.4620e-01  1.9845e-16
 9.5350e-01  1.9905e-16
 9.6085e-01  1.9962e-16
 9.6826e-01  2.0016e-16
 9.7572e-01  2.0067e-16
 9.8325e-01  2.0116e-16
 9.9083e-01  2.0161e-16
 9.9847e-01  2.0203e-16
 1.0062e+00  2.0243e-16
 1.0139e+00  2.0279e-16
 1.0217e+00  2.0312e-16
 1.0296e+00  2.0343e-16
 1.0376e+00  2.0370e-16
 1.0456e+00  2.0394e-16
 1.0536e+00  2.0414e-16
 1.0617e+00  2.0432e-16
 1.0699e+00  2.0447e-16
 1.0782e+00  2.0458e-16
 1.0865e+00  2.0466e-16
 1.0949e+00  2.0471e-16
 1.1033e+00  2.0472e-16
 1.1118e+00  2.0471e-16
 1.1204e+00  2.0466e-16
 1.1290e+00  2.0458e-16
 1.1377e+00  2.0446e-16
 1.1465e+00  2.0432e-16
 1.1553e+00  2.0414e-16
 1.1642e+00  2.0392e-16
 1.1732e+00  2.0368e-16
 1.1823e+00  2.0340e-16
 1.1914e+00  2.0308e-16
 1.2006e+00  2.0274e-16
 1.2098e+00  2.0236e-16
 1.2192e+00  2.0195e-16
 1.2286e+00  2.0150e-16
 1.2380e+00  2.0102e-16
 1.2476e+00  2.0051e-16
 1.2572e+00  1.9997e-16
 1.2669e+00  1.9939e-16
 1.2766e+00  1.9878e-16
 1.2865e+00  1.9814e-16
 1.2964e+00  1.9746e-16
 1.3064e+00  1.9675e-16
 1.3165e+00  1.9601e-16
 1.3266e+00  1.9523e-16
 1.3369e+00  1.9443e-16
 1.3472e+00  1.9359e-16
 1.3575e+00  1.9271e-16
 1.3680e+00  1.9181e-16
 1.3786e+00  1.9087e-16
 1.3892e+00  1.8990e-16
 1.3999e+00  1.8890e-16
 1.4107e+00  1.8787e-16
 1.4216e+00  1.8681e-16
 1.4325e+00  1.8571e-16
 1.4436e+00  1.8459e-16
 1.4547e+00  1.8343e-16
 1.4659e+00  1.8224e-16
 1.4772e+00  1.8102e-16
 1.4886e+00  1.7977e-16
 1.5001e+00  1.7849e-16
 1.5117e+00  1.7719e-16
 1.5233e+00  1.7585e-16
 1.5351e+00  1.7448e-16
 1.5469e+00  1.7308e-16
 1.5588e+00  1.7165e-16
 1.5708e+00  1.7019e-16
 1.5829e+00  1.6871e-16
 1.5952e+00  1.6719e-16
 1.6074e+00  1.6565e-16
 1.6198e+00  1.6408e-16
 1.6323e+00  1.6248e-16
 1.6449e+00  1.6085e-16
 1.6576e+00  1.5920e-16
 1.6704e+00  1.5752e-16
 1.6833e+00  1.5581e-16
 1.6962e+00  1.5407e-16
 1.7093e+00  1.5231e-16
 1.7225e+00  1.5052e-16
 1.7358e+00  1.4871e-16
 1.7492e+00  1.4687e-16
 1.7626e+00  1.4500e-16
 1.7762e+00  1.4311e-16
 1.7899e+00  1.4119e-16
 1.8037e+00  1.3925e-16
 1.8176e+00  1.3728e-16
 1.8316e+00  1.3529e-16
 1.8458e+00  1.3328e-16
 1.8600e+00  1.3124e-16
 1.8743e+00  1.2917e-16
 1.8888e+00  1.2708e-16
 1.9034e+00  1.2497e-16
 1.9180e+00  1.2284e-16
 1.9328e+00  1.2068e-16
 1.9477e+00  1.1850e-16
 1.9627e+00  1.1629e-16
 1.9779e+00  1.1406e-16
 1.9931e+00  1.1181e-16
 2.0085e+00  1.0953e-16
 2.0240e+00  1.0724e-16
 2.0396e+00  1.0492e-16
 2.0553e+00  1.0257e-16
 2.0711e+00  1.0021e-16
 2.0871e+00  9.7816e-17
 2.1032e+00  9.5403e-17
 2.1194e+00  9.2967e-17
 2.1358e+00  9.0507e-17
 2.1522e+00  8.8024e-17
 2.1688e+00  8.5516e-17
 2.1855e+00  8.2985e-17
 2.2024e+00  8.0428e-17
 2.2194e+00  7.7846e-17
 2.2365e+00  7.5239e-17
 2.2537e+00  7.2604e-17
 2.2711e+00  6.9943e-17
 2.2886e+00  6.7253e-17
 2.3063e+00  6.4533e-17
 2.3240e+00  6.1782e-17
 2.3420e+00  5.8998e-17
 2.3600e+00  5.6179e-17
 2.3782e+00  5.3323e-17
 2.3965e+00  5.0425e-17
 2.4150e+00  4.7481e-17
 2.4336e+00  4.4487e-17
 2.4524e+00  4.1432e-17
 2.4713e+00  3.8306e-17
 2.4904e+00  3.5091e-17
 2.5096e+00  3.1754e-17
 2.5289e+00  2.8227e-17
 2.5484e+00  2.4221e-17
 2.5681e+00  2.0365e-17
 2.5879e+00  1.7460e-17
 2.6078e+00  1.5373e-17
 2.6279e+00  1.4017e-17
 2.6482e+00  1.3323e-17
 2.6686e+00  1.3229e-17
 2.6892e+00  1.3679e-17
 2.7099e+00  1.4623e-17
 2.7308e+00  1.6014e-17
 2.7519e+00  1.7810e-17
 2.7731e+00  1.9969e-17
 2.7945e+00  2.2453e-17
 2.8160e+00  2.5229e-17
 2.8377e+00  2.8261e-17
 2.8596e+00  3.1520e-17
 2.8816e+00  3.4977e-17
 2.9039e+00  3.8603e-17
 2.9262e+00  4.2374e-17
 2.9488e+00  4.6264e-17
 2.9715e+00  5.0252e-17
 2.9945e+00  5.4315e-17
 3.0175e+00  5.8435e-17
 3.0408e+00  6.2591e-17
 3.0643e+00  6.6766e-17
 3.0879e+00  7.0943e-17
 3.1117e+00  7.5107e-17
 3.1357e+00  7.9243e-17
 3.1598e+00  8.3337e-17
 3.1842e+00  8.7375e-17
 3.2088e+00  9.1346e-17
 3.2335e+00  9.5236e-17
 3.2584e+00  9.9036e-17
 3.2836e+00  1.0273e-16
 3.3089e+00  1.0632e-16
 3.3344e+00  1.0978e-16
 3.3601e+00  1.1311e-16
 3.3860e+00  1.1630e-16
 3.4121e+00  1.1933e-16
 3.4384e+00  1.2220e-16
 3.4649e+00  1.2488e-16
 3.4916e+00  1.2738e-16
 3.5186e+00  1.2965e-16
 3.5457e+00  1.3165e-16
 3.5730e+00  1.3421e-16
 3.6006e+00  1.3828e-16
 3.6283e+00  1.4312e-16
 3.6563e+00  1.4850e-16
 3.6845e+00  1.5426e-16
 3.7129e+00  1.6033e-16
 3.7415e+00  1.6662e-16
 3.7704e+00  1.7307e-16
 3.7994e+00  1.7965e-16
 3.8287e+00  1.8631e-16
 3.8583e+00  1.9302e-16
 3.8880e+00  1.9974e-16
 3.9180e+00  2.0645e-16
 3.9482e+00  2.1313e-16
 3.9786e+00  2.1976e-16
 4.0093e+00  2.2632e-16
 4.0402e+00  2.3279e-16
 4.0714e+00  2.3916e-16
 4.1028e+00  2.4541e-16
 4.1344e+00  2.5154e-16
 4.1663e+00  2.5754e-16
 4.1984e+00  2.6340e-16
 4.2308e+00  2.6910e-16
 4.2634e+00  2.7465e-16
 4.2962e+00  2.8003e-16
 4.3294e+00  2.8525e-16
 4.3627e+00  2.9029e-16
 4.3964e+00  2.9516e-16
 4.4303e+00  2.9985e-16
 4.4644e+00  3.0436e-16
 4.4989e+00  3.0869e-16
 4.5335e+00  3.1283e-16
 4.5685e+00  3.1679e-16
 4.6037e+00  3.2056e-16
 4.6392e+00  3.2415e-16
 4.6750e+00  3.2756e-16
 4.7110e+00  3.3078e-16
 4.7473e+00  3.3382e-16
 4.7839e+00  3.3667e-16
 4.8208e+00  3.3935e-16
 4.8580e+00  3.4185e-16
 4.8955e+00  3.4417e-16
 4.9332e+00  3.4632e-16
 4.9712e+00  3.4830e-16
 5.0096e+00  3.5011e-16
 5.0482e+00  3.5176e-16
 5.0871e+00  3.5324e-16
 5.1263e+00  3.5456e-16
 5.1659e+00  3.5572e-16
 5.2057e+00  3.5673e-16
 5.2458e+00  3.5759e-16
 5.2863e+00  3.5830e-16
 5.3270e+00  3.5887e-16
 5.3681e+00  3.5930e-16
 5.4095e+00  3.5958e-16
 5.4512e+00  3.5974e-16
 5.4932e+00  3.5976e-16
 5.5356e+00  3.5965e-16
 5.5782e+00  3.5942e-16
 5.6213e+00  3.5908e-16
 5.6646e+00  3.5861e-16
 5.7083e+00  3.5803e-16
 5.7523e+00  3.5734e-16
 5.7966e+00  3.5654e-16
 5.8413e+00  3.5564e-16
 5.8864e+00  3.5463e-16
 5.9317e+00  3.5353e-16
 5.9775e+00  3.5234e-16
 6.0236e+00  3.5106e-16
 6.0700e+00  3.4969e-16
 6.1168e+00  3.4823e-16
 6.1640e+00  3.4669e-16
 6.2115e+00  3.4508e-16
 6.2594e+00  3.4338e-16
 6.3076e+00  3.4162e-16
 6.3563e+00  3.3979e-16
 6.4053e+00  3.3788e-16
 6.4547e+00  3.3592e-16
 6.5044e+00  3.3389e-16
 6.5546e+00  3.3180e-16
 6.6051e+00  3.2966e-16
 6.6560e+00  3.2746e-16
 6.7074e+00  3.2521e-16
 6.7591e+00  3.2292e-16
 6.8112e+00  3.2057e-16
 6.8637e+00  3.1818e-16
 6.9166e+00  3.1574e-16
 6.9699e+00  3.1327e-16
 7.0237e+00  3.1075e-16
 7.0778e+00  3.0820e-16
 7.1324e+00  3.0561e-16
 7.1874e+00  3.0298e-16
 7.2428e+00  3.0033e-16
 7.2986e+00  2.9764e-16
 7.3549e+00  2.9492e-16
 7.4116e+00  2.9217e-16
 7.4688e+00  2.8940e-16
 7.5263e+00  2.8660e-16
 7.5844e+00  2.8377e-16
 7.6429e+00  2.8092e-16
 7.7018e+00  2.7804e-16
 7.7612e+00  2.7513e-16
 7.8210e+00  2.7220e-16
 7.8813e+00  2.6924e-16
 7.9421e+00  2.6625e-16
 8.0033e+00  2.6323e-16
 8.0650e+00  2.6018e-16
 8.1272e+00  2.5708e-16
 8.1898e+00  2.5394e-16
 8.2530e+00  2.5073e-16
 8.3166e+00  2.4742e-16
 8.3807e+00  2.4391e-16
 8.4454e+00  2.4055e-16
 8.5105e+00  2.3743e-16
 8.5761e+00  2.3449e-16
 8.6422e+00  2.3171e-16
 8.7088e+00  2.2907e-16
 8.7760e+00  2.2653e-16
 8.8436e+00  2.2410e-16
 8.9118e+00  2.2176e-16
 8.9805e+00  2.1950e-16
 9.0498e+00  2.1731e-16
 9.1195e+00  2.1518e-16
 9.1899e+00  2.1312e-16
 9.2607e+00  2.1110e-16
 9.3321e+00  2.0913e-16
 9.4041e+00  2.0721e-16
 9.4766e+00  2.0532e-16
 9.5496e+00  2.0347e-16
 9.6233e+00  2.0164e-16
 9.6975e+00  1.9985e-16
 9.7722e+00  1.9809e-16
 9.8476e+00  1.9634e-16
 9.9235e+00  1.9462e-16
 1.0000e+01  1.9292e-16
