 1.0000e-02  3.1196e-01
 1.0069e-02  3.1196e-01
 1.0139e-02  3.1196e-01
 1.0210e-02  3.1196e-01
 1.0280e-02  3.1196e-01
 1.0352e-02  3.1196e-01
 1.0424e-02  3.1196e-01
 1.0496e-02  3.1196e-01
 1.0569e-02  3.1196e-01
 1.0642e-02  3.1196e-01
 1.0716e-02  3.1196e-01
 1.0790e-02  3.1196e-01
 1.0865e-02  3.1196e-01
 1.0941e-02  3.1196e-01
 1.1016e-02  3.1196e-01
 1.1093e-02  3.1196e-01
 1.1170e-02  3.1196e-01
 1.1247e-02  3.1196e-01
 1.1325e-02  3.1196e-01
 1.1404e-02  3.1196e-01
 1.1483e-02  3.1196e-01
 1.1563e-02  3.1196e-01
 1.1643e-02  3.1196e-01
 1.1724e-02  3.1196e-01
 1.1805e-02  3.1196e-01
 1.1887e-02  3.1196e-01
 1.1970e-02  3.1196e-01
 1.2053e-02  3.1196e-01
 1.2136e-02  3.1196e-01
 1.2220e-02  3.1196e-01
 1.2305e-02  3.1196e-01
 1.2391e-02  3.1196e-01
 1.2477e-02  3.1196e-01
 1.2563e-02  3.1196e-01
 1.2650e-02  3.1196e-01
 1.2738e-02  3.1197e-01
 1.2826e-02  3.1197e-01
 1.2915e-02  3.1197e-01
 1.3005e-02  3.1197e-01
 1.3095e-02  3.1197e-01
 1.3186e-02  3.1197e-01
 1.3278e-02  3.1197e-01
 1.3370e-02  3.1197e-01
 1.3463e-02  3.1197e-01
 1.3556e-02  3.1197e-01
 1.3650e-02  3.1197e-01
 1.3745e-02  3.1197e-01
 1.3840e-02  3.1197e-01
 1.3936e-02  3.1197e-01
 1.4033e-02  3.1197e-01
 1.4130e-02  3.1197e-01
 1.4228e-02  3.1197e-01
 1.4327e-02  3.1197e-01
 1.4426e-02  3.1197e-01
 1.4527e-02  3.1197e-01
 1.4627e-02  3.1197e-01
 1.4729e-02  3.1197e-01
 1.4831e-02  3.1197e-01
 1.4934e-02  3.1197e-01
 1.5038e-02  3.1197e-01
 1.5142e-02  3.1197e-01
 1.5247e-02  3.1197e-01
 1.5353e-02  3.1197e-01
 1.5459e-02  3.1197e-01
 1.5567e-02  3.1197e-01
 1.5675e-02  3.1197e-01
 1.5783e-02  3.1197e-01
 1.5893e-02  3.1197e-01
 1.6003e-02  3.1197e-01
 1.6114e-02  3.1197e-01
 1.6226e-02  3.1197e-01
 1.6339e-02  3.1197e-01
 1.6452e-02  3.1197e-01
 1.6566e-02  3.1197e-01
 1.6681e-02  3.1197e-01
 1.6797e-02  3.1197e-01
 1.6913e-02  3.1197e-01
 1.7031e-02  3.1197e-01
 1.7149e-02  3.1197e-01
 1.7268e-02  3.1197e-01
 1.7388e-02  3.1197e-01
 1.7508e-02  3.1197e-01
 1.7630e-02  3.1197e-01
 1.7752e-02  3.1197e-01
 1.7875e-02  3.1197e-01
 1.7999e-02  3.1197e-01
 1.8124e-02  3.1197e-01
 1.8250e-02  3.1197e-01
 1.8377e-02  3.1197e-01
 1.8504e-02  3.1197e-01
 1.8632e-02  3.1197e-01
 1.8762e-02  3.1197e-01
 1.8892e-02  3.1197e-01
 1.9023e-02  3.1197e-01
 1.9155e-02  3.1197e-01
 1.9288e-02  3.1197e-01
 1.9422e-02  3.1197e-01
 1.9557e-02  3.1197e-01
 1.9692e-02  3.1197e-01
 1.9829e-02  3.1197e-01
 1.9966e-02  3.1197e-01
 2.0105e-02  3.1197e-01
 2.0244e-02  3.1197e-01
 2.0385e-02  3.1197e-01
 2.0526e-02  3.1197e-01
 2.0669e-02  3.1197e-01
 2.0812e-02  3.1197e-01
 2.0957e-02  3.1197e-01
 2.1102e-02  3.1197e-01
 2.1248e-02  3.1197e-01
 2.1396e-02  3.1197e-01
 2.1544e-02  3.1197e-01
 2.1694e-02  3.1197e-01
 2.1844e-02  3.1197e-01
 2.1996e-02  3.1197e-01
 2.2149e-02  3.1197e-01
 2.2302e-02  3.1197e-01
 2.2457e-02  3.1197e-01
 2.2613e-02  3.1197e-01
 2.2770e-02  3.1197e-01
 2.2928e-02  3.1197e-01
 2.3087e-02  3.1197e-01
 2.3247e-02  3.1197e-01
 2.3408e-02  3.1197e-01
 2.3571e-02  3.1197e-01
 2.3734e-02  3.1197e-01
 2.3899e-02  3.1197e-01
 2.4065e-02  3.1197e-01
 2.4232e-02  3.1197e-01
 2.4400e-02  3.1197e-01
 2.4569e-02  3.1197e-01
 2.4740e-02  3.1197e-01
 2.4911e-02  3.1197e-01
 2.5084e-02  3.1197e-01
 2.5258e-02  3.1197e-01
 2.5433e-02  3.1197e-01
 2.5610e-02  3.1197e-01
 2.5788e-02  3.1197e-01
 2.5967e-02  3.1197e-01
 2.6147e-02  3.1197e-01
 2.6328e-02  3.1197e-01
 2.6511e-02  3.1197e-01
 2.6695e-02  3.1197e-01
 2.6880e-02  3.1197e-01
 2.7067e-02  3.1197e-01
 2.7254e-02  3.1197e-01
 2.7443e-02  3.1197e-01
 2.7634e-02  3.1197e-01
 2.7826e-02  3.1197e-01
 2.8019e-02  3.1197e-01
 2.8213e-02  3.1197e-01
 2.8409e-02  3.1197e-01
 2.8606e-02  3.1197e-01
 2.8804e-02  3.1197e-01
 2.9004e-02  3.1197e-01
 2.9206e-02  3.1197e-01
 2.9408e-02  3.1197e-01
 2.9612e-02  3.1197e-01
 2.9818e-02  3.1197e-01
 3.0025e-02  3.1197e-01
 3.0233e-02  3.1197e-01
 3.0443e-02  3.1197e-01
 3.0654e-02  3.1197e-01
 3.0867e-02  3.1197e-01
 3.1081e-02  3.1197e-01
 3.1296e-02  3.1197e-01
 3.1514e-02  3.1197e-01
 3.1732e-02  3.1197e-01
 3.1952e-02  3.1197e-01
 3.2174e-02  3.1197e-01
 3.2397e-02  3.1197e-01
 3.2622e-02  3.1197e-01
 3.2849e-02  3.1197e-01
 3.3076e-02  3.1197e-01
 3.3306e-02  3.1197e-01
 3.3537e-02  3.1197e-01
 3.3770e-02  3.1197e-01
 3.4004e-02  3.1197e-01
 3.4240e-02  3.1197e-01
 3.4478e-02  3.1197e-01
 3.4717e-02  3.1197e-01
 3.4958e-02  3.1197e-01
 3.5200e-02  3.1197e-01
 3.5445e-02  3.1197e-01
 3.5690e-02  3.1197e-01
 3.5938e-02  3.1197e-01
 3.6187e-02  3.1197e-01
 3.6439e-02  3.1197e-01
 3.6691e-02  3.1197e-01
 3.6946e-02  3.1197e-01
 3.7202e-02  3.1197e-01
 3.7461e-02  3.1197e-01
 3.7720e-02  3.1197e-01
 3.7982e-02  3.1197e-01
 3.8246e-02  3.1197e-01
 3.8511e-02  3.1197e-01
 3.8778e-02  3.1197e-01
 3.9047e-02  3.1197e-01
 3.9318e-02  3.1197e-01
 3.9591e-02  3.1197e-01
 3.9866e-02  3.1197e-01
 4.0142e-02  3.1197e-01
 4.0421e-02  3.1197e-01
 4.0701e-02  3.1197e-01
 4.0984e-02  3.1197e-01
 4.1268e-02  3.1197e-01
 4.1555e-02  3.1197e-01
 4.1843e-02  3.1197e-01
 4.2133e-02  3.1197e-01
 4.2426e-02  3.1197e-01
 4.2720e-02  3.1197e-01
 4.3016e-02  3.1197e-01
 4.3315e-02  3.1197e-01
 4.3615e-02  3.1197e-01
 4.3918e-02  3.1197e-01
 4.4223e-02  3.1197e-01
 4.4530e-02  3.1197e-01
 4.4839e-02  3.1197e-01
 4.5150e-02  3.1197e-01
 4.5463e-02  3.1197e-01
 4.5778e-02  3.1197e-01
 4.6096e-02  3.1197e-01
 4.6416e-02  3.1197e-01
 4.6738e-02  3.1197e-01
 4.7062e-02  3.1197e-01
 4.7389e-02  3.1197e-01
 4.7718e-02  3.1197e-01
 4.8049e-02  3.1197e-01
 4.8382e-02  3.1197e-01
 4.8718e-02  3.1197e-01
 4.9056e-02  3.1197e-01
 4.9396e-02  3.1197e-01
 4.9739e-02  3.1197e-01
 5.0084e-02  3.1197e-01
 5.0432e-02  3.1197e-01
 5.0782e-02  3.1197e-01
 5.1134e-02  3.1197e-01
 5.1489e-02  3.1197e-01
 5.1846e-02  3.1197e-01
 5.2206e-02  3.1197e-01
 5.2568e-02  3.1197e-01
 5.2933e-02  3.1197e-01
 5.3300e-02  3.1197e-01
 5.3670e-02  3.1197e-01
 5.4042e-02  3.1197e-01
 5.4417e-02  3.1197e-01
 5.4795e-02  3.1197e-01
 5.5175e-02  3.1197e-01
 5.5558e-02  3.1197e-01
 5.5943e-02  3.1197e-01
 5.6331e-02  3.1197e-01
 5.6722e-02  3.1197e-01
 5.7116e-02  3.1197e-01
 5.7512e-02  3.1197e-01
 5.7911e-02  3.1197e-01
 5.8313e-02  3.1197e-01
 5.8718e-02  3.1197e-01
 5.9125e-02  3.1197e-01
 5.9535e-02  3.1197e-01
 5.9948e-02  3.1197e-01
 6.0364e-02  3.1197e-01
 6.0783e-02  3.1197e-01
 6.1205e-02  3.1197e-01
 6.1630e-02  3.1197e-01
 6.2057e-02  3.1197e-01
 6.2488e-02  3.1197e-01
 6.2921e-02  3.1197e-01
 6.3358e-02  3.1197e-01
 6.3798e-02  3.1197e-01
 6.4240e-02  3.1197e-01
 6.4686e-02  3.1197e-01
 6.5135e-02  3.1197e-01
 6.5587e-02  3.1197e-01
 6.6042e-02  3.1197e-01
 6.6500e-02  3.1197e-01
 6.6962e-02  3.1197e-01
 6.7426e-02  3.1197e-01
 6.7894e-02  3.1197e-01
 6.8365e-02  3.1197e-01
 6.8840e-02  3.1197e-01
 6.9317e-02  3.1197e-01
 6.9798e-02  3.1197e-01
 7.0282e-02  3.1197e-01
 7.0770e-02  3.1197e-01
 7.1261e-02  3.1197e-01
 7.1756e-02  3.1197e-01
 7.2253e-02  3.1197e-01
 7.2755e-02  3.1197e-01
 7.3260e-02  3.1197e-01
 7.3768e-02  3.1197e-01
 7.4280e-02  3.1197e-01
 7.4795e-02  3.1197e-01
 7.5314e-02  3.1197e-01
 7.5837e-02  3.1197e-01
 7.6363e-02  3.1197e-01
 7.6893e-02  3.1197e-01
 7.7426e-02  3.1197e-01
 7.7964e-02  3.1197e-01
 7.8505e-02  3.1197e-01
 7.9049e-02  3.1197e-01
 7.9598e-02  3.1197e-01
 8.0150e-02  3.1197e-01
 8.0706e-02  3.1197e-01
 8.1266e-02  3.1197e-01
 8.1830e-02  3.1197e-01
 8.2398e-02  3.1197e-01
 8.2970e-02  3.1197e-01
 8.3545e-02  3.1197e-01
 8.4125e-02  3.1197e-01
 8.4709e-02  3.1197e-01
 8.5296e-02  3.1197e-01
 8.5888e-02  3.1197e-01
 8.6484e-02  3.1197e-01
 8.7084e-02  3.1197e-01
 8.7689e-02  3.1197e-01
 8.8297e-02  3.1197e-01
 8.8910e-02  3.1197e-01
 8.9527e-02  3.1197e-01
 9.0148e-02  3.1197e-01
 9.0773e-02  3.1197e-01
 9.1403e-02  3.1197e-01
 9.2037e-02  3.1197e-01
 9.2676e-02  3.1197e-01
 9.3319e-02  3.1197e-01
 9.3966e-02  3.1197e-01
 9.4618e-02  3.1197e-01
 9.5275e-02  3.1197e-01
 9.5936e-02  3.1197e-01
 9.6602e-02  3.1197e-01
 9.7272e-02  3.1197e-01
 9.7947e-02  3.1197e-01
 9.8627e-02  3.1197e-01
 9.9311e-02  3.1197e-01
 1.0000e-01  3.1197e-01
 1.0069e-01  3.1197e-01
 1.0139e-01  3.1197e-01
 1.0210e-01  3.1197e-01
 1.0280e-01  3.1197e-01
 1.0352e-01  3.1197e-01
 1.0424e-01  3.1197e-01
 1.0496e-01  3.1197e-01
 1.0569e-01  3.1197e-01
 1.0642e-01  3.1197e-01
 1.0716e-01  3.1197e-01
 1.0790e-01  3.1197e-01
 1.0865e-01  3.1197e-01
 1.0941e-01  3.1197e-01
 1.1016e-01  3.1197e-01
 1.1093e-01  3.1197e-01
 1.1170e-01  3.1197e-01
 1.1247e-01  3.1197e-01
 1.1325e-01  3.1197e-01
 1.1404e-01  3.1197e-01
 1.1483e-01  3.1197e-01
 1.1563e-01  3.1197e-01
 1.1643e-01  3.1197e-01
 1.1724e-01  3.1197e-01
 1.1805e-01  3.1197e-01
 1.1887e-01  3.1197e-01
 1.1970e-01  3.1197e-01
 1.2053e-01  3.1197e-01
 1.2136e-01  3.1197e-01
 1.2220e-01  3.1197e-01
 1.2305e-01  3.1197e-01
 1.2391e-01  3.1197e-01
 1.2477e-01  3.1197e-01
 1.2563e-01  3.1197e-01
 1.2650e-01  3.1197e-01
 1.2738e-01  3.1197e-01
 1.2826e-01  3.1197e-01
 1.2915e-01  3.1197e-01
 1.3005e-01  3.1197e-01
 1.3095e-01  3.1197e-01
 1.3186e-01  3.1197e-01
 1.3278e-01  3.1197e-01
 1.3370e-01  3.1197e-01
 1.3463e-01  3.1197e-01
 1.3556e-01  3.1197e-01
 1.3650e-01  3.1197e-01
 1.3745e-01  3.1197e-01
 1.3840e-01  3.1197e-01
 1.3936e-01  3.1197e-01
 1.4033e-01  3.1197e-01
 1.4130e-01  3.1197e-01
 1.4228e-01  3.1197e-01
 1.4327e-01  3.1197e-01
 1.4426e-01  3.1197e-01
 1.4527e-01  3.1197e-01
 1.4627e-01  3.1197e-01
 1.4729e-01  3.1197e-01
 1.4831e-01  3.1197e-01
 1.4934e-01  3.1197e-01
 1.5038e-01  3.1197e-01
 1.5142e-01  3.1197e-01
 1.5247e-01  3.1197e-01
 1.5353e-01  3.1197e-01
 1.5459e-01  3.1197e-01
 1.5567e-01  3.1197e-01
 1.5675e-01  3.1197e-01
 1.5783e-01  3.1197e-01
 1.5893e-01  3.1197e-01
 1.6003e-01  3.1197e-01
 1.6114e-01  3.1197e-01
 1.6226e-01  3.1197e-01
 1.6339e-01  3.1197e-01
 1.6452e-01  3.1197e-01
 1.6566e-01  3.1197e-01
 1.6681e-01  3.1197e-01
 1.6797e-01  3.1197e-01
 1.6913e-01  3.1197e-01
 1.7031e-01  3.1197e-01
 1.7149e-01  3.1197e-01
 1.7268e-01  3.1197e-01
 1.7388e-01  3.1197e-01
 1.7508e-01  3.1197e-01
 1.7630e-01  3.1197e-01
 1.7752e-01  3.1197e-01
 1.7875e-01  3.1197e-01
 1.7999e-01  3.1197e-01
 1.8124e-01  3.1197e-01
 1.8250e-01  3.1197e-01
 1.8377e-01  3.1197e-01
 1.8504e-01  3.1197e-01
 1.8632e-01  3.1197e-01
 1.8762e-01  3.1197e-01
 1.8892e-01  3.1197e-01
 1.9023e-01  3.1197e-01
 1.9155e-01  3.1197e-01
 1.9288e-01  3.1197e-01
 1.9422e-01  3.1197e-01
 1.9557e-01  3.1197e-01
 1.9692e-01  3.1197e-01
 1.9829e-01  3.1197e-01
 1.9966e-01  3.1197e-01
 2.0105e-01  3.1197e-01
 2.0244e-01  3.1197e-01
 2.0385e-01  3.1197e-01
 2.0526e-01  3.1197e-01
 2.0669e-01  3.1197e-01
 2.0812e-01  3.1197e-01
 2.0957e-01  3.1197e-01
 2.1102e-01  3.1197e-01
 2.1248e-01  3.4399e-01
 2.1396e-01  3.5861e-01
 2.1544e-01  3.6878e-01
 2.1694e-01  3.7680e-01
 2.1844e-01  3.8349e-01
 2.1996e-01  3.8926e-01
 2.2149e-01  3.9432e-01
 2.2302e-01  3.9884e-01
 2.2457e-01  4.0292e-01
 2.2613e-01  4.0663e-01
 2.2770e-01  4.1003e-01
 2.2928e-01  4.1317e-01
 2.3087e-01  4.1607e-01
 2.3247e-01  4.1876e-01
 2.3408e-01  4.2128e-01
 2.3571e-01  4.2363e-01
 2.3734e-01  4.2584e-01
 2.3899e-01  4.2792e-01
 2.4065e-01  4.2987e-01
 2.4232e-01  4.3172e-01
 2.4400e-01  4.3347e-01
 2.4569e-01  4.3512e-01
 2.4740e-01  4.3669e-01
 2.4911e-01  4.3818e-01
 2.5084e-01  4.3959e-01
 2.5258e-01  4.4094e-01
 2.5433e-01  4.4222e-01
 2.5610e-01  4.4345e-01
 2.5788e-01  4.4461e-01
 2.5967e-01  4.4573e-01
 2.6147e-01  4.4680e-01
 2.6328e-01  4.4782e-01
 2.6511e-01  4.4879e-01
 2.6695e-01  4.4973e-01
 2.6880e-01  4.5062e-01
 2.7067e-01  4.5148e-01
 2.7254e-01  4.5231e-01
 2.7443e-01  4.5310e-01
 2.7634e-01  4.5386e-01
 2.7826e-01  4.5459e-01
 2.8019e-01  4.5529e-01
 2.8213e-01  4.5596e-01
 2.8409e-01  4.5661e-01
 2.8606e-01  4.5724e-01
 2.8804e-01  4.5784e-01
 2.9004e-01  4.5841e-01
 2.9206e-01  4.5897e-01
 2.9408e-01  4.5951e-01
 2.9612e-01  4.6002e-01
 2.9818e-01  4.6052e-01
 3.0025e-01  4.6100e-01
 3.0233e-01  4.6147e-01
 3.0443e-01  4.6191e-01
 3.0654e-01  4.6235e-01
 3.0867e-01  4.6276e-01
 3.1081e-01  4.6316e-01
 3.1296e-01  4.6355e-01
 3.1514e-01  4.6393e-01
 3.1732e-01  4.6429e-01
 3.1952e-01  4.6464e-01
 3.2174e-01  4.6498e-01
 3.2397e-01  4.6530e-01
 3.2622e-01  4.6562e-01
 3.2849e-01  4.6592e-01
 3.3076e-01  4.6622e-01
 3.3306e-01  4.6650e-01
 3.3537e-01  4.6678e-01
 3.3770e-01  4.6705e-01
 3.4004e-01  4.6730e-01
 3.4240e-01  4.6755e-01
 3.4478e-01  4.6780e-01
 3.4717e-01  4.6803e-01
 3.4958e-01  4.6826e-01
 3.5200e-01  4.6848e-01
 3.5445e-01  4.6869e-01
 3.5690e-01  4.6889e-01
 3.5938e-01  4.6909e-01
 3.6187e-01  4.6928e-01
 3.6439e-01  4.6947e-01
 3.6691e-01  4.6965e-01
 3.6946e-01  4.6983e-01
 3.7202e-01  4.7000e-01
 3.7461e-01  4.7016e-01
 3.7720e-01  4.7032e-01
 3.7982e-01  4.7047e-01
 3.8246e-01  4.7062e-01
 3.8511e-01  4.7077e-01
 3.8778e-01  4.7091e-01
 3.9047e-01  4.7105e-01
 3.9318e-01  4.7118e-01
 3.9591e-01  4.7131e-01
 3.9866e-01  4.7143e-01
 4.0142e-01  4.7155e-01
 4.0421e-01  4.7167e-01
 4.0701e-01  4.7178e-01
 4.0984e-01  4.7189e-01
 4.1268e-01  4.7200e-01
 4.1555e-01  4.7210e-01
 4.1843e-01  4.7220e-01
 4.2133e-01  4.7230e-01
 4.2426e-01  4.7239e-01
 4.2720e-01  4.7248e-01
 4.3016e-01  4.7257e-01
 4.3315e-01  4.7266e-01
 4.3615e-01  4.7274e-01
 4.3918e-01  4.7282e-01
 4.4223e-01  4.7290e-01
 4.4530e-01  4.7297e-01
 4.4839e-01  4.7305e-01
 4.5150e-01  4.7312e-01
 4.5463e-01  4.7319e-01
 4.5778e-01  4.7325e-01
 4.6096e-01  4.7332e-01
 4.6416e-01  4.7338e-01
 4.6738e-01  4.7344e-01
 4.7062e-01  4.7350e-01
 4.7389e-01  4.7356e-01
 4.7718e-01  4.7362e-01
 4.8049e-01  4.7367e-01
 4.8382e-01  4.7372e-01
 4.8718e-01  4.7377e-01
 4.9056e-01  4.7382e-01
 4.9396e-01  4.7387e-01
 4.9739e-01  4.7391e-01
 5.0084e-01  4.7396e-01
 5.0432e-01  4.7400e-01
 5.0782e-01  4.7404e-01
 5.1134e-01  4.7408e-01
 5.1489e-01  4.7412e-01
 5.1846e-01  4.7416e-01
 5.2206e-01  4.7419e-01
 5.2568e-01  4.7423e-01
 5.2933e-01  4.7426e-01
 5.3300e-01  4.7429e-01
 5.3670e-01  4.7432e-01
 5.4042e-01  4.7435e-01
 5.4417e-01  4.7438e-01
 5.4795e-01  4.7440e-01
 5.5175e-01  4.7443e-01
 5.5558e-01  4.7445e-01
 5.5943e-01  4.7447e-01
 5.6331e-01  4.7449e-01
 5.6722e-01  4.7451e-01
 5.7116e-01  4.7453e-01
 5.7512e-01  4.7454e-01
 5.7911e-01  4.7455e-01
 5.8313e-01  4.7456e-01
 5.8718e-01  4.7457e-01
 5.9125e-01  4.7458e-01
 5.9535e-01  4.7458e-01
 5.9948e-01  4.7458e-01
 6.0364e-01  4.7458e-01
 6.0783e-01  4.7458e-01
 6.1205e-01  4.7457e-01
 6.1630e-01  4.7456e-01
 6.2057e-01  4.7454e-01
 6.2488e-01  4.7452e-01
 6.2921e-01  4.7449e-01
 6.3358e-01  4.7446e-01
 6.3798e-01  4.7441e-01
 6.4240e-01  4.7436e-01
 6.4686e-01  4.7430e-01
 6.5135e-01  4.7423e-01
 6.5587e-01  4.7415e-01
 6.6042e-01  4.7404e-01
 6.6500e-01  4.7392e-01
 6.6962e-01  4.7378e-01
 6.7426e-01  4.7361e-01
 6.7894e-01  4.7340e-01
 6.8365e-01  4.7316e-01
 6.8840e-01  4.7286e-01
 6.9317e-01  4.7250e-01
 6.9798e-01  4.7206e-01
 7.0282e-01  4.7151e-01
 7.0770e-01  4.7084e-01
 7.1261e-01  4.6998e-01
 7.1756e-01  4.6889e-01
 7.2253e-01  4.6747e-01
 7.2755e-01  4.6560e-01
 7.3260e-01  4.6308e-01
 7.3768e-01  4.5958e-01
 7.4280e-01  4.5459e-01
 7.4795e-01  4.4720e-01
 7.5314e-01  4.3575e-01
 7.5837e-01  4.1707e-01
 7.6363e-01  3.8471e-01
 7.6893e-01  3.2579e-01
 7.7426e-01  2.2153e-01
 7.7964e-01  9.5658e-02
 7.8505e-01  8.6955e-02
 7.9049e-01  1.9211e-01
 7.9598e-01  2.8855e-01
 8.0150e-01  3.4877e-01
 8.0706e-01  3.8357e-01
 8.1266e-01  4.0527e-01
 8.1830e-01  4.1954e-01
 8.2398e-01  4.2938e-01
 8.2970e-01  4.3646e-01
 8.3545e-01  4.4173e-01
 8.4125e-01  4.4578e-01
 8.4709e-01  4.4896e-01
 8.5296e-01  4.5153e-01
 8.5888e-01  4.5362e-01
 8.6484e-01  4.5537e-01
 8.7084e-01  4.5684e-01
 8.7689e-01  4.5808e-01
 8.8297e-01  4.5915e-01
 8.8910e-01  4.6006e-01
 8.9527e-01  4.6073e-01
 9.0148e-01  4.6114e-01
 9.0773e-01  4.6150e-01
 9.1403e-01  4.6181e-01
 9.2037e-01  4.6208e-01
 9.2676e-01  4.6232e-01
 9.3319e-01  4.6253e-01
 9.3966e-01  4.6273e-01
 9.4618e-01  4.6293e-01
 9.5275e-01  4.6316e-01
 9.5936e-01  4.6343e-01
 9.6602e-01  4.6379e-01
 9.7272e-01  4.6429e-01
 9.7947e-01  4.6502e-01
 9.8627e-01  4.6612e-01
 9.9311e-01  4.6452e-01
 1.0000e+00  4.6269e-01
 1.0069e+00  4.4218e-01
 1.0139e+00  2.9432e-01
 1.0210e+00  9.5372e-02
 1.0280e+00  2.8678e-01
 1.0352e+00  3.5961e-01
 1.0424e+00  3.8864e-01
 1.0496e+00  4.0280e-01
 1.0569e+00  4.1053e-01
 1.0642e+00  4.1498e-01
 1.0716e+00  4.1757e-01
 1.0790e+00  4.1907e-01
 1.0865e+00  4.1999e-01
 1.0941e+00  4.2069e-01
 1.1016e+00  4.2129e-01
 1.1093e+00  4.2185e-01
 1.1170e+00  4.2235e-01
 1.1247e+00  4.2275e-01
 1.1325e+00  4.2300e-01
 1.1404e+00  4.2303e-01
 1.1483e+00  4.2281e-01
 1.1563e+00  4.2237e-01
 1.1643e+00  4.2177e-01
 1.1724e+00  4.2106e-01
 1.1805e+00  4.2029e-01
 1.1887e+00  4.1951e-01
 1.1970e+00  4.1879e-01
 1.2053e+00  4.1811e-01
 1.2136e+00  4.1745e-01
 1.2220e+00  4.1682e-01
 1.2305e+00  4.1618e-01
 1.2391e+00  4.1552e-01
 1.2477e+00  4.1484e-01
 1.2563e+00  4.1416e-01
 1.2650e+00  4.1352e-01
 1.2738e+00  4.1297e-01
 1.2826e+00  4.1254e-01
 1.2915e+00  4.1227e-01
 1.3005e+00  4.1220e-01
 1.3095e+00  4.1232e-01
 1.3186e+00  4.1260e-01
 1.3278e+00  4.1298e-01
 1.3370e+00  4.1344e-01
 1.3463e+00  4.1393e-01
 1.3556e+00  4.1445e-01
 1.3650e+00  4.1500e-01
 1.3745e+00  4.1561e-01
 1.3840e+00  4.1629e-01
 1.3936e+00  4.1705e-01
 1.4033e+00  4.1771e-01
 1.4130e+00  4.1821e-01
 1.4228e+00  4.1871e-01
 1.4327e+00  4.1922e-01
 1.4426e+00  4.1973e-01
 1.4527e+00  4.2026e-01
 1.4627e+00  4.2078e-01
 1.4729e+00  4.2120e-01
 1.4831e+00  4.2247e-01
 1.4934e+00  4.2219e-01
 1.5038e+00  4.2148e-01
 1.5142e+00  4.2034e-01
 1.5247e+00  4.1823e-01
 1.5353e+00  4.1575e-01
 1.5459e+00  4.1308e-01
 1.5567e+00  4.1039e-01
 1.5675e+00  4.0785e-01
 1.5783e+00  4.0565e-01
 1.5893e+00  4.0396e-01
 1.6003e+00  4.0301e-01
 1.6114e+00  4.0297e-01
 1.6226e+00  4.0380e-01
 1.6339e+00  4.0541e-01
 1.6452e+00  4.0594e-01
 1.6566e+00  4.0633e-01
 1.6681e+00  4.0673e-01
 1.6797e+00  4.0716e-01
 1.6913e+00  4.0771e-01
 1.7031e+00  4.0853e-01
 1.7149e+00  4.0916e-01
 1.7268e+00  4.0916e-01
 1.7388e+00  4.0916e-01
 1.7508e+00  4.0916e-01
 1.7630e+00  4.0916e-01
 1.7752e+00  4.0916e-01
 1.7875e+00  4.0916e-01
 1.7999e+00  4.0916e-01
 1.8124e+00  4.0916e-01
 1.8250e+00  4.0916e-01
 1.8377e+00  4.0916e-01
 1.8504e+00  4.0916e-01
 1.8632e+00  4.0916e-01
 1.8762e+00  4.0916e-01
 1.8892e+00  4.0916e-01
 1.9023e+00  4.0916e-01
 1.9155e+00  4.0916e-01
 1.9288e+00  4.0916e-01
 1.9422e+00  4.0916e-01
 1.9557e+00  4.0916e-01
 1.9692e+00  4.0916e-01
 1.9829e+00  4.0916e-01
 1.9966e+00  4.0916e-01
 2.0105e+00  4.0916e-01
 2.0244e+00  4.0916e-01
 2.0385e+00  4.0916e-01
 2.0526e+00  4.0916e-01
 2.0669e+00  4.0916e-01
 2.0812e+00  4.0916e-01
 2.0957e+00  4.0916e-01
 2.1102e+00  4.0916e-01
 2.1248e+00  4.0916e-01
 2.1396e+00  4.0916e-01
 2.1544e+00  4.0916e-01
 2.1694e+00  4.0916e-01
 2.1844e+00  4.0916e-01
 2.1996e+00  4.0916e-01
 2.2149e+00  4.0916e-01
 2.2302e+00  4.0916e-01
 2.2457e+00  4.0916e-01
 2.2613e+00  4.0916e-01
 2.2770e+00  4.0916e-01
 2.2928e+00  4.0916e-01
 2.3087e+00  4.0916e-01
 2.3247e+00  4.0916e-01
 2.3408e+00  4.0916e-01
 2.3571e+00  4.0916e-01
 2.3734e+00  4.0916e-01
 2.3899e+00  4.0916e-01
 2.4065e+00  4.0916e-01
 2.4232e+00  4.0916e-01
 2.4400e+00  4.0916e-01
 2.4569e+00  4.0916e-01
 2.4740e+00  4.0916e-01
 2.4911e+00  4.0916e-01
 2.5084e+00  4.0916e-01
 2.5258e+00  4.0916e-01
 2.5433e+00  4.0703e-01
 2.5610e+00  4.0391e-01
 2.5788e+00  4.0213e-01
 2.5967e+00  4.0077e-01
 2.6147e+00  3.9965e-01
 2.6328e+00  3.9868e-01
 2.6511e+00  3.9783e-01
 2.6695e+00  3.9706e-01
 2.6880e+00  3.9637e-01
 2.7067e+00  3.9574e-01
 2.7254e+00  3.9515e-01
 2.7443e+00  3.9461e-01
 2.7634e+00  3.9411e-01
 2.7826e+00  3.9364e-01
 2.8019e+00  3.9320e-01
 2.8213e+00  3.9278e-01
 2.8409e+00  3.9239e-01
 2.8606e+00  3.9202e-01
 2.8804e+00  3.9167e-01
 2.9004e+00  3.9134e-01
 2.9206e+00  3.9103e-01
 2.9408e+00  3.9073e-01
 2.9612e+00  3.9044e-01
 2.9818e+00  3.9017e-01
 3.0025e+00  3.8991e-01
 3.0233e+00  3.8967e-01
 3.0443e+00  3.8943e-01
 3.0654e+00  3.8921e-01
 3.0867e+00  3.8899e-01
 3.1081e+00  3.8878e-01
 3.1296e+00  3.8859e-01
 3.1514e+00  3.8840e-01
 3.1732e+00  3.8821e-01
 3.1952e+00  3.8804e-01
 3.2174e+00  3.8787e-01
 3.2397e+00  3.8771e-01
 3.2622e+00  3.8755e-01
 3.2849e+00  3.8741e-01
 3.3076e+00  3.8726e-01
 3.3306e+00  3.8712e-01
 3.3537e+00  3.8699e-01
 3.3770e+00  3.8686e-01
 3.4004e+00  3.8674e-01
 3.4240e+00  3.8662e-01
 3.4478e+00  3.8651e-01
 3.4717e+00  3.8640e-01
 3.4958e+00  3.8629e-01
 3.5200e+00  3.8619e-01
 3.5445e+00  3.8609e-01
 3.5690e+00  4.0197e-01
 3.5938e+00  4.1110e-01
 3.6187e+00  4.1726e-01
 3.6439e+00  4.2208e-01
 3.6691e+00  4.2609e-01
 3.6946e+00  4.2955e-01
 3.7202e+00  4.3260e-01
 3.7461e+00  4.3531e-01
 3.7720e+00  4.3777e-01
 3.7982e+00  4.4001e-01
 3.8246e+00  4.4206e-01
 3.8511e+00  4.4396e-01
 3.8778e+00  4.4571e-01
 3.9047e+00  4.4735e-01
 3.9318e+00  4.4887e-01
 3.9591e+00  4.5030e-01
 3.9866e+00  4.5165e-01
 4.0142e+00  4.5291e-01
 4.0421e+00  4.5410e-01
 4.0701e+00  4.5523e-01
 4.0984e+00  4.5629e-01
 4.1268e+00  4.5730e-01
 4.1555e+00  4.5826e-01
 4.1843e+00  4.5917e-01
 4.2133e+00  4.6004e-01
 4.2426e+00  4.6087e-01
 4.2720e+00  4.6165e-01
 4.3016e+00  4.6240e-01
 4.3315e+00  4.6312e-01
 4.3615e+00  4.6380e-01
 4.3918e+00  4.6446e-01
 4.4223e+00  4.6508e-01
 4.4530e+00  4.6568e-01
 4.4839e+00  4.6626e-01
 4.5150e+00  4.6681e-01
 4.5463e+00  4.6734e-01
 4.5778e+00  4.6785e-01
 4.6096e+00  4.6833e-01
 4.6416e+00  4.6880e-01
 4.6738e+00  4.6925e-01
 4.7062e+00  4.6968e-01
 4.7389e+00  4.7010e-01
 4.7718e+00  4.7050e-01
 4.8049e+00  4.7088e-01
 4.8382e+00  4.7125e-01
 4.8718e+00  4.7161e-01
 4.9056e+00  4.7195e-01
 4.9396e+00  4.7228e-01
 4.9739e+00  4.7260e-01
 5.0084e+00  4.7291e-01
 5.0432e+00  4.7321e-01
 5.0782e+00  4.7349e-01
 5.1134e+00  4.7377e-01
 5.1489e+00  4.7404e-01
 5.1846e+00  4.7429e-01
 5.2206e+00  4.7454e-01
 5.2568e+00  4.7478e-01
 5.2933e+00  4.7501e-01
 5.3300e+00  4.7524e-01
 5.3670e+00  4.7545e-01
 5.4042e+00  4.7566e-01
 5.4417e+00  4.7586e-01
 5.4795e+00  4.7606e-01
 5.5175e+00  4.7625e-01
 5.5558e+00  4.7643e-01
 5.5943e+00  4.7661e-01
 5.6331e+00  4.7678e-01
 5.6722e+00  4.7694e-01
 5.7116e+00  4.7710e-01
 5.7512e+00  4.7726e-01
 5.7911e+00  4.7741e-01
 5.8313e+00  4.7755e-01
 5.8718e+00  4.7769e-01
 5.9125e+00  4.7783e-01
 5.9535e+00  4.7796e-01
 5.9948e+00  4.7808e-01
 6.0364e+00  4.7821e-01
 6.0783e+00  4.7833e-01
 6.1205e+00  4.7844e-01
 6.1630e+00  4.7855e-01
 6.2057e+00  4.7866e-01
 6.2488e+00  4.7877e-01
 6.2921e+00  4.7887e-01
 6.3358e+00  4.7897e-01
 6.3798e+00  4.7906e-01
 6.4240e+00  4.7916e-01
 6.4686e+00  4.7925e-01
 6.5135e+00  4.7933e-01
 6.5587e+00  4.7942e-01
 6.6042e+00  4.7950e-01
 6.6500e+00  4.7958e-01
 6.6962e+00  4.7966e-01
 6.7426e+00  4.7973e-01
 6.7894e+00  4.7980e-01
 6.8365e+00  4.7987e-01
 6.8840e+00  4.7994e-01
 6.9317e+00  4.8001e-01
 6.9798e+00  4.8007e-01
 7.0282e+00  4.8013e-01
 7.0770e+00  4.8019e-01
 7.1261e+00  4.8025e-01
 7.1756e+00  4.8031e-01
 7.2253e+00  4.8036e-01
 7.2755e+00  4.8042e-01
 7.3260e+00  4.8047e-01
 7.3768e+00  4.8052e-01
 7.4280e+00  4.8057e-01
 7.4795e+00  4.8061e-01
 7.5314e+00  4.8066e-01
 7.5837e+00  4.8070e-01
 7.6363e+00  4.8075e-01
 7.6893e+00  4.8079e-01
 7.7426e+00  4.8083e-01
 7.7964e+00  4.8087e-01
 7.8505e+00  4.8091e-01
 7.9049e+00  4.8094e-01
 7.9598e+00  4.8098e-01
 8.0150e+00  4.8102e-01
 8.0706e+00  4.8105e-01
 8.1266e+00  4.8108e-01
 8.1830e+00  4.8111e-01
 8.2398e+00  4.8115e-01
 8.2970e+00  4.8118e-01
 8.3545e+00  4.8121e-01
 8.4125e+00  4.7697e-01
 8.4709e+00  4.7514e-01
 8.5296e+00  4.7382e-01
 8.5888e+00  4.7274e-01
 8.6484e+00  4.7182e-01
 8.7084e+00  4.7102e-01
 8.7689e+00  4.7031e-01
 8.8297e+00  4.6966e-01
 8.8910e+00  4.6908e-01
 8.9527e+00  4.6854e-01
 9.0148e+00  4.6804e-01
 9.0773e+00  4.6758e-01
 9.1403e+00  4.6714e-01
 9.2037e+00  4.6674e-01
 9.2676e+00  4.6636e-01
 9.3319e+00  4.6601e-01
 9.3966e+00  4.6567e-01
 9.4618e+00  4.6535e-01
 9.5275e+00  4.6505e-01
 9.5936e+00  4.6477e-01
 9.6602e+00  4.6450e-01
 9.7272e+00  4.6424e-01
 9.7947e+00  4.6400e-01
 9.8627e+00  4.6376e-01
 9.9311e+00  4.6354e-01
 1.0000e+01  4.6333e-01
