 1.0000e-02  0.0000e+00
 2.0000e-02  0.0000e+00
 3.0000e-02  0.0000e+00
 4.0000e-02  0.0000e+00
 5.0000e-02  0.0000e+00
 6.0000e-02  0.0000e+00
 7.0000e-02  0.0000e+00
 8.0000e-02  0.0000e+00
 9.0000e-02  0.0000e+00
 1.0000e-01  0.0000e+00
 1.1000e-01  0.0000e+00
 1.2000e-01  0.0000e+00
 1.3000e-01  0.0000e+00
 1.4000e-01  0.0000e+00
 1.5000e-01  0.0000e+00
 1.6000e-01  0.0000e+00
 1.7000e-01  0.0000e+00
 1.8000e-01  0.0000e+00
 1.9000e-01  0.0000e+00
 2.0000e-01  0.0000e+00
 2.1000e-01  0.0000e+00
 2.2000e-01  1.6889e-01
 2.3000e-01  2.1917e-01
 2.4000e-01  2.4750e-01
 2.5000e-01  2.6611e-01
 2.6000e-01  2.7928e-01
 2.7000e-01  2.8903e-01
 2.8000e-01  2.9649e-01
 2.9000e-01  3.0232e-01
 3.0000e-01  3.0697e-01
 3.1000e-01  3.1073e-01
 3.2000e-01  3.1381e-01
 3.3000e-01  3.1637e-01
 3.4000e-01  3.1850e-01
 3.5000e-01  3.2029e-01
 3.6000e-01  3.2182e-01
 3.7000e-01  3.2312e-01
 3.8000e-01  3.2424e-01
 3.9000e-01  3.2520e-01
 4.0000e-01  3.2604e-01
 4.1000e-01  3.2677e-01
 4.2000e-01  3.2741e-01
 4.3000e-01  3.2797e-01
 4.4000e-01  3.2847e-01
 4.5000e-01  3.2891e-01
 4.6000e-01  3.2930e-01
 4.7000e-01  3.2964e-01
 4.8000e-01  3.2996e-01
 4.9000e-01  3.3023e-01
 5.0000e-01  3.3048e-01
 5.1000e-01  3.3071e-01
 5.2000e-01  3.3091e-01
 5.3000e-01  3.3109e-01
 5.4000e-01  3.3126e-01
 5.5000e-01  3.3141e-01
 5.6000e-01  3.3155e-01
 5.7000e-01  3.3167e-01
 5.8000e-01  3.3179e-01
 5.9000e-01  3.3189e-01
 6.0000e-01  3.3199e-01
 6.1000e-01  3.3207e-01
 6.2000e-01  3.3216e-01
 6.3000e-01  3.3223e-01
 6.4000e-01  3.3230e-01
 6.5000e-01  3.3236e-01
 6.6000e-01  3.3242e-01
 6.7000e-01  3.3247e-01
 6.8000e-01  3.3252e-01
 6.9000e-01  3.3257e-01
 7.0000e-01  3.3261e-01
 7.1000e-01  3.3265e-01
 7.2000e-01  3.3268e-01
 7.3000e-01  3.3272e-01
 7.4000e-01  3.3275e-01
 7.5000e-01  3.3278e-01
 7.6000e-01  3.3281e-01
 7.7000e-01  3.3283e-01
 7.8000e-01  3.3285e-01
 7.9000e-01  3.3288e-01
 8.0000e-01  3.3291e-01
 8.1000e-01  3.3293e-01
 8.2000e-01  3.3295e-01
 8.3000e-01  3.3297e-01
 8.4000e-01  3.3299e-01
 8.5000e-01  3.3300e-01
 8.6000e-01  3.3302e-01
 8.7000e-01  3.3303e-01
 8.8000e-01  3.3305e-01
 8.9000e-01  3.3306e-01
 9.0000e-01  3.3307e-01
 9.1000e-01  3.3308e-01
 9.2000e-01  3.3309e-01
 9.3000e-01  3.3310e-01
 9.4000e-01  3.3311e-01
 9.5000e-01  3.3312e-01
 9.6000e-01  3.3313e-01
 9.7000e-01  3.3314e-01
 9.8000e-01  3.3315e-01
 9.9000e-01  3.3316e-01
 1.0000e+00  3.3316e-01
 1.0100e+00  3.3317e-01
 1.0200e+00  3.3312e-01
 1.0300e+00  3.3318e-01
 1.0400e+00  3.3319e-01
 1.0500e+00  3.3319e-01
 1.0600e+00  3.3320e-01
 1.0700e+00  3.3320e-01
 1.0800e+00  3.3321e-01
 1.0900e+00  3.3321e-01
 1.1000e+00  3.3322e-01
 1.1100e+00  3.3322e-01
 1.1200e+00  3.3322e-01
 1.1300e+00  3.3323e-01
 1.1400e+00  3.3323e-01
 1.1500e+00  3.3324e-01
 1.1600e+00  3.3324e-01
 1.1700e+00  3.3324e-01
 1.1800e+00  3.3324e-01
 1.1900e+00  3.3325e-01
 1.2000e+00  3.3325e-01
 1.2100e+00  3.3325e-01
 1.2200e+00  3.3326e-01
 1.2300e+00  3.3326e-01
 1.2400e+00  3.3326e-01
 1.2500e+00  3.3326e-01
 1.2600e+00  3.3326e-01
 1.2700e+00  3.3327e-01
 1.2800e+00  3.3327e-01
 1.2900e+00  3.3327e-01
 1.3000e+00  3.3327e-01
 1.3100e+00  3.3327e-01
 1.3200e+00  3.3328e-01
 1.3300e+00  3.3328e-01
 1.3400e+00  3.3328e-01
 1.3500e+00  3.3328e-01
 1.3600e+00  3.3328e-01
 1.3700e+00  3.3328e-01
 1.3800e+00  3.3328e-01
 1.3900e+00  3.3329e-01
 1.4000e+00  3.3329e-01
 1.4100e+00  3.3329e-01
 1.4200e+00  3.3329e-01
 1.4300e+00  3.3329e-01
 1.4400e+00  3.3329e-01
 1.4500e+00  3.3329e-01
 1.4600e+00  3.3329e-01
 1.4700e+00  3.3329e-01
 1.4800e+00  3.3330e-01
 1.4900e+00  3.3330e-01
 1.5000e+00  3.3330e-01
 1.5100e+00  3.3330e-01
 1.5200e+00  3.3330e-01
 1.5300e+00  3.3330e-01
 1.5400e+00  3.3330e-01
 1.5500e+00  3.3330e-01
 1.5600e+00  3.3330e-01
 1.5700e+00  3.3330e-01
 1.5800e+00  3.3330e-01
 1.5900e+00  3.3330e-01
 1.6000e+00  3.3330e-01
 1.6100e+00  3.3331e-01
 1.6200e+00  3.3331e-01
 1.6300e+00  3.3331e-01
 1.6400e+00  3.3331e-01
 1.6500e+00  3.3331e-01
 1.6600e+00  3.3331e-01
 1.6700e+00  3.3331e-01
 1.6800e+00  3.3331e-01
 1.6900e+00  3.3331e-01
 1.7000e+00  3.3331e-01
 1.7100e+00  3.3331e-01
 1.7200e+00  3.3331e-01
 1.7300e+00  3.3331e-01
 1.7400e+00  3.3331e-01
 1.7500e+00  3.3331e-01
 1.7600e+00  3.3331e-01
 1.7700e+00  3.3331e-01
 1.7800e+00  3.3331e-01
 1.7900e+00  3.3331e-01
 1.8000e+00  3.3331e-01
 1.8100e+00  3.3332e-01
 1.8200e+00  3.3332e-01
 1.8300e+00  3.3332e-01
 1.8400e+00  3.3332e-01
 1.8500e+00  3.3332e-01
 1.8600e+00  3.3332e-01
 1.8700e+00  3.3332e-01
 1.8800e+00  3.3332e-01
 1.8900e+00  3.3332e-01
 1.9000e+00  3.3332e-01
 1.9100e+00  3.3332e-01
 1.9200e+00  3.3332e-01
 1.9300e+00  3.3332e-01
 1.9400e+00  3.3332e-01
 1.9500e+00  3.3332e-01
 1.9600e+00  3.3332e-01
 1.9700e+00  3.3332e-01
 1.9800e+00  3.3332e-01
 1.9900e+00  3.3332e-01
