 1.0000e-02  9.9999e-01
 2.0000e-02  9.9999e-01
 3.0000e-02  9.9999e-01
 4.0000e-02  9.9999e-01
 5.0000e-02  9.9999e-01
 6.0000e-02  9.9999e-01
 7.0000e-02  9.9999e-01
 8.0000e-02  9.9999e-01
 9.0000e-02  9.9999e-01
 1.0000e-01  9.9999e-01
 1.1000e-01  9.9999e-01
 1.2000e-01  9.9999e-01
 1.3000e-01  9.9999e-01
 1.4000e-01  9.9999e-01
 1.5000e-01  9.9999e-01
 1.6000e-01  9.9999e-01
 1.7000e-01  9.9999e-01
 1.8000e-01  9.9999e-01
 1.9000e-01  9.9999e-01
 2.0000e-01  9.9998e-01
 2.1000e-01  9.9998e-01
 2.2000e-01  8.3109e-01
 2.3000e-01  7.8082e-01
 2.4000e-01  7.5249e-01
 2.5000e-01  7.3388e-01
 2.6000e-01  7.2071e-01
 2.7000e-01  7.1096e-01
 2.8000e-01  7.0350e-01
 2.9000e-01  6.9767e-01
 3.0000e-01  6.9302e-01
 3.1000e-01  6.8926e-01
 3.2000e-01  6.8618e-01
 3.3000e-01  6.8363e-01
 3.4000e-01  6.8149e-01
 3.5000e-01  6.7970e-01
 3.6000e-01  6.7817e-01
 3.7000e-01  6.7687e-01
 3.8000e-01  6.7576e-01
 3.9000e-01  6.7479e-01
 4.0000e-01  6.7395e-01
 4.1000e-01  6.7322e-01
 4.2000e-01  6.7258e-01
 4.3000e-01  6.7202e-01
 4.4000e-01  6.7152e-01
 4.5000e-01  6.7108e-01
 4.6000e-01  6.7069e-01
 4.7000e-01  6.7035e-01
 4.8000e-01  6.7004e-01
 4.9000e-01  6.6976e-01
 5.0000e-01  6.6951e-01
 5.1000e-01  6.6928e-01
 5.2000e-01  6.6908e-01
 5.3000e-01  6.6890e-01
 5.4000e-01  6.6873e-01
 5.5000e-01  6.6858e-01
 5.6000e-01  6.6844e-01
 5.7000e-01  6.6832e-01
 5.8000e-01  6.6820e-01
 5.9000e-01  6.6810e-01
 6.0000e-01  6.6800e-01
 6.1000e-01  6.6791e-01
 6.2000e-01  6.6783e-01
 6.3000e-01  6.6776e-01
 6.4000e-01  6.6769e-01
 6.5000e-01  6.6762e-01
 6.6000e-01  6.6756e-01
 6.7000e-01  6.6751e-01
 6.8000e-01  6.6746e-01
 6.9000e-01  6.6741e-01
 7.0000e-01  6.6736e-01
 7.1000e-01  6.6732e-01
 7.2000e-01  6.6728e-01
 7.3000e-01  6.6724e-01
 7.4000e-01  6.6721e-01
 7.5000e-01  6.6718e-01
 7.6000e-01  6.6715e-01
 7.7000e-01  6.6712e-01
 7.8000e-01  6.6707e-01
 7.9000e-01  6.6707e-01
 8.0000e-01  6.6706e-01
 8.1000e-01  6.6704e-01
 8.2000e-01  6.6703e-01
 8.3000e-01  6.6701e-01
 8.4000e-01  6.6700e-01
 8.5000e-01  6.6698e-01
 8.6000e-01  6.6697e-01
 8.7000e-01  6.6695e-01
 8.8000e-01  6.6694e-01
 8.9000e-01  6.6693e-01
 9.0000e-01  6.6692e-01
 9.1000e-01  6.6691e-01
 9.2000e-01  6.6690e-01
 9.3000e-01  6.6689e-01
 9.4000e-01  6.6688e-01
 9.5000e-01  6.6687e-01
 9.6000e-01  6.6686e-01
 9.7000e-01  6.6685e-01
 9.8000e-01  6.6684e-01
 9.9000e-01  6.6684e-01
 1.0000e+00  6.6683e-01
 1.0100e+00  6.6682e-01
 1.0200e+00  6.6672e-01
 1.0300e+00  6.6681e-01
 1.0400e+00  6.6680e-01
 1.0500e+00  6.6680e-01
 1.0600e+00  6.6680e-01
 1.0700e+00  6.6679e-01
 1.0800e+00  6.6679e-01
 1.0900e+00  6.6678e-01
 1.1000e+00  6.6678e-01
 1.1100e+00  6.6677e-01
 1.1200e+00  6.6677e-01
 1.1300e+00  6.6677e-01
 1.1400e+00  6.6676e-01
 1.1500e+00  6.6676e-01
 1.1600e+00  6.6676e-01
 1.1700e+00  6.6675e-01
 1.1800e+00  6.6675e-01
 1.1900e+00  6.6675e-01
 1.2000e+00  6.6674e-01
 1.2100e+00  6.6674e-01
 1.2200e+00  6.6674e-01
 1.2300e+00  6.6674e-01
 1.2400e+00  6.6673e-01
 1.2500e+00  6.6673e-01
 1.2600e+00  6.6673e-01
 1.2700e+00  6.6673e-01
 1.2800e+00  6.6672e-01
 1.2900e+00  6.6672e-01
 1.3000e+00  6.6672e-01
 1.3100e+00  6.6672e-01
 1.3200e+00  6.6672e-01
 1.3300e+00  6.6672e-01
 1.3400e+00  6.6671e-01
 1.3500e+00  6.6671e-01
 1.3600e+00  6.6671e-01
 1.3700e+00  6.6671e-01
 1.3800e+00  6.6671e-01
 1.3900e+00  6.6671e-01
 1.4000e+00  6.6671e-01
 1.4100e+00  6.6670e-01
 1.4200e+00  6.6670e-01
 1.4300e+00  6.6670e-01
 1.4400e+00  6.6670e-01
 1.4500e+00  6.6670e-01
 1.4600e+00  6.6670e-01
 1.4700e+00  6.6670e-01
 1.4800e+00  6.6670e-01
 1.4900e+00  6.6670e-01
 1.5000e+00  6.6669e-01
 1.5100e+00  6.6669e-01
 1.5200e+00  6.6669e-01
 1.5300e+00  6.6669e-01
 1.5400e+00  6.6669e-01
 1.5500e+00  6.6669e-01
 1.5600e+00  6.6669e-01
 1.5700e+00  6.6669e-01
 1.5800e+00  6.6669e-01
 1.5900e+00  6.6669e-01
 1.6000e+00  6.6669e-01
 1.6100e+00  6.6669e-01
 1.6200e+00  6.6668e-01
 1.6300e+00  6.6668e-01
 1.6400e+00  6.6668e-01
 1.6500e+00  6.6668e-01
 1.6600e+00  6.6668e-01
 1.6700e+00  6.6668e-01
 1.6800e+00  6.6668e-01
 1.6900e+00  6.6668e-01
 1.7000e+00  6.6668e-01
 1.7100e+00  6.6668e-01
 1.7200e+00  6.6668e-01
 1.7300e+00  6.6668e-01
 1.7400e+00  6.6668e-01
 1.7500e+00  6.6668e-01
 1.7600e+00  6.6668e-01
 1.7700e+00  6.6668e-01
 1.7800e+00  6.6668e-01
 1.7900e+00  6.6668e-01
 1.8000e+00  6.6668e-01
 1.8100e+00  6.6668e-01
 1.8200e+00  6.6668e-01
 1.8300e+00  6.6668e-01
 1.8400e+00  6.6668e-01
 1.8500e+00  6.6668e-01
 1.8600e+00  6.6668e-01
 1.8700e+00  6.6668e-01
 1.8800e+00  6.6668e-01
 1.8900e+00  6.6668e-01
 1.9000e+00  6.6668e-01
 1.9100e+00  6.6667e-01
 1.9200e+00  6.6667e-01
 1.9300e+00  6.6667e-01
 1.9400e+00  6.6667e-01
 1.9500e+00  6.6667e-01
 1.9600e+00  6.6667e-01
 1.9700e+00  6.6667e-01
 1.9800e+00  6.6667e-01
 1.9900e+00  6.6667e-01
