 1.0000e-02  0.0000e+00
 2.0000e-02  0.0000e+00
 3.0000e-02  0.0000e+00
 4.0000e-02  0.0000e+00
 5.0000e-02  0.0000e+00
 6.0000e-02  0.0000e+00
 7.0000e-02  0.0000e+00
 8.0000e-02  0.0000e+00
 9.0000e-02  0.0000e+00
 1.0000e-01  0.0000e+00
 1.1000e-01  0.0000e+00
 1.2000e-01  0.0000e+00
 1.3000e-01  0.0000e+00
 1.4000e-01  0.0000e+00
 1.5000e-01  0.0000e+00
 1.6000e-01  0.0000e+00
 1.7000e-01  0.0000e+00
 1.8000e-01  0.0000e+00
 1.9000e-01  0.0000e+00
 2.0000e-01  0.0000e+00
 2.1000e-01  0.0000e+00
 2.2000e-01  2.8898e-01
 2.3000e-01  3.5954e-01
 2.4000e-01  3.9679e-01
 2.5000e-01  4.2036e-01
 2.6000e-01  4.3662e-01
 2.7000e-01  4.4845e-01
 2.8000e-01  4.5737e-01
 2.9000e-01  4.6277e-01
 3.0000e-01  4.6554e-01
 3.1000e-01  4.6660e-01
 3.2000e-01  4.6644e-01
 3.3000e-01  4.6540e-01
 3.4000e-01  4.6370e-01
 3.5000e-01  4.6152e-01
 3.6000e-01  4.5896e-01
 3.7000e-01  4.5610e-01
 3.8000e-01  4.5300e-01
 3.9000e-01  4.4969e-01
 4.0000e-01  4.4618e-01
 4.1000e-01  4.4247e-01
 4.2000e-01  4.3855e-01
 4.3000e-01  4.3439e-01
 4.4000e-01  4.2998e-01
 4.5000e-01  4.2526e-01
 4.6000e-01  4.2022e-01
 4.7000e-01  4.1481e-01
 4.8000e-01  4.0901e-01
 4.9000e-01  4.0280e-01
 5.0000e-01  3.9615e-01
 5.1000e-01  3.8901e-01
 5.2000e-01  3.8138e-01
 5.3000e-01  3.7320e-01
 5.4000e-01  3.6447e-01
 5.5000e-01  3.5513e-01
 5.6000e-01  3.4516e-01
 5.7000e-01  3.3452e-01
 5.8000e-01  3.2319e-01
 5.9000e-01  3.1112e-01
 6.0000e-01  2.9830e-01
 6.1000e-01  2.8474e-01
 6.2000e-01  2.7045e-01
 6.3000e-01  2.5548e-01
 6.4000e-01  2.3990e-01
 6.5000e-01  2.2383e-01
 6.6000e-01  2.0744e-01
 6.7000e-01  1.9096e-01
 6.8000e-01  1.7468e-01
 6.9000e-01  1.5891e-01
 7.0000e-01  1.4399e-01
 7.1000e-01  1.3029e-01
 7.2000e-01  1.1817e-01
 7.3000e-01  1.0798e-01
 7.4000e-01  9.9956e-02
 7.5000e-01  9.4100e-02
 7.6000e-01  8.9628e-02
 7.7000e-01  8.2139e-02
 7.8000e-01  4.9960e-02
 7.9000e-01  8.7161e-02
 8.0000e-01  1.1493e-01
 8.1000e-01  1.2990e-01
 8.2000e-01  1.4405e-01
 8.3000e-01  1.5864e-01
 8.4000e-01  1.7362e-01
 8.5000e-01  1.8880e-01
 8.6000e-01  2.0397e-01
 8.7000e-01  2.1896e-01
 8.8000e-01  2.3359e-01
 8.9000e-01  2.4771e-01
 9.0000e-01  2.6106e-01
 9.1000e-01  2.7362e-01
 9.2000e-01  2.8534e-01
 9.3000e-01  2.9612e-01
 9.4000e-01  3.0583e-01
 9.5000e-01  3.1436e-01
 9.6000e-01  3.2153e-01
 9.7000e-01  3.2710e-01
 9.8000e-01  3.3058e-01
 9.9000e-01  3.3055e-01
 1.0000e+00  3.1382e-01
 1.0100e+00  2.0646e-01
 1.0200e+00  2.1512e-02
 1.0300e+00  1.7711e-01
 1.0400e+00  2.6249e-01
 1.0500e+00  2.9708e-01
 1.0600e+00  3.1301e-01
 1.0700e+00  3.2077e-01
 1.0800e+00  3.2462e-01
 1.0900e+00  3.2696e-01
 1.1000e+00  3.2918e-01
 1.1100e+00  3.3149e-01
 1.1200e+00  3.3376e-01
 1.1300e+00  3.3565e-01
 1.1400e+00  3.3677e-01
 1.1500e+00  3.3688e-01
 1.1600e+00  3.3615e-01
 1.1700e+00  3.3482e-01
 1.1800e+00  3.3313e-01
 1.1900e+00  3.3134e-01
 1.2000e+00  3.2962e-01
 1.2100e+00  3.2790e-01
 1.2200e+00  3.2607e-01
 1.2300e+00  3.2404e-01
 1.2400e+00  3.2168e-01
 1.2500e+00  3.1898e-01
 1.2600e+00  3.1601e-01
 1.2700e+00  3.1291e-01
 1.2800e+00  3.0979e-01
 1.2900e+00  3.0678e-01
 1.3000e+00  3.0395e-01
 1.3100e+00  3.0123e-01
 1.3200e+00  2.9854e-01
 1.3300e+00  2.9582e-01
 1.3400e+00  2.9298e-01
 1.3500e+00  2.9000e-01
 1.3600e+00  2.8694e-01
 1.3700e+00  2.8387e-01
 1.3800e+00  2.8084e-01
 1.3900e+00  2.7791e-01
 1.4000e+00  2.7501e-01
 1.4100e+00  2.7167e-01
 1.4200e+00  2.6841e-01
 1.4300e+00  2.6530e-01
 1.4400e+00  2.6244e-01
 1.4500e+00  2.5989e-01
 1.4600e+00  2.5773e-01
 1.4700e+00  2.5590e-01
 1.4800e+00  2.5347e-01
 1.4900e+00  2.4223e-01
 1.5000e+00  2.3583e-01
 1.5100e+00  2.3280e-01
 1.5200e+00  2.3231e-01
 1.5300e+00  2.3338e-01
 1.5400e+00  2.3506e-01
 1.5500e+00  2.3640e-01
 1.5600e+00  2.3659e-01
 1.5700e+00  2.3563e-01
 1.5800e+00  2.3372e-01
 1.5900e+00  2.3110e-01
 1.6000e+00  2.2800e-01
 1.6100e+00  2.2465e-01
 1.6200e+00  2.2138e-01
 1.6300e+00  2.1848e-01
 1.6400e+00  2.1623e-01
 1.6500e+00  2.1490e-01
 1.6600e+00  2.1463e-01
 1.6700e+00  2.1517e-01
 1.6800e+00  2.1616e-01
 1.6900e+00  2.1725e-01
 1.7000e+00  2.1808e-01
 1.7100e+00  2.1835e-01
 1.7200e+00  2.1822e-01
 1.7300e+00  2.1791e-01
 1.7400e+00  2.1768e-01
 1.7500e+00  2.1776e-01
 1.7600e+00  2.1835e-01
 1.7700e+00  2.1948e-01
 1.7800e+00  2.2114e-01
 1.7900e+00  2.2334e-01
 1.8000e+00  2.2609e-01
 1.8100e+00  2.2937e-01
 1.8200e+00  2.3309e-01
 1.8300e+00  2.3710e-01
 1.8400e+00  2.4125e-01
 1.8500e+00  2.4535e-01
 1.8600e+00  2.4922e-01
 1.8700e+00  2.5265e-01
 1.8800e+00  2.5545e-01
 1.8900e+00  2.5741e-01
 1.9000e+00  2.5833e-01
 1.9100e+00  2.5806e-01
 1.9200e+00  2.5657e-01
 1.9300e+00  2.5388e-01
 1.9400e+00  2.5007e-01
 1.9500e+00  2.4522e-01
 1.9600e+00  2.3972e-01
 1.9700e+00  2.3493e-01
 1.9800e+00  2.3230e-01
 1.9900e+00  2.3317e-01
