 1.0000e-04  1.0000e+00
 1.0077e-04  1.0000e+00
 1.0155e-04  1.0000e+00
 1.0233e-04  1.0000e+00
 1.0312e-04  1.0000e+00
 1.0391e-04  1.0000e+00
 1.0472e-04  1.0000e+00
 1.0552e-04  1.0000e+00
 1.0634e-04  1.0000e+00
 1.0716e-04  1.0000e+00
 1.0798e-04  1.0000e+00
 1.0882e-04  1.0000e+00
 1.0965e-04  1.0000e+00
 1.1050e-04  1.0000e+00
 1.1135e-04  1.0000e+00
 1.1221e-04  1.0000e+00
 1.1308e-04  1.0000e+00
 1.1395e-04  1.0000e+00
 1.1483e-04  1.0000e+00
 1.1571e-04  1.0000e+00
 1.1660e-04  1.0000e+00
 1.1750e-04  1.0000e+00
 1.1841e-04  1.0000e+00
 1.1932e-04  1.0000e+00
 1.2024e-04  1.0000e+00
 1.2117e-04  1.0000e+00
 1.2210e-04  1.0000e+00
 1.2304e-04  1.0000e+00
 1.2399e-04  1.0000e+00
 1.2495e-04  1.0000e+00
 1.2591e-04  1.0000e+00
 1.2688e-04  1.0000e+00
 1.2786e-04  1.0000e+00
 1.2885e-04  1.0000e+00
 1.2984e-04  1.0000e+00
 1.3084e-04  1.0000e+00
 1.3185e-04  1.0000e+00
 1.3287e-04  1.0000e+00
 1.3389e-04  1.0000e+00
 1.3492e-04  1.0000e+00
 1.3596e-04  1.0000e+00
 1.3701e-04  1.0000e+00
 1.3807e-04  1.0000e+00
 1.3913e-04  1.0000e+00
 1.4021e-04  1.0000e+00
 1.4129e-04  1.0000e+00
 1.4238e-04  1.0000e+00
 1.4347e-04  1.0000e+00
 1.4458e-04  1.0000e+00
 1.4569e-04  1.0000e+00
 1.4682e-04  1.0000e+00
 1.4795e-04  1.0000e+00
 1.4909e-04  1.0000e+00
 1.5024e-04  1.0000e+00
 1.5140e-04  1.0000e+00
 1.5257e-04  1.0000e+00
 1.5374e-04  1.0000e+00
 1.5493e-04  1.0000e+00
 1.5612e-04  1.0000e+00
 1.5733e-04  1.0000e+00
 1.5854e-04  1.0000e+00
 1.5976e-04  1.0000e+00
 1.6099e-04  1.0000e+00
 1.6223e-04  1.0000e+00
 1.6348e-04  1.0000e+00
 1.6474e-04  1.0000e+00
 1.6601e-04  1.0000e+00
 1.6729e-04  1.0000e+00
 1.6858e-04  1.0000e+00
 1.6988e-04  1.0000e+00
 1.7119e-04  1.0000e+00
 1.7251e-04  1.0000e+00
 1.7384e-04  1.0000e+00
 1.7518e-04  1.0000e+00
 1.7654e-04  1.0000e+00
 1.7790e-04  1.0000e+00
 1.7927e-04  1.0000e+00
 1.8065e-04  1.0000e+00
 1.8204e-04  1.0000e+00
 1.8345e-04  1.0000e+00
 1.8486e-04  1.0000e+00
 1.8629e-04  1.0000e+00
 1.8772e-04  1.0000e+00
 1.8917e-04  1.0000e+00
 1.9063e-04  1.0000e+00
 1.9210e-04  1.0000e+00
 1.9358e-04  1.0000e+00
 1.9507e-04  1.0000e+00
 1.9658e-04  1.0000e+00
 1.9809e-04  1.0000e+00
 1.9962e-04  1.0000e+00
 2.0116e-04  1.0000e+00
 2.0271e-04  1.0000e+00
 2.0427e-04  1.0000e+00
 2.0585e-04  1.0000e+00
 2.0743e-04  1.0000e+00
 2.0903e-04  1.0000e+00
 2.1064e-04  1.0000e+00
 2.1227e-04  1.0000e+00
 2.1390e-04  1.0000e+00
 2.1555e-04  1.0000e+00
 2.1722e-04  1.0000e+00
 2.1889e-04  1.0000e+00
 2.2058e-04  1.0000e+00
 2.2228e-04  1.0000e+00
 2.2399e-04  1.0000e+00
 2.2572e-04  1.0000e+00
 2.2746e-04  1.0000e+00
 2.2921e-04  1.0000e+00
 2.3098e-04  1.0000e+00
 2.3276e-04  1.0000e+00
 2.3456e-04  1.0000e+00
 2.3636e-04  1.0000e+00
 2.3819e-04  1.0000e+00
 2.4002e-04  1.0000e+00
 2.4187e-04  1.0000e+00
 2.4374e-04  1.0000e+00
 2.4562e-04  1.0000e+00
 2.4751e-04  1.0000e+00
 2.4942e-04  1.0000e+00
 2.5134e-04  1.0000e+00
 2.5328e-04  1.0000e+00
 2.5523e-04  1.0000e+00
 2.5720e-04  1.0000e+00
 2.5918e-04  1.0000e+00
 2.6118e-04  1.0000e+00
 2.6320e-04  1.0000e+00
 2.6523e-04  1.0000e+00
 2.6727e-04  1.0000e+00
 2.6933e-04  1.0000e+00
 2.7141e-04  1.0000e+00
 2.7350e-04  1.0000e+00
 2.7561e-04  1.0000e+00
 2.7773e-04  1.0000e+00
 2.7988e-04  1.0000e+00
 2.8203e-04  1.0000e+00
 2.8421e-04  1.0000e+00
 2.8640e-04  1.0000e+00
 2.8861e-04  1.0000e+00
 2.9083e-04  1.0000e+00
 2.9307e-04  1.0000e+00
 2.9533e-04  1.0000e+00
 2.9761e-04  1.0000e+00
 2.9991e-04  1.0000e+00
 3.0222e-04  1.0000e+00
 3.0455e-04  1.0000e+00
 3.0690e-04  1.0000e+00
 3.0926e-04  1.0000e+00
 3.1165e-04  1.0000e+00
 3.1405e-04  1.0000e+00
 3.1647e-04  1.0000e+00
 3.1891e-04  1.0000e+00
 3.2137e-04  1.0000e+00
 3.2385e-04  1.0000e+00
 3.2634e-04  1.0000e+00
 3.2886e-04  1.0000e+00
 3.3140e-04  1.0000e+00
 3.3395e-04  1.0000e+00
 3.3653e-04  1.0000e+00
 3.3912e-04  1.0000e+00
 3.4173e-04  1.0000e+00
 3.4437e-04  1.0000e+00
 3.4702e-04  1.0000e+00
 3.4970e-04  1.0000e+00
 3.5240e-04  1.0000e+00
 3.5511e-04  1.0000e+00
 3.5785e-04  1.0000e+00
 3.6061e-04  1.0000e+00
 3.6339e-04  1.0000e+00
 3.6619e-04  1.0000e+00
 3.6902e-04  1.0000e+00
 3.7186e-04  1.0000e+00
 3.7473e-04  1.0000e+00
 3.7762e-04  1.0000e+00
 3.8053e-04  1.0000e+00
 3.8346e-04  1.0000e+00
 3.8642e-04  1.0000e+00
 3.8940e-04  1.0000e+00
 3.9240e-04  1.0000e+00
 3.9543e-04  1.0000e+00
 3.9847e-04  1.0000e+00
 4.0155e-04  1.0000e+00
 4.0464e-04  1.0000e+00
 4.0776e-04  1.0000e+00
 4.1091e-04  1.0000e+00
 4.1407e-04  1.0000e+00
 4.1727e-04  1.0000e+00
 4.2048e-04  1.0000e+00
 4.2373e-04  1.0000e+00
 4.2699e-04  1.0000e+00
 4.3028e-04  1.0000e+00
 4.3360e-04  1.0000e+00
 4.3695e-04  1.0000e+00
 4.4031e-04  1.0000e+00
 4.4371e-04  1.0000e+00
 4.4713e-04  1.0000e+00
 4.5058e-04  1.0000e+00
 4.5405e-04  1.0000e+00
 4.5755e-04  1.0000e+00
 4.6108e-04  1.0000e+00
 4.6463e-04  1.0000e+00
 4.6822e-04  1.0000e+00
 4.7183e-04  1.0000e+00
 4.7546e-04  1.0000e+00
 4.7913e-04  1.0000e+00
 4.8282e-04  1.0000e+00
 4.8655e-04  1.0000e+00
 4.9030e-04  1.0000e+00
 4.9408e-04  1.0000e+00
 4.9789e-04  1.0000e+00
 5.0173e-04  1.0000e+00
 5.0559e-04  1.0000e+00
 5.0949e-04  1.0000e+00
 5.1342e-04  1.0000e+00
 5.1738e-04  1.0000e+00
 5.2137e-04  1.0000e+00
 5.2539e-04  1.0000e+00
 5.2944e-04  1.0000e+00
 5.3352e-04  1.0000e+00
 5.3763e-04  1.0000e+00
 5.4178e-04  1.0000e+00
 5.4596e-04  1.0000e+00
 5.5017e-04  1.0000e+00
 5.5441e-04  1.0000e+00
 5.5868e-04  1.0000e+00
 5.6299e-04  1.0000e+00
 5.6733e-04  1.0000e+00
 5.7170e-04  1.0000e+00
 5.7611e-04  1.0000e+00
 5.8055e-04  1.0000e+00
 5.8503e-04  1.0000e+00
 5.8954e-04  1.0000e+00
 5.9409e-04  1.0000e+00
 5.9867e-04  1.0000e+00
 6.0328e-04  1.0000e+00
 6.0793e-04  1.0000e+00
 6.1262e-04  1.0000e+00
 6.1734e-04  1.0000e+00
 6.2210e-04  1.0000e+00
 6.2690e-04  1.0000e+00
 6.3173e-04  1.0000e+00
 6.3660e-04  1.0000e+00
 6.4151e-04  1.0000e+00
 6.4646e-04  1.0000e+00
 6.5144e-04  1.0000e+00
 6.5646e-04  1.0000e+00
 6.6153e-04  1.0000e+00
 6.6663e-04  1.0000e+00
 6.7177e-04  1.0000e+00
 6.7695e-04  1.0000e+00
 6.8216e-04  1.0000e+00
 6.8742e-04  1.0000e+00
 6.9272e-04  1.0000e+00
 6.9807e-04  1.0000e+00
 7.0345e-04  1.0000e+00
 7.0887e-04  1.0000e+00
 7.1434e-04  1.0000e+00
 7.1984e-04  1.0000e+00
 7.2539e-04  1.0000e+00
 7.3099e-04  1.0000e+00
 7.3662e-04  1.0000e+00
 7.4230e-04  1.0000e+00
 7.4802e-04  1.0000e+00
 7.5379e-04  1.0000e+00
 7.5960e-04  1.0000e+00
 7.6546e-04  1.0000e+00
 7.7136e-04  1.0000e+00
 7.7731e-04  1.0000e+00
 7.8330e-04  1.0000e+00
 7.8934e-04  1.0000e+00
 7.9543e-04  1.0000e+00
 8.0156e-04  1.0000e+00
 8.0774e-04  1.0000e+00
 8.1397e-04  1.0000e+00
 8.2024e-04  1.0000e+00
 8.2657e-04  1.0000e+00
 8.3294e-04  1.0000e+00
 8.3936e-04  1.0000e+00
 8.4583e-04  1.0000e+00
 8.5235e-04  1.0000e+00
 8.5893e-04  1.0000e+00
 8.6555e-04  1.0000e+00
 8.7222e-04  1.0000e+00
 8.7895e-04  1.0000e+00
 8.8572e-04  1.0000e+00
 8.9255e-04  1.0000e+00
 8.9943e-04  1.0000e+00
 9.0637e-04  1.0000e+00
 9.1336e-04  1.0000e+00
 9.2040e-04  1.0000e+00
 9.2749e-04  1.0000e+00
 9.3465e-04  1.0000e+00
 9.4185e-04  1.0000e+00
 9.4911e-04  1.0000e+00
 9.5643e-04  1.0000e+00
 9.6381e-04  1.0000e+00
 9.7124e-04  1.0000e+00
 9.7872e-04  1.0000e+00
 9.8627e-04  1.0000e+00
 9.9387e-04  1.0000e+00
 1.0015e-03  1.0000e+00
 1.0093e-03  1.0000e+00
 1.0170e-03  1.0000e+00
 1.0249e-03  8.5997e-02
 1.0328e-03  1.3403e-02
 1.0407e-03  6.1460e-03
 1.0488e-03  3.7630e-03
 1.0569e-03  2.6403e-03
 1.0650e-03  2.0058e-03
 1.0732e-03  1.6052e-03
 1.0815e-03  1.3324e-03
 1.0898e-03  1.1363e-03
 1.0982e-03  9.8951e-04
 1.1067e-03  8.7601e-04
 1.1152e-03  7.8602e-04
 1.1238e-03  7.1312e-04
 1.1325e-03  6.5300e-04
 1.1412e-03  6.0270e-04
 1.1500e-03  5.6006e-04
 1.1589e-03  5.2351e-04
 1.1678e-03  4.9189e-04
 1.1768e-03  4.6428e-04
 1.1859e-03  4.3999e-04
 1.1950e-03  4.1848e-04
 1.2043e-03  3.9933e-04
 1.2135e-03  3.8217e-04
 1.2229e-03  3.6671e-04
 1.2323e-03  3.5275e-04
 1.2418e-03  3.4007e-04
 1.2514e-03  3.2851e-04
 1.2611e-03  3.1795e-04
 1.2708e-03  3.0825e-04
 1.2806e-03  2.9933e-04
 1.2904e-03  2.9111e-04
 1.3004e-03  2.8350e-04
 1.3104e-03  2.7646e-04
 1.3205e-03  2.6991e-04
 1.3307e-03  2.6381e-04
 1.3410e-03  2.5814e-04
 1.3513e-03  2.5284e-04
 1.3617e-03  2.4789e-04
 1.3722e-03  2.4324e-04
 1.3828e-03  2.3890e-04
 1.3935e-03  2.3481e-04
 1.4042e-03  2.3098e-04
 1.4150e-03  2.2736e-04
 1.4259e-03  2.2397e-04
 1.4369e-03  2.2077e-04
 1.4480e-03  2.1775e-04
 1.4592e-03  2.1490e-04
 1.4704e-03  2.1222e-04
 1.4818e-03  2.0968e-04
 1.4932e-03  2.0728e-04
 1.5047e-03  2.0502e-04
 1.5163e-03  2.0288e-04
 1.5280e-03  2.0086e-04
 1.5398e-03  1.9894e-04
 1.5517e-03  1.9714e-04
 1.5636e-03  1.9543e-04
 1.5757e-03  1.9381e-04
 1.5878e-03  1.9229e-04
 1.6001e-03  1.9085e-04
 1.6124e-03  1.8949e-04
 1.6248e-03  1.8821e-04
 1.6374e-03  1.8700e-04
 1.6500e-03  1.8587e-04
 1.6627e-03  1.8480e-04
 1.6755e-03  1.8380e-04
 1.6884e-03  1.8286e-04
 1.7015e-03  1.8198e-04
 1.7146e-03  1.8115e-04
 1.7278e-03  1.8039e-04
 1.7411e-03  1.7967e-04
 1.7545e-03  1.7901e-04
 1.7681e-03  1.7840e-04
 1.7817e-03  1.7784e-04
 1.7954e-03  1.7732e-04
 1.8093e-03  1.7685e-04
 1.8232e-03  1.7643e-04
 1.8373e-03  1.7605e-04
 1.8514e-03  1.7571e-04
 1.8657e-03  1.7541e-04
 1.8801e-03  1.7515e-04
 1.8946e-03  1.7493e-04
 1.9092e-03  1.7475e-04
 1.9239e-03  1.7460e-04
 1.9388e-03  1.7450e-04
 1.9537e-03  1.7443e-04
 1.9688e-03  1.7439e-04
 1.9840e-03  1.7439e-04
 1.9993e-03  1.7442e-04
 2.0147e-03  1.7448e-04
 2.0302e-03  1.7458e-04
 2.0459e-03  1.7471e-04
 2.0616e-03  1.7487e-04
 2.0775e-03  1.7506e-04
 2.0935e-03  1.7528e-04
 2.1097e-03  1.7553e-04
 2.1259e-03  1.7582e-04
 2.1423e-03  1.7613e-04
 2.1589e-03  1.7647e-04
 2.1755e-03  1.7684e-04
 2.1923e-03  1.7724e-04
 2.2092e-03  1.7767e-04
 2.2262e-03  1.7812e-04
 2.2434e-03  1.7860e-04
 2.2607e-03  1.7911e-04
 2.2781e-03  1.7965e-04
 2.2957e-03  1.8021e-04
 2.3134e-03  1.8080e-04
 2.3312e-03  1.8142e-04
 2.3492e-03  1.8207e-04
 2.3673e-03  1.8274e-04
 2.3855e-03  1.8343e-04
 2.4039e-03  1.8415e-04
 2.4225e-03  1.8490e-04
 2.4411e-03  1.8567e-04
 2.4600e-03  1.8647e-04
 2.4789e-03  1.8729e-04
 2.4980e-03  1.8814e-04
 2.5173e-03  1.8901e-04
 2.5367e-03  1.8991e-04
 2.5563e-03  1.9083e-04
 2.5760e-03  1.9178e-04
 2.5958e-03  1.9274e-04
 2.6158e-03  1.9374e-04
 2.6360e-03  1.9475e-04
 2.6563e-03  1.9579e-04
 2.6768e-03  1.9686e-04
 2.6975e-03  1.9794e-04
 2.7183e-03  1.9905e-04
 2.7392e-03  2.0018e-04
 2.7603e-03  2.0133e-04
 2.7816e-03  2.0250e-04
 2.8031e-03  2.0370e-04
 2.8247e-03  2.0491e-04
 2.8464e-03  2.0615e-04
 2.8684e-03  2.0741e-04
 2.8905e-03  2.0868e-04
 2.9128e-03  2.0998e-04
 2.9353e-03  2.1129e-04
 2.9579e-03  2.1262e-04
 2.9807e-03  2.1397e-04
 3.0037e-03  2.1534e-04
 3.0268e-03  2.1672e-04
 3.0502e-03  2.1812e-04
 3.0737e-03  2.1953e-04
 3.0974e-03  2.2096e-04
 3.1213e-03  2.2240e-04
 3.1453e-03  2.2386e-04
 3.1696e-03  2.2532e-04
 3.1940e-03  2.2680e-04
 3.2186e-03  2.2828e-04
 3.2435e-03  2.2977e-04
 3.2685e-03  2.3127e-04
 3.2937e-03  2.3277e-04
 3.3191e-03  2.3427e-04
 3.3446e-03  2.3578e-04
 3.3704e-03  2.3728e-04
 3.3964e-03  2.3879e-04
 3.4226e-03  2.4029e-04
 3.4490e-03  2.4178e-04
 3.4756e-03  2.4326e-04
 3.5024e-03  2.4473e-04
 3.5294e-03  2.4618e-04
 3.5566e-03  2.4762e-04
 3.5840e-03  2.4903e-04
 3.6116e-03  2.5042e-04
 3.6395e-03  2.5177e-04
 3.6676e-03  2.5309e-04
 3.6958e-03  2.5437e-04
 3.7243e-03  2.5560e-04
 3.7530e-03  2.5678e-04
 3.7820e-03  2.5790e-04
 3.8111e-03  2.5895e-04
 3.8405e-03  2.5992e-04
 3.8701e-03  2.6081e-04
 3.9000e-03  2.6160e-04
 3.9300e-03  2.6228e-04
 3.9603e-03  2.6283e-04
 3.9909e-03  2.6324e-04
 4.0216e-03  2.6349e-04
 4.0526e-03  2.6355e-04
 4.0839e-03  2.6340e-04
 4.1154e-03  2.6301e-04
 4.1471e-03  2.6231e-04
 4.1791e-03  2.6127e-04
 4.2113e-03  2.5981e-04
 4.2438e-03  2.5780e-04
 4.2765e-03  2.5504e-04
 4.3095e-03  2.5111e-04
 4.3427e-03  2.4458e-04
 4.3762e-03  2.3800e-04
 4.4099e-03  2.3207e-04
 4.4439e-03  2.2685e-04
 4.4782e-03  2.2236e-04
 4.5127e-03  2.1861e-04
 4.5475e-03  2.1562e-04
 4.5826e-03  2.1340e-04
 4.6179e-03  2.1195e-04
 4.6535e-03  2.1127e-04
 4.6894e-03  2.1136e-04
 4.7255e-03  2.1223e-04
 4.7620e-03  2.1387e-04
 4.7987e-03  2.1628e-04
 4.8357e-03  2.1947e-04
 4.8729e-03  2.2343e-04
 4.9105e-03  2.2816e-04
 4.9484e-03  2.3366e-04
 4.9865e-03  2.3992e-04
 5.0250e-03  2.4696e-04
 5.0637e-03  2.5476e-04
 5.1028e-03  2.6332e-04
 5.1421e-03  2.7265e-04
 5.1817e-03  2.8274e-04
 5.2217e-03  2.9360e-04
 5.2620e-03  3.0522e-04
 5.3025e-03  3.1760e-04
 5.3434e-03  3.3074e-04
 5.3846e-03  3.4464e-04
 5.4261e-03  3.5930e-04
 5.4680e-03  3.7473e-04
 5.5101e-03  3.9091e-04
 5.5526e-03  4.0787e-04
 5.5954e-03  4.2558e-04
 5.6386e-03  4.4406e-04
 5.6820e-03  4.6331e-04
 5.7258e-03  4.8333e-04
 5.7700e-03  5.0412e-04
 5.8145e-03  5.2568e-04
 5.8593e-03  5.4802e-04
 5.9045e-03  5.7113e-04
 5.9500e-03  5.9503e-04
 5.9959e-03  6.1971e-04
 6.0421e-03  6.4518e-04
 6.0887e-03  6.7144e-04
 6.1356e-03  6.9851e-04
 6.1829e-03  7.2637e-04
 6.2306e-03  7.5504e-04
 6.2786e-03  7.8452e-04
 6.3270e-03  8.1481e-04
 6.3758e-03  8.4593e-04
 6.4250e-03  8.7788e-04
 6.4745e-03  9.1067e-04
 6.5244e-03  9.4430e-04
 6.5747e-03  9.7878e-04
 6.6254e-03  1.0141e-03
 6.6765e-03  1.0503e-03
 6.7280e-03  1.0874e-03
 6.7799e-03  1.1254e-03
 6.8321e-03  1.1643e-03
 6.8848e-03  1.2040e-03
 6.9379e-03  1.2447e-03
 6.9914e-03  1.2863e-03
 7.0453e-03  1.3289e-03
 7.0996e-03  1.3724e-03
 7.1543e-03  1.4169e-03
 7.2095e-03  1.4624e-03
 7.2651e-03  1.5088e-03
 7.3211e-03  1.5563e-03
 7.3775e-03  1.6048e-03
 7.4344e-03  1.6544e-03
 7.4917e-03  1.7050e-03
 7.5495e-03  1.7567e-03
 7.6077e-03  1.8096e-03
 7.6664e-03  1.8635e-03
 7.7255e-03  1.9186e-03
 7.7850e-03  1.9749e-03
 7.8451e-03  2.0324e-03
 7.9055e-03  2.0912e-03
 7.9665e-03  2.1512e-03
 8.0279e-03  2.2125e-03
 8.0898e-03  2.2752e-03
 8.1522e-03  2.3392e-03
 8.2150e-03  2.4046e-03
 8.2784e-03  2.4716e-03
 8.3422e-03  2.5400e-03
 8.4065e-03  2.6101e-03
 8.4713e-03  2.6817e-03
 8.5367e-03  2.7551e-03
 8.6025e-03  2.8303e-03
 8.6688e-03  2.9073e-03
 8.7356e-03  2.9863e-03
 8.8030e-03  3.0674e-03
 8.8709e-03  3.1508e-03
 8.9392e-03  3.2366e-03
 9.0082e-03  3.3249e-03
 9.0776e-03  3.4162e-03
 9.1476e-03  3.5106e-03
 9.2181e-03  3.6088e-03
 9.2892e-03  3.7115e-03
 9.3608e-03  3.8203e-03
 9.4330e-03  3.9392e-03
 9.5057e-03  4.0576e-03
 9.5790e-03  4.1733e-03
 9.6529e-03  4.2870e-03
 9.7273e-03  4.3989e-03
 9.8023e-03  4.5093e-03
 9.8779e-03  4.6184e-03
 9.9540e-03  4.7263e-03
 1.0031e-02  4.8331e-03
 1.0108e-02  4.9389e-03
 1.0186e-02  5.0439e-03
 1.0265e-02  5.1480e-03
 1.0344e-02  5.2514e-03
 1.0423e-02  5.3540e-03
 1.0504e-02  5.4561e-03
 1.0585e-02  5.5576e-03
 1.0666e-02  5.6585e-03
 1.0749e-02  5.7590e-03
 1.0832e-02  5.8591e-03
 1.0915e-02  5.9588e-03
 1.0999e-02  6.0582e-03
 1.1084e-02  6.1572e-03
 1.1169e-02  6.2561e-03
 1.1256e-02  6.3547e-03
 1.1342e-02  6.4532e-03
 1.1430e-02  6.5515e-03
 1.1518e-02  6.6498e-03
 1.1607e-02  6.7480e-03
 1.1696e-02  6.8461e-03
 1.1786e-02  6.9443e-03
 1.1877e-02  7.0426e-03
 1.1969e-02  7.1409e-03
 1.2061e-02  7.2394e-03
 1.2154e-02  7.3380e-03
 1.2248e-02  7.4368e-03
 1.2342e-02  7.5359e-03
 1.2437e-02  7.6351e-03
 1.2533e-02  7.7347e-03
 1.2630e-02  7.8346e-03
 1.2727e-02  7.9349e-03
 1.2825e-02  8.0356e-03
 1.2924e-02  8.1367e-03
 1.3024e-02  8.2382e-03
 1.3124e-02  8.3402e-03
 1.3226e-02  8.4427e-03
 1.3328e-02  8.5458e-03
 1.3430e-02  8.6495e-03
 1.3534e-02  8.7538e-03
 1.3638e-02  8.8587e-03
 1.3743e-02  8.9643e-03
 1.3849e-02  9.0706e-03
 1.3956e-02  9.1777e-03
 1.4064e-02  9.2855e-03
 1.4172e-02  9.3942e-03
 1.4281e-02  9.5036e-03
 1.4391e-02  9.6140e-03
 1.4502e-02  9.7252e-03
 1.4614e-02  9.8374e-03
 1.4727e-02  9.9506e-03
 1.4840e-02  1.0065e-02
 1.4955e-02  1.0180e-02
 1.5070e-02  1.0296e-02
 1.5186e-02  1.0414e-02
 1.5303e-02  1.0532e-02
 1.5421e-02  1.0652e-02
 1.5540e-02  1.0773e-02
 1.5660e-02  1.0895e-02
 1.5781e-02  1.1018e-02
 1.5903e-02  1.1143e-02
 1.6025e-02  1.1269e-02
 1.6149e-02  1.1396e-02
 1.6273e-02  1.1525e-02
 1.6399e-02  1.1655e-02
 1.6525e-02  1.1787e-02
 1.6653e-02  1.1920e-02
 1.6781e-02  1.2055e-02
 1.6910e-02  1.2191e-02
 1.7041e-02  1.2329e-02
 1.7172e-02  1.2469e-02
 1.7304e-02  1.2611e-02
 1.7438e-02  1.2754e-02
 1.7572e-02  1.2899e-02
 1.7708e-02  1.3045e-02
 1.7844e-02  1.3194e-02
 1.7982e-02  1.3345e-02
 1.8121e-02  1.3497e-02
 1.8260e-02  1.3651e-02
 1.8401e-02  1.3808e-02
 1.8543e-02  1.3966e-02
 1.8686e-02  1.4127e-02
 1.8830e-02  1.4290e-02
 1.8975e-02  1.4455e-02
 1.9121e-02  1.4622e-02
 1.9269e-02  1.4791e-02
 1.9417e-02  1.4963e-02
 1.9567e-02  1.5137e-02
 1.9718e-02  1.5314e-02
 1.9870e-02  1.5492e-02
 2.0023e-02  1.5674e-02
 2.0178e-02  1.5858e-02
 2.0333e-02  1.6045e-02
 2.0490e-02  1.6234e-02
 2.0648e-02  1.6426e-02
 2.0807e-02  1.6620e-02
 2.0968e-02  1.6818e-02
 2.1129e-02  1.7018e-02
 2.1292e-02  1.7221e-02
 2.1456e-02  1.7427e-02
 2.1622e-02  1.7636e-02
 2.1788e-02  1.7848e-02
 2.1956e-02  1.8063e-02
 2.2126e-02  1.8282e-02
 2.2296e-02  1.8503e-02
 2.2468e-02  1.8728e-02
 2.2641e-02  1.8956e-02
 2.2816e-02  1.9187e-02
 2.2992e-02  1.9422e-02
 2.3169e-02  1.9660e-02
 2.3348e-02  1.9902e-02
 2.3528e-02  2.0148e-02
 2.3709e-02  2.0397e-02
 2.3892e-02  2.0649e-02
 2.4076e-02  2.0906e-02
 2.4262e-02  2.1166e-02
 2.4449e-02  2.1430e-02
 2.4637e-02  2.1698e-02
 2.4827e-02  2.1971e-02
 2.5019e-02  2.2247e-02
 2.5212e-02  2.2527e-02
 2.5406e-02  2.2812e-02
 2.5602e-02  2.3101e-02
 2.5799e-02  2.3394e-02
 2.5998e-02  2.3691e-02
 2.6199e-02  2.3994e-02
 2.6401e-02  2.4300e-02
 2.6604e-02  2.4611e-02
 2.6809e-02  2.4927e-02
 2.7016e-02  2.5248e-02
 2.7224e-02  2.5574e-02
 2.7434e-02  2.5904e-02
 2.7646e-02  2.6239e-02
 2.7859e-02  2.6580e-02
 2.8074e-02  2.6926e-02
 2.8290e-02  2.7276e-02
 2.8508e-02  2.7633e-02
 2.8728e-02  2.7994e-02
 2.8950e-02  2.8361e-02
 2.9173e-02  2.8734e-02
 2.9398e-02  2.9112e-02
 2.9624e-02  2.9495e-02
 2.9853e-02  2.9885e-02
 3.0083e-02  3.0281e-02
 3.0315e-02  3.0682e-02
 3.0549e-02  3.1089e-02
 3.0784e-02  3.1503e-02
 3.1021e-02  3.1923e-02
 3.1261e-02  3.2349e-02
 3.1502e-02  3.2782e-02
 3.1744e-02  3.3221e-02
 3.1989e-02  3.3666e-02
 3.2236e-02  3.4119e-02
 3.2484e-02  3.4578e-02
 3.2735e-02  3.5044e-02
 3.2987e-02  3.5517e-02
 3.3242e-02  3.5997e-02
 3.3498e-02  3.6484e-02
 3.3756e-02  3.6979e-02
 3.4016e-02  3.7481e-02
 3.4279e-02  3.7990e-02
 3.4543e-02  3.8507e-02
 3.4809e-02  3.9032e-02
 3.5078e-02  3.9564e-02
 3.5348e-02  4.0105e-02
 3.5621e-02  4.0653e-02
 3.5895e-02  4.1210e-02
 3.6172e-02  4.1775e-02
 3.6451e-02  4.2348e-02
 3.6732e-02  4.2930e-02
 3.7015e-02  4.3520e-02
 3.7300e-02  4.4119e-02
 3.7588e-02  4.4727e-02
 3.7878e-02  4.5344e-02
 3.8170e-02  4.5969e-02
 3.8464e-02  4.6604e-02
 3.8761e-02  4.7249e-02
 3.9060e-02  4.7903e-02
 3.9361e-02  4.8566e-02
 3.9664e-02  4.9239e-02
 3.9970e-02  4.9922e-02
 4.0278e-02  5.0615e-02
 4.0589e-02  5.1318e-02
 4.0902e-02  5.2031e-02
 4.1217e-02  5.2755e-02
 4.1535e-02  5.3489e-02
 4.1855e-02  5.4233e-02
 4.2178e-02  5.4989e-02
 4.2503e-02  5.5755e-02
 4.2831e-02  5.6532e-02
 4.3161e-02  5.7321e-02
 4.3494e-02  5.8121e-02
 4.3829e-02  5.8932e-02
 4.4167e-02  5.9755e-02
 4.4507e-02  6.0590e-02
 4.4851e-02  6.1436e-02
 4.5196e-02  6.2295e-02
 4.5545e-02  6.3166e-02
 4.5896e-02  6.4049e-02
 4.6250e-02  6.4945e-02
 4.6606e-02  6.5853e-02
 4.6966e-02  6.6774e-02
 4.7328e-02  6.7708e-02
 4.7693e-02  6.8656e-02
 4.8060e-02  6.9616e-02
 4.8431e-02  7.0590e-02
 4.8804e-02  7.1578e-02
 4.9181e-02  7.2579e-02
 4.9560e-02  7.3595e-02
 4.9942e-02  7.4624e-02
 5.0327e-02  7.5668e-02
 5.0715e-02  7.6726e-02
 5.1106e-02  7.7799e-02
 5.1500e-02  7.8886e-02
 5.1897e-02  7.9989e-02
 5.2297e-02  8.1106e-02
 5.2700e-02  8.2239e-02
 5.3107e-02  8.3387e-02
 5.3516e-02  8.4551e-02
 5.3929e-02  8.5731e-02
 5.4345e-02  8.6926e-02
 5.4764e-02  8.8138e-02
 5.5186e-02  8.9366e-02
 5.5611e-02  9.0611e-02
 5.6040e-02  9.1872e-02
 5.6472e-02  9.3150e-02
 5.6908e-02  9.4445e-02
 5.7346e-02  9.5757e-02
 5.7788e-02  9.7087e-02
 5.8234e-02  9.8434e-02
 5.8683e-02  9.9799e-02
 5.9135e-02  1.0118e-01
 5.9591e-02  1.0258e-01
 6.0051e-02  1.0400e-01
 6.0514e-02  1.0544e-01
 6.0980e-02  1.0690e-01
 6.1451e-02  1.0837e-01
 6.1924e-02  1.0987e-01
 6.2402e-02  1.1138e-01
 6.2883e-02  1.1291e-01
 6.3368e-02  1.1447e-01
 6.3856e-02  1.1604e-01
 6.4349e-02  1.1763e-01
 6.4845e-02  1.1924e-01
 6.5345e-02  1.2088e-01
 6.5848e-02  1.2253e-01
 6.6356e-02  1.2420e-01
 6.6868e-02  1.2590e-01
 6.7383e-02  1.2761e-01
 6.7903e-02  1.2935e-01
 6.8426e-02  1.3111e-01
 6.8954e-02  1.3289e-01
 6.9486e-02  1.3469e-01
 7.0021e-02  1.3652e-01
 7.0561e-02  1.3836e-01
 7.1105e-02  1.4023e-01
 7.1653e-02  1.4212e-01
 7.2206e-02  1.4403e-01
 7.2763e-02  1.4597e-01
 7.3324e-02  1.4793e-01
 7.3889e-02  1.4991e-01
 7.4459e-02  1.5192e-01
 7.5033e-02  1.5395e-01
 7.5611e-02  1.5600e-01
 7.6194e-02  1.5808e-01
 7.6782e-02  1.6018e-01
 7.7374e-02  1.6230e-01
 7.7970e-02  1.6445e-01
 7.8571e-02  1.6663e-01
 7.9177e-02  1.6882e-01
 7.9787e-02  1.7105e-01
 8.0403e-02  1.7330e-01
 8.1023e-02  1.7557e-01
 8.1647e-02  1.7787e-01
 8.2277e-02  1.8019e-01
 8.2911e-02  1.8254e-01
 8.3550e-02  1.8492e-01
 8.4194e-02  1.8732e-01
 8.4844e-02  1.8974e-01
 8.5498e-02  1.9220e-01
 8.6157e-02  1.9468e-01
 8.6821e-02  1.9718e-01
 8.7491e-02  1.9971e-01
 8.8165e-02  2.0227e-01
 8.8845e-02  2.0486e-01
 8.9530e-02  2.0747e-01
 9.0220e-02  2.1011e-01
 9.0916e-02  2.1278e-01
 9.1617e-02  2.1547e-01
 9.2323e-02  2.1819e-01
 9.3035e-02  2.2094e-01
 9.3752e-02  2.2371e-01
 9.4475e-02  2.2652e-01
 9.5203e-02  2.2935e-01
 9.5937e-02  2.3220e-01
 9.6677e-02  2.3509e-01
 9.7422e-02  2.3800e-01
 9.8174e-02  2.4094e-01
 9.8931e-02  2.4391e-01
 9.9693e-02  2.4691e-01
 1.0046e-01  2.4994e-01
 1.0124e-01  2.5299e-01
 1.0202e-01  2.5607e-01
 1.0280e-01  2.5918e-01
 1.0360e-01  2.6232e-01
 1.0439e-01  2.6548e-01
 1.0520e-01  2.6868e-01
 1.0601e-01  2.7190e-01
 1.0683e-01  2.7515e-01
 1.0765e-01  2.7843e-01
 1.0848e-01  2.8174e-01
 1.0932e-01  2.8508e-01
 1.1016e-01  2.8844e-01
 1.1101e-01  2.9183e-01
 1.1187e-01  2.9525e-01
 1.1273e-01  2.9870e-01
 1.1360e-01  3.0218e-01
 1.1447e-01  3.0568e-01
 1.1536e-01  3.0922e-01
 1.1625e-01  3.1278e-01
 1.1714e-01  3.1637e-01
 1.1805e-01  3.1999e-01
 1.1896e-01  3.2364e-01
 1.1987e-01  3.2731e-01
 1.2080e-01  3.3101e-01
 1.2173e-01  3.3474e-01
 1.2267e-01  3.3850e-01
 1.2361e-01  3.4229e-01
 1.2457e-01  3.4610e-01
 1.2553e-01  3.4995e-01
 1.2649e-01  3.5382e-01
 1.2747e-01  3.5771e-01
 1.2845e-01  3.6164e-01
 1.2944e-01  3.6559e-01
 1.3044e-01  3.6957e-01
 1.3145e-01  3.7358e-01
 1.3246e-01  3.7761e-01
 1.3348e-01  3.8168e-01
 1.3451e-01  3.8577e-01
 1.3555e-01  3.8988e-01
 1.3659e-01  3.9403e-01
 1.3764e-01  3.9820e-01
 1.3871e-01  4.0240e-01
 1.3978e-01  4.0663e-01
 1.4085e-01  4.1088e-01
 1.4194e-01  4.1516e-01
 1.4303e-01  4.1947e-01
 1.4414e-01  4.2381e-01
 1.4525e-01  4.2817e-01
 1.4637e-01  4.3256e-01
 1.4750e-01  4.3698e-01
 1.4863e-01  4.4143e-01
 1.4978e-01  4.4590e-01
 1.5093e-01  4.5041e-01
 1.5210e-01  4.5494e-01
 1.5327e-01  4.5950e-01
 1.5445e-01  4.6409e-01
 1.5564e-01  4.6871e-01
 1.5684e-01  4.7336e-01
 1.5805e-01  4.7804e-01
 1.5927e-01  4.8275e-01
 1.6050e-01  4.8749e-01
 1.6174e-01  4.9227e-01
 1.6298e-01  4.9708e-01
 1.6424e-01  5.0193e-01
 1.6551e-01  5.0681e-01
 1.6678e-01  5.1173e-01
 1.6807e-01  5.1668e-01
 1.6936e-01  5.2169e-01
 1.7067e-01  5.2673e-01
 1.7198e-01  5.3182e-01
 1.7331e-01  5.3696e-01
 1.7465e-01  5.4216e-01
 1.7599e-01  5.4741e-01
 1.7735e-01  5.5273e-01
 1.7872e-01  5.5813e-01
 1.8010e-01  5.6360e-01
 1.8148e-01  5.6918e-01
 1.8288e-01  5.7488e-01
 1.8429e-01  5.8073e-01
 1.8571e-01  5.8680e-01
 1.8715e-01  1.6826e-01
 1.8859e-01  6.7964e-03
 1.9004e-01  2.7015e-03
 1.9151e-01  1.5688e-03
 1.9299e-01  1.0721e-03
 1.9447e-01  8.0233e-04
 1.9597e-01  6.3627e-04
 1.9748e-01  5.2526e-04
 1.9901e-01  4.4660e-04
 2.0054e-01  3.8839e-04
 2.0209e-01  3.4384e-04
 2.0364e-01  3.0883e-04
 2.0521e-01  2.8075e-04
 2.0680e-01  2.5784e-04
 2.0839e-01  2.3890e-04
 2.1000e-01  2.2313e-04
 2.1162e-01  2.0995e-04
 2.1325e-01  1.9729e-04
 2.1489e-01  1.8554e-04
 2.1655e-01  1.7491e-04
 2.1822e-01  1.6536e-04
 2.1990e-01  1.5680e-04
 2.2160e-01  1.4912e-04
 2.2331e-01  1.4220e-04
 2.2503e-01  1.3596e-04
 2.2676e-01  1.3030e-04
 2.2851e-01  1.2516e-04
 2.3027e-01  1.2047e-04
 2.3205e-01  1.1617e-04
 2.3384e-01  1.1223e-04
 2.3564e-01  1.0861e-04
 2.3746e-01  1.0526e-04
 2.3929e-01  1.0216e-04
 2.4113e-01  9.9281e-05
 2.4299e-01  9.6603e-05
 2.4486e-01  9.4106e-05
 2.4675e-01  9.1772e-05
 2.4865e-01  8.9587e-05
 2.5057e-01  8.7536e-05
 2.5250e-01  8.5608e-05
 2.5445e-01  8.3792e-05
 2.5641e-01  8.2080e-05
 2.5839e-01  8.0462e-05
 2.6038e-01  7.8931e-05
 2.6239e-01  7.7481e-05
 2.6441e-01  7.6106e-05
 2.6645e-01  7.4799e-05
 2.6851e-01  7.3556e-05
 2.7058e-01  3.3281e-15
 2.7266e-01  1.6397e-15
 2.7476e-01  1.2688e-15
 2.7688e-01  1.0902e-15
 2.7902e-01  9.8276e-16
 2.8117e-01  7.3967e-16
 2.8334e-01  6.5854e-16
 2.8552e-01  6.0859e-16
 2.8772e-01  5.7390e-16
 2.8994e-01  5.4832e-16
 2.9218e-01  5.2877e-16
 2.9443e-01  5.1348e-16
 2.9670e-01  5.0133e-16
 2.9899e-01  4.9158e-16
 3.0129e-01  4.8372e-16
 3.0361e-01  4.7738e-16
 3.0595e-01  4.7227e-16
 3.0831e-01  4.6819e-16
 3.1069e-01  4.6497e-16
 3.1309e-01  4.6249e-16
 3.1550e-01  4.6063e-16
 3.1793e-01  4.5932e-16
 3.2038e-01  4.5848e-16
 3.2285e-01  4.5806e-16
 3.2534e-01  4.5801e-16
 3.2785e-01  4.5828e-16
 3.3038e-01  4.5884e-16
 3.3293e-01  4.5967e-16
 3.3549e-01  4.6073e-16
 3.3808e-01  4.6201e-16
 3.4069e-01  4.6348e-16
 3.4331e-01  4.6512e-16
 3.4596e-01  4.6693e-16
 3.4863e-01  4.6888e-16
 3.5132e-01  4.7096e-16
 3.5402e-01  4.7317e-16
 3.5675e-01  4.7549e-16
 3.5950e-01  4.7791e-16
 3.6228e-01  4.8044e-16
 3.6507e-01  4.8305e-16
 3.6788e-01  4.8574e-16
 3.7072e-01  4.8851e-16
 3.7358e-01  4.9135e-16
 3.7646e-01  4.9425e-16
 3.7936e-01  4.9722e-16
 3.8229e-01  5.0024e-16
 3.8523e-01  5.0331e-16
 3.8820e-01  5.0644e-16
 3.9120e-01  5.0961e-16
 3.9421e-01  5.1282e-16
 3.9725e-01  5.1607e-16
 4.0031e-01  5.1936e-16
 4.0340e-01  5.2268e-16
 4.0651e-01  5.2603e-16
 4.0965e-01  5.2942e-16
 4.1280e-01  5.3283e-16
 4.1599e-01  5.3626e-16
 4.1919e-01  5.3972e-16
 4.2243e-01  5.4320e-16
 4.2568e-01  5.4671e-16
 4.2896e-01  5.5023e-16
 4.3227e-01  5.5377e-16
 4.3560e-01  5.5732e-16
 4.3896e-01  5.6090e-16
 4.4235e-01  5.6448e-16
 4.4576e-01  5.6808e-16
 4.4920e-01  5.7169e-16
 4.5266e-01  5.7532e-16
 4.5615e-01  5.7895e-16
 4.5967e-01  5.8259e-16
 4.6321e-01  5.8625e-16
 4.6678e-01  5.8991e-16
 4.7038e-01  5.9358e-16
 4.7401e-01  5.9726e-16
 4.7766e-01  6.0094e-16
 4.8134e-01  6.0463e-16
 4.8505e-01  6.0833e-16
 4.8879e-01  6.1203e-16
 4.9256e-01  6.1574e-16
 4.9636e-01  6.1945e-16
 5.0019e-01  6.2317e-16
 5.0404e-01  6.2689e-16
 5.0793e-01  6.3062e-16
 5.1185e-01  6.3435e-16
 5.1579e-01  6.3808e-16
 5.1977e-01  6.4182e-16
 5.2378e-01  6.4556e-16
 5.2781e-01  6.4931e-16
 5.3188e-01  6.5305e-16
 5.3599e-01  6.5681e-16
 5.4012e-01  6.6056e-16
 5.4428e-01  6.6432e-16
 5.4848e-01  6.6808e-16
 5.5271e-01  6.7184e-16
 5.5697e-01  6.7561e-16
 5.6126e-01  6.7938e-16
 5.6559e-01  6.8315e-16
 5.6995e-01  6.8693e-16
 5.7434e-01  6.9071e-16
 5.7877e-01  6.9449e-16
 5.8324e-01  6.9827e-16
 5.8773e-01  7.0206e-16
 5.9226e-01  7.0585e-16
 5.9683e-01  7.0964e-16
 6.0143e-01  7.1344e-16
 6.0607e-01  7.1724e-16
 6.1074e-01  7.2104e-16
 6.1545e-01  7.2484e-16
 6.2020e-01  7.2864e-16
 6.2498e-01  7.3245e-16
 6.2980e-01  7.3626e-16
 6.3465e-01  7.4007e-16
 6.3954e-01  7.4388e-16
 6.4448e-01  7.4770e-16
 6.4944e-01  7.5151e-16
 6.5445e-01  7.5533e-16
 6.5950e-01  7.5915e-16
 6.6458e-01  7.6296e-16
 6.6971e-01  7.6678e-16
 6.7487e-01  7.7060e-16
 6.8007e-01  7.7442e-16
 6.8532e-01  7.7824e-16
 6.9060e-01  7.8206e-16
 6.9592e-01  7.8587e-16
 7.0129e-01  7.8969e-16
 7.0670e-01  7.9350e-16
 7.1214e-01  7.9731e-16
 7.1764e-01  8.0111e-16
 7.2317e-01  8.0492e-16
 7.2874e-01  8.0871e-16
 7.3436e-01  8.1251e-16
 7.4002e-01  8.1630e-16
 7.4573e-01  8.2008e-16
 7.5148e-01  8.2385e-16
 7.5727e-01  8.2762e-16
 7.6311e-01  8.3138e-16
 7.6900e-01  8.3513e-16
 7.7492e-01  8.3887e-16
 7.8090e-01  8.4260e-16
 7.8692e-01  8.4632e-16
 7.9299e-01  8.5003e-16
 7.9910e-01  8.5373e-16
 8.0526e-01  8.5741e-16
 8.1147e-01  8.6107e-16
 8.1773e-01  8.6472e-16
 8.2403e-01  8.6835e-16
 8.3039e-01  8.7197e-16
 8.3679e-01  8.7556e-16
 8.4324e-01  8.7914e-16
 8.4974e-01  8.8269e-16
 8.5629e-01  8.8622e-16
 8.6289e-01  8.8973e-16
 8.6955e-01  8.9321e-16
 8.7625e-01  8.9667e-16
 8.8301e-01  9.0010e-16
 8.8981e-01  9.0350e-16
 8.9668e-01  9.0687e-16
 9.0359e-01  9.1022e-16
 9.1056e-01  9.1352e-16
 9.1758e-01  9.1680e-16
 9.2465e-01  9.2004e-16
 9.3178e-01  9.2324e-16
 9.3896e-01  9.2640e-16
 9.4620e-01  9.2953e-16
 9.5350e-01  9.3261e-16
 9.6085e-01  9.3566e-16
 9.6826e-01  9.3866e-16
 9.7572e-01  9.4161e-16
 9.8325e-01  9.4452e-16
 9.9083e-01  9.4738e-16
 9.9847e-01  9.5019e-16
 1.0062e+00  9.5295e-16
 1.0139e+00  9.5565e-16
 1.0217e+00  9.5830e-16
 1.0296e+00  9.6090e-16
 1.0376e+00  9.6344e-16
 1.0456e+00  9.6592e-16
 1.0536e+00  9.6834e-16
 1.0617e+00  9.7070e-16
 1.0699e+00  9.7299e-16
 1.0782e+00  9.7523e-16
 1.0865e+00  9.7739e-16
 1.0949e+00  9.7949e-16
 1.1033e+00  9.8151e-16
 1.1118e+00  9.8347e-16
 1.1204e+00  9.8535e-16
 1.1290e+00  9.8716e-16
 1.1377e+00  9.8890e-16
 1.1465e+00  9.9056e-16
 1.1553e+00  9.9214e-16
 1.1642e+00  9.9364e-16
 1.1732e+00  9.9505e-16
 1.1823e+00  9.9639e-16
 1.1914e+00  9.9764e-16
 1.2006e+00  9.9881e-16
 1.2098e+00  9.9989e-16
 1.2192e+00  1.0009e-15
 1.2286e+00  1.0018e-15
 1.2380e+00  1.0026e-15
 1.2476e+00  1.0033e-15
 1.2572e+00  1.0039e-15
 1.2669e+00  1.0045e-15
 1.2766e+00  1.0049e-15
 1.2865e+00  1.0052e-15
 1.2964e+00  1.0055e-15
 1.3064e+00  1.0056e-15
 1.3165e+00  1.0056e-15
 1.3266e+00  1.0056e-15
 1.3369e+00  1.0054e-15
 1.3472e+00  1.0051e-15
 1.3575e+00  1.0047e-15
 1.3680e+00  1.0042e-15
 1.3786e+00  1.0037e-15
 1.3892e+00  1.0029e-15
 1.3999e+00  1.0021e-15
 1.4107e+00  1.0012e-15
 1.4216e+00  1.0002e-15
 1.4325e+00  9.9902e-16
 1.4436e+00  9.9775e-16
 1.4547e+00  9.9637e-16
 1.4659e+00  9.9488e-16
 1.4772e+00  9.9327e-16
 1.4886e+00  9.9154e-16
 1.5001e+00  9.8969e-16
 1.5117e+00  9.8773e-16
 1.5233e+00  9.8564e-16
 1.5351e+00  9.8343e-16
 1.5469e+00  9.8111e-16
 1.5588e+00  9.7866e-16
 1.5708e+00  9.7609e-16
 1.5829e+00  9.7339e-16
 1.5952e+00  9.7057e-16
 1.6074e+00  9.6763e-16
 1.6198e+00  9.6456e-16
 1.6323e+00  9.6136e-16
 1.6449e+00  9.5804e-16
 1.6576e+00  9.5459e-16
 1.6704e+00  9.5101e-16
 1.6833e+00  9.4730e-16
 1.6962e+00  9.4346e-16
 1.7093e+00  9.3949e-16
 1.7225e+00  9.3540e-16
 1.7358e+00  9.3116e-16
 1.7492e+00  9.2680e-16
 1.7626e+00  9.2230e-16
 1.7762e+00  9.1767e-16
 1.7899e+00  9.1290e-16
 1.8037e+00  9.0800e-16
 1.8176e+00  9.0296e-16
 1.8316e+00  8.9778e-16
 1.8458e+00  8.9246e-16
 1.8600e+00  8.8700e-16
 1.8743e+00  8.8140e-16
 1.8888e+00  8.7566e-16
 1.9034e+00  8.6977e-16
 1.9180e+00  8.6374e-16
 1.9328e+00  8.5756e-16
 1.9477e+00  8.5122e-16
 1.9627e+00  8.4474e-16
 1.9779e+00  8.3810e-16
 1.9931e+00  8.3131e-16
 2.0085e+00  8.2436e-16
 2.0240e+00  8.1725e-16
 2.0396e+00  8.0997e-16
 2.0553e+00  8.0252e-16
 2.0711e+00  7.9490e-16
 2.0871e+00  7.8711e-16
 2.1032e+00  7.7913e-16
 2.1194e+00  7.7097e-16
 2.1358e+00  7.6262e-16
 2.1522e+00  7.5407e-16
 2.1688e+00  7.4532e-16
 2.1855e+00  7.3635e-16
 2.2024e+00  7.2716e-16
 2.2194e+00  7.1775e-16
 2.2365e+00  7.0809e-16
 2.2537e+00  6.9817e-16
 2.2711e+00  6.8798e-16
 2.2886e+00  6.7751e-16
 2.3063e+00  6.6673e-16
 2.3240e+00  6.5563e-16
 2.3420e+00  6.4417e-16
 2.3600e+00  6.3232e-16
 2.3782e+00  6.2005e-16
 2.3965e+00  6.0731e-16
 2.4150e+00  5.9404e-16
 2.4336e+00  5.8017e-16
 2.4524e+00  5.6559e-16
 2.4713e+00  5.5018e-16
 2.4904e+00  5.3373e-16
 2.5096e+00  5.1592e-16
 2.5289e+00  4.9613e-16
 2.5484e+00  4.7195e-16
 2.5681e+00  4.4432e-16
 2.5879e+00  4.1963e-16
 2.6078e+00  3.9786e-16
 2.6279e+00  3.7892e-16
 2.6482e+00  3.6268e-16
 2.6686e+00  3.4900e-16
 2.6892e+00  3.3777e-16
 2.7099e+00  3.2885e-16
 2.7308e+00  3.2210e-16
 2.7519e+00  3.1741e-16
 2.7731e+00  3.1465e-16
 2.7945e+00  3.1370e-16
 2.8160e+00  3.1446e-16
 2.8377e+00  3.1681e-16
 2.8596e+00  3.2064e-16
 2.8816e+00  3.2586e-16
 2.9039e+00  3.3238e-16
 2.9262e+00  3.4009e-16
 2.9488e+00  3.4891e-16
 2.9715e+00  3.5877e-16
 2.9945e+00  3.6958e-16
 3.0175e+00  3.8126e-16
 3.0408e+00  3.9375e-16
 3.0643e+00  4.0698e-16
 3.0879e+00  4.2089e-16
 3.1117e+00  4.3542e-16
 3.1357e+00  4.5052e-16
 3.1598e+00  4.6613e-16
 3.1842e+00  4.8222e-16
 3.2088e+00  4.9875e-16
 3.2335e+00  5.1567e-16
 3.2584e+00  5.3295e-16
 3.2836e+00  5.5058e-16
 3.3089e+00  5.6853e-16
 3.3344e+00  5.8678e-16
 3.3601e+00  6.0534e-16
 3.3860e+00  6.2420e-16
 3.4121e+00  6.4339e-16
 3.4384e+00  6.6295e-16
 3.4649e+00  6.8293e-16
 3.4916e+00  7.0346e-16
 3.5186e+00  7.2476e-16
 3.5457e+00  7.4737e-16
 3.5730e+00  7.7146e-16
 3.6006e+00  7.9285e-16
 3.6283e+00  8.1207e-16
 3.6563e+00  8.2947e-16
 3.6845e+00  8.4524e-16
 3.7129e+00  8.5952e-16
 3.7415e+00  8.7243e-16
 3.7704e+00  8.8407e-16
 3.7994e+00  8.9451e-16
 3.8287e+00  9.0384e-16
 3.8583e+00  9.1211e-16
 3.8880e+00  9.1939e-16
 3.9180e+00  9.2573e-16
 3.9482e+00  9.3119e-16
 3.9786e+00  9.3582e-16
 4.0093e+00  9.3965e-16
 4.0402e+00  9.4274e-16
 4.0714e+00  9.4513e-16
 4.1028e+00  9.4684e-16
 4.1344e+00  9.4793e-16
 4.1663e+00  9.4842e-16
 4.1984e+00  9.4834e-16
 4.2308e+00  9.4773e-16
 4.2634e+00  9.4663e-16
 4.2962e+00  9.4504e-16
 4.3294e+00  9.4302e-16
 4.3627e+00  9.4057e-16
 4.3964e+00  9.3773e-16
 4.4303e+00  9.3451e-16
 4.4644e+00  9.3095e-16
 4.4989e+00  9.2705e-16
 4.5335e+00  9.2285e-16
 4.5685e+00  9.1837e-16
 4.6037e+00  9.1361e-16
 4.6392e+00  9.0860e-16
 4.6750e+00  9.0336e-16
 4.7110e+00  8.9790e-16
 4.7473e+00  8.9224e-16
 4.7839e+00  8.8640e-16
 4.8208e+00  8.8038e-16
 4.8580e+00  8.7420e-16
 4.8955e+00  8.6787e-16
 4.9332e+00  8.6141e-16
 4.9712e+00  8.5482e-16
 5.0096e+00  8.4813e-16
 5.0482e+00  8.4133e-16
 5.0871e+00  8.3445e-16
 5.1263e+00  8.2748e-16
 5.1659e+00  8.2044e-16
 5.2057e+00  8.1334e-16
 5.2458e+00  8.0618e-16
 5.2863e+00  7.9898e-16
 5.3270e+00  7.9173e-16
 5.3681e+00  7.8446e-16
 5.4095e+00  7.7716e-16
 5.4512e+00  7.6984e-16
 5.4932e+00  7.6251e-16
 5.5356e+00  7.5517e-16
 5.5782e+00  7.4784e-16
 5.6213e+00  7.4050e-16
 5.6646e+00  7.3318e-16
 5.7083e+00  7.2587e-16
 5.7523e+00  7.1858e-16
 5.7966e+00  7.1131e-16
 5.8413e+00  7.0406e-16
 5.8864e+00  6.9685e-16
 5.9317e+00  6.8968e-16
 5.9775e+00  6.8254e-16
 6.0236e+00  6.7544e-16
 6.0700e+00  6.6839e-16
 6.1168e+00  6.6138e-16
 6.1640e+00  6.5443e-16
 6.2115e+00  6.4753e-16
 6.2594e+00  6.4068e-16
 6.3076e+00  6.3389e-16
 6.3563e+00  6.2717e-16
 6.4053e+00  6.2050e-16
 6.4547e+00  6.1390e-16
 6.5044e+00  6.0737e-16
 6.5546e+00  6.0090e-16
 6.6051e+00  5.9451e-16
 6.6560e+00  5.8819e-16
 6.7074e+00  5.8194e-16
 6.7591e+00  5.7577e-16
 6.8112e+00  5.6968e-16
 6.8637e+00  5.6367e-16
 6.9166e+00  5.5774e-16
 6.9699e+00  5.5190e-16
 7.0237e+00  5.4614e-16
 7.0778e+00  5.4047e-16
 7.1324e+00  5.3489e-16
 7.1874e+00  5.2940e-16
 7.2428e+00  5.2401e-16
 7.2986e+00  5.1872e-16
 7.3549e+00  5.1352e-16
 7.4116e+00  5.0843e-16
 7.4688e+00  5.0344e-16
 7.5263e+00  4.9857e-16
 7.5844e+00  4.9381e-16
 7.6429e+00  4.8918e-16
 7.7018e+00  4.8467e-16
 7.7612e+00  4.8030e-16
 7.8210e+00  4.7607e-16
 7.8813e+00  4.7199e-16
 7.9421e+00  4.6808e-16
 8.0033e+00  4.6436e-16
 8.0650e+00  4.6085e-16
 8.1272e+00  4.5759e-16
 8.1898e+00  4.5461e-16
 8.2530e+00  4.5201e-16
 8.3166e+00  4.4993e-16
 8.3807e+00  4.4900e-16
 8.4454e+00  4.4848e-16
 8.5105e+00  4.4737e-16
 8.5761e+00  4.4576e-16
 8.6422e+00  4.4368e-16
 8.7088e+00  4.4118e-16
 8.7760e+00  4.3831e-16
 8.8436e+00  4.3509e-16
 8.9118e+00  4.3157e-16
 8.9805e+00  4.2776e-16
 9.0498e+00  4.2370e-16
 9.1195e+00  4.1942e-16
 9.1899e+00  4.1493e-16
 9.2607e+00  4.1026e-16
 9.3321e+00  4.0543e-16
 9.4041e+00  4.0045e-16
 9.4766e+00  3.9535e-16
 9.5496e+00  3.9014e-16
 9.6233e+00  3.8483e-16
 9.6975e+00  3.7945e-16
 9.7722e+00  3.7400e-16
 9.8476e+00  3.6849e-16
 9.9235e+00  3.6295e-16
 1.0000e+01  3.5737e-16
