 0.0000e+00  0.0000e+00
 3.0030e-03  1.0000e+00
 6.0060e-03  1.0000e+00
 9.0090e-03  1.0000e+00
 1.2012e-02  1.0000e+00
 1.5015e-02  1.0000e+00
 1.8018e-02  1.0000e+00
 2.1021e-02  1.0000e+00
 2.4024e-02  1.0000e+00
 2.7027e-02  1.0000e+00
 3.0030e-02  1.0000e+00
 3.3033e-02  1.0000e+00
 3.6036e-02  1.0000e+00
 3.9039e-02  1.0000e+00
 4.2042e-02  1.0000e+00
 4.5045e-02  1.0000e+00
 4.8048e-02  1.0000e+00
 5.1051e-02  1.0000e+00
 5.4054e-02  1.0000e+00
 5.7057e-02  1.0000e+00
 6.0060e-02  1.0000e+00
 6.3063e-02  1.0000e+00
 6.6066e-02  1.0000e+00
 6.9069e-02  1.0000e+00
 7.2072e-02  1.0000e+00
 7.5075e-02  1.0000e+00
 7.8078e-02  1.0000e+00
 8.1081e-02  1.0000e+00
 8.4084e-02  1.0000e+00
 8.7087e-02  1.0000e+00
 9.0090e-02  1.0000e+00
 9.3093e-02  1.0000e+00
 9.6096e-02  1.0000e+00
 9.9099e-02  1.0000e+00
 1.0210e-01  1.0000e+00
 1.0511e-01  1.0000e+00
 1.0811e-01  1.0000e+00
 1.1111e-01  1.0000e+00
 1.1411e-01  1.0000e+00
 1.1712e-01  1.0000e+00
 1.2012e-01  1.0000e+00
 1.2312e-01  1.0000e+00
 1.2613e-01  1.0000e+00
 1.2913e-01  1.0000e+00
 1.3213e-01  1.0000e+00
 1.3514e-01  1.0000e+00
 1.3814e-01  1.0000e+00
 1.4114e-01  9.9995e-01
 1.4414e-01  9.9777e-01
 1.4715e-01  9.8901e-01
 1.5015e-01  9.6998e-01
 1.5315e-01  9.3842e-01
 1.5616e-01  8.9395e-01
 1.5916e-01  8.3810e-01
 1.6216e-01  7.7386e-01
 1.6517e-01  7.0497e-01
 1.6817e-01  6.3510e-01
 1.7117e-01  5.6729e-01
 1.7417e-01  5.0368e-01
 1.7718e-01  4.4550e-01
 1.8018e-01  3.9331e-01
 1.8318e-01  3.4711e-01
 1.8619e-01  3.0656e-01
 1.8919e-01  2.7118e-01
 1.9219e-01  2.4041e-01
 1.9520e-01  2.1370e-01
 1.9820e-01  1.9050e-01
 2.0120e-01  1.7033e-01
 2.0420e-01  1.5276e-01
 2.0721e-01  1.3743e-01
 2.1021e-01  1.2400e-01
 2.1321e-01  1.0978e-01
 2.1622e-01  9.8707e-02
 2.1922e-01  8.9462e-02
 2.2222e-01  8.1485e-02
 2.2523e-01  7.4503e-02
 2.2823e-01  6.8337e-02
 2.3123e-01  6.2857e-02
 2.3423e-01  5.7958e-02
 2.3724e-01  5.3565e-02
 2.4024e-01  4.9609e-02
 2.4324e-01  4.6032e-02
 2.4625e-01  4.2793e-02
 2.4925e-01  3.9848e-02
 2.5225e-01  3.7166e-02
 2.5526e-01  3.4717e-02
 2.5826e-01  3.2476e-02
 2.6126e-01  3.0420e-02
 2.6426e-01  2.8532e-02
 2.6727e-01  2.6793e-02
 2.7027e-01  2.5190e-02
 2.7327e-01  2.3709e-02
 2.7628e-01  2.2339e-02
 2.7928e-01  2.1069e-02
 2.8228e-01  1.9891e-02
 2.8529e-01  1.8796e-02
 2.8829e-01  1.7777e-02
 2.9129e-01  1.6827e-02
 2.9429e-01  1.5941e-02
 2.9730e-01  1.5114e-02
 3.0030e-01  1.4340e-02
 3.0330e-01  1.3616e-02
 3.0631e-01  1.2937e-02
 3.0931e-01  1.2299e-02
 3.1231e-01  1.1701e-02
 3.1532e-01  1.1139e-02
 3.1832e-01  1.0609e-02
 3.2132e-01  1.0111e-02
 3.2432e-01  9.6412e-03
 3.2733e-01  9.1979e-03
 3.3033e-01  8.7794e-03
 3.3333e-01  8.3839e-03
 3.3634e-01  8.0099e-03
 3.3934e-01  7.6559e-03
 3.4234e-01  7.3205e-03
 3.4535e-01  7.0030e-03
 3.4835e-01  6.7016e-03
 3.5135e-01  6.4156e-03
 3.5435e-01  6.1441e-03
 3.5736e-01  5.8863e-03
 3.6036e-01  5.6410e-03
 3.6336e-01  5.4077e-03
 3.6637e-01  5.1856e-03
 3.6937e-01  4.9742e-03
 3.7237e-01  4.7727e-03
 3.7538e-01  4.5805e-03
 3.7838e-01  4.3971e-03
 3.8138e-01  4.2223e-03
 3.8438e-01  4.0554e-03
 3.8739e-01  3.8959e-03
 3.9039e-01  3.7435e-03
 3.9339e-01  3.5979e-03
 3.9640e-01  3.4585e-03
 3.9940e-01  3.3253e-03
 4.0240e-01  3.1976e-03
 4.0541e-01  3.0754e-03
 4.0841e-01  2.9584e-03
 4.1141e-01  2.8462e-03
 4.1441e-01  2.7388e-03
 4.1742e-01  2.6357e-03
 4.2042e-01  2.5365e-03
 4.2342e-01  2.4377e-03
 4.2643e-01  2.3396e-03
 4.2943e-01  2.2427e-03
 4.3243e-01  2.1471e-03
 4.3544e-01  2.0533e-03
 4.3844e-01  1.9616e-03
 4.4144e-01  1.8720e-03
 4.4444e-01  1.7849e-03
 4.4745e-01  1.7004e-03
 4.5045e-01  1.6185e-03
 4.5345e-01  1.5394e-03
 4.5646e-01  1.4631e-03
 4.5946e-01  1.3897e-03
 4.6246e-01  1.3192e-03
 4.6547e-01  1.2515e-03
 4.6847e-01  1.1866e-03
 4.7147e-01  1.1245e-03
 4.7447e-01  1.0652e-03
 4.7748e-01  1.0086e-03
 4.8048e-01  9.5456e-04
 4.8348e-01  9.0309e-04
 4.8649e-01  8.5408e-04
 4.8949e-01  8.0744e-04
 4.9249e-01  7.6310e-04
 4.9550e-01  7.2097e-04
 4.9850e-01  6.8097e-04
 5.0150e-01  6.4300e-04
 5.0450e-01  6.0697e-04
 5.0751e-01  5.7281e-04
 5.1051e-01  5.4044e-04
 5.1351e-01  5.0978e-04
 5.1652e-01  4.8072e-04
 5.1952e-01  4.5321e-04
 5.2252e-01  4.2716e-04
 5.2553e-01  4.0252e-04
 5.2853e-01  3.7922e-04
 5.3153e-01  3.5719e-04
 5.3453e-01  3.3634e-04
 5.3754e-01  3.0508e-04
 5.4054e-01  2.8694e-04
 5.4354e-01  2.6981e-04
 5.4655e-01  2.5361e-04
 5.4955e-01  2.3828e-04
 5.5255e-01  2.2406e-04
 5.5556e-01  2.1054e-04
 5.5856e-01  1.9771e-04
 5.6156e-01  1.8569e-04
 5.6456e-01  1.7423e-04
 5.6757e-01  1.6350e-04
 5.7057e-01  1.5339e-04
 5.7357e-01  1.4358e-04
 5.7658e-01  1.3520e-04
 5.7958e-01  1.2632e-04
 5.8258e-01  1.1852e-04
 5.8559e-01  1.1094e-04
 5.8859e-01  1.0416e-04
 5.9159e-01  9.7172e-05
 5.9459e-01  9.1290e-05
 5.9760e-01  8.5251e-05
 6.0060e-01  7.9745e-05
 6.0360e-01  7.4408e-05
 6.0661e-01  6.9560e-05
 6.0961e-01  6.5107e-05
 6.1261e-01  6.0763e-05
 6.1562e-01  5.6603e-05
 6.1862e-01  5.2849e-05
 6.2162e-01  4.9231e-05
 6.2462e-01  4.5889e-05
 6.2763e-01  4.2726e-05
 6.3063e-01  3.9684e-05
 6.3363e-01  3.6895e-05
 6.3664e-01  3.4313e-05
 6.3964e-01  3.1836e-05
 6.4264e-01  2.9531e-05
 6.4565e-01  2.7400e-05
 6.4865e-01  2.5383e-05
 6.5165e-01  2.3479e-05
 6.5465e-01  2.1721e-05
 6.5766e-01  2.0054e-05
 6.6066e-01  1.8508e-05
 6.6366e-01  1.7071e-05
 6.6667e-01  1.5719e-05
 6.6967e-01  1.4453e-05
 6.7267e-01  1.3275e-05
 6.7568e-01  1.2181e-05
 6.7868e-01  1.1158e-05
 6.8168e-01  1.0202e-05
 6.8468e-01  9.3165e-06
 6.8769e-01  8.4921e-06
 6.9069e-01  7.7271e-06
 6.9369e-01  7.0162e-06
 6.9670e-01  6.3578e-06
 6.9970e-01  5.7490e-06
 7.0270e-01  5.1837e-06
 7.0571e-01  4.6627e-06
 7.0871e-01  4.1816e-06
 7.1171e-01  3.7380e-06
 7.1471e-01  3.3307e-06
 7.1772e-01  2.9564e-06
 7.2072e-01  2.6133e-06
 7.2372e-01  2.2998e-06
 7.2673e-01  2.0136e-06
 7.2973e-01  1.7533e-06
 7.3273e-01  1.5170e-06
 7.3574e-01  1.3034e-06
 7.3874e-01  1.1111e-06
 7.4174e-01  9.3852e-07
 7.4474e-01  7.8449e-07
 7.4775e-01  6.4781e-07
 7.5075e-01  5.2735e-07
 7.5375e-01  4.2203e-07
 7.5676e-01  3.3083e-07
 7.5976e-01  2.5284e-07
 7.6276e-01  1.8715e-07
 7.6577e-01  1.3293e-07
 7.6877e-01  8.9398e-08
 7.7177e-01  5.5822e-08
 7.7477e-01  3.1504e-08
 7.7778e-01  1.5795e-08
 7.8078e-01  8.0395e-09
 7.8378e-01  7.3823e-09
 7.8679e-01  1.2868e-08
 7.8979e-01  2.3857e-08
 7.9279e-01  3.9879e-08
 7.9580e-01  6.0535e-08
 7.9880e-01  8.5467e-08
 8.0180e-01  1.1337e-07
 8.0480e-01  1.4348e-07
 8.0781e-01  1.7583e-07
 8.1081e-01  2.1006e-07
 8.1381e-01  2.4581e-07
 8.1682e-01  2.8279e-07
 8.1982e-01  3.2075e-07
 8.2282e-01  3.5944e-07
 8.2583e-01  3.9870e-07
 8.2883e-01  4.3835e-07
 8.3183e-01  4.7826e-07
 8.3483e-01  5.1832e-07
 8.3784e-01  5.5840e-07
 8.4084e-01  5.9845e-07
 8.4384e-01  6.3844e-07
 8.4685e-01  6.7825e-07
 8.4985e-01  7.1791e-07
 8.5285e-01  7.5727e-07
 8.5586e-01  7.9640e-07
 8.5886e-01  8.3524e-07
 8.6186e-01  8.7372e-07
 8.6486e-01  9.1186e-07
 8.6787e-01  9.4958e-07
 8.7087e-01  9.8690e-07
 8.7387e-01  1.0237e-06
 8.7688e-01  1.0600e-06
 8.7988e-01  1.0957e-06
 8.8288e-01  1.1307e-06
 8.8589e-01  1.1650e-06
 8.8889e-01  1.1985e-06
 8.9189e-01  1.2359e-06
 8.9489e-01  1.2549e-06
 8.9790e-01  1.2734e-06
 9.0090e-01  1.2911e-06
 9.0390e-01  1.3081e-06
 9.0691e-01  1.3243e-06
 9.0991e-01  1.3396e-06
 9.1291e-01  1.3542e-06
 9.1592e-01  1.3682e-06
 9.1892e-01  1.3813e-06
 9.2192e-01  1.3938e-06
 9.2492e-01  1.4057e-06
 9.2793e-01  1.4172e-06
 9.3093e-01  1.4281e-06
 9.3393e-01  1.4389e-06
 9.3694e-01  1.4493e-06
 9.3994e-01  1.4599e-06
 9.4294e-01  1.4706e-06
 9.4595e-01  1.4817e-06
 9.4895e-01  1.4936e-06
 9.5195e-01  1.5063e-06
 9.5495e-01  1.5204e-06
 9.5796e-01  1.5363e-06
 9.6096e-01  1.5546e-06
 9.6396e-01  1.5759e-06
 9.6697e-01  1.6012e-06
 9.6997e-01  1.6317e-06
 9.7297e-01  1.6688e-06
 9.7598e-01  1.7150e-06
 9.7898e-01  1.7732e-06
 9.8198e-01  1.8482e-06
 9.8498e-01  1.9471e-06
 9.8799e-01  2.0818e-06
 9.9099e-01  2.2312e-06
 9.9399e-01  2.3300e-06
 9.9700e-01  2.2597e-06
 1.0000e+00  1.8976e-06
 1.0030e+00  1.3045e-06
 1.0060e+00  7.3305e-07
 1.0090e+00  3.4601e-07
 1.0120e+00  1.3635e-07
 1.0150e+00  4.1163e-08
 1.0180e+00  9.3506e-09
 1.0210e+00  1.0304e-08
 1.0240e+00  2.7651e-08
 1.0270e+00  5.2575e-08
 1.0300e+00  8.0448e-08
 1.0330e+00  1.0880e-07
 1.0360e+00  1.3633e-07
 1.0390e+00  1.6232e-07
 1.0420e+00  1.8644e-07
 1.0450e+00  2.0854e-07
 1.0480e+00  2.2858e-07
 1.0511e+00  2.4660e-07
 1.0541e+00  2.6267e-07
 1.0571e+00  2.7692e-07
 1.0601e+00  2.8946e-07
 1.0631e+00  3.0044e-07
 1.0661e+00  3.1002e-07
 1.0691e+00  3.1834e-07
 1.0721e+00  3.2557e-07
 1.0751e+00  3.3187e-07
 1.0781e+00  3.3739e-07
 1.0811e+00  3.4232e-07
 1.0841e+00  3.4681e-07
 1.0871e+00  3.5103e-07
 1.0901e+00  3.5515e-07
 1.0931e+00  3.5924e-07
 1.0961e+00  3.6336e-07
 1.0991e+00  3.6751e-07
 1.1021e+00  3.7174e-07
 1.1051e+00  3.7604e-07
 1.1081e+00  3.8039e-07
 1.1111e+00  3.8481e-07
 1.1141e+00  3.8928e-07
 1.1171e+00  3.9375e-07
 1.1201e+00  3.9822e-07
 1.1231e+00  4.0262e-07
 1.1261e+00  4.0693e-07
 1.1291e+00  4.1109e-07
 1.1321e+00  4.1501e-07
 1.1351e+00  4.1869e-07
 1.1381e+00  4.2201e-07
 1.1411e+00  4.2493e-07
 1.1441e+00  4.2747e-07
 1.1471e+00  4.2961e-07
 1.1502e+00  4.3143e-07
 1.1532e+00  4.3291e-07
 1.1562e+00  4.3408e-07
 1.1592e+00  4.3498e-07
 1.1622e+00  4.3564e-07
 1.1652e+00  4.3608e-07
 1.1682e+00  4.3633e-07
 1.1712e+00  4.3643e-07
 1.1742e+00  4.3641e-07
 1.1772e+00  4.3628e-07
 1.1802e+00  4.3614e-07
 1.1832e+00  4.3598e-07
 1.1862e+00  4.3584e-07
 1.1892e+00  4.3576e-07
 1.1922e+00  4.3578e-07
 1.1952e+00  4.3587e-07
 1.1982e+00  4.3603e-07
 1.2012e+00  4.3620e-07
 1.2042e+00  4.3642e-07
 1.2072e+00  4.3665e-07
 1.2102e+00  4.3689e-07
 1.2132e+00  4.3713e-07
 1.2162e+00  4.3735e-07
 1.2192e+00  4.3755e-07
 1.2222e+00  4.3770e-07
 1.2252e+00  4.3780e-07
 1.2282e+00  4.3783e-07
 1.2312e+00  4.3780e-07
 1.2342e+00  4.3765e-07
 1.2372e+00  4.3741e-07
 1.2402e+00  4.3706e-07
 1.2432e+00  4.3658e-07
 1.2462e+00  4.3604e-07
 1.2492e+00  4.3540e-07
 1.2523e+00  4.3472e-07
 1.2553e+00  4.3401e-07
 1.2583e+00  4.3327e-07
 1.2613e+00  4.3256e-07
 1.2643e+00  4.3186e-07
 1.2673e+00  4.3121e-07
 1.2703e+00  4.3063e-07
 1.2733e+00  4.3014e-07
 1.2763e+00  4.2974e-07
 1.2793e+00  4.2947e-07
 1.2823e+00  4.2936e-07
 1.2853e+00  4.2941e-07
 1.2883e+00  4.2967e-07
 1.2913e+00  4.3012e-07
 1.2943e+00  4.3080e-07
 1.2973e+00  4.3167e-07
 1.3003e+00  4.3272e-07
 1.3033e+00  4.3399e-07
 1.3063e+00  4.3541e-07
 1.3093e+00  4.3701e-07
 1.3123e+00  4.3875e-07
 1.3153e+00  4.4061e-07
 1.3183e+00  4.4259e-07
 1.3213e+00  4.4465e-07
 1.3243e+00  4.4683e-07
 1.3273e+00  4.4902e-07
 1.3303e+00  4.5129e-07
 1.3333e+00  4.5356e-07
 1.3363e+00  4.5583e-07
 1.3393e+00  4.5809e-07
 1.3423e+00  4.6030e-07
 1.3453e+00  4.6249e-07
 1.3483e+00  4.6466e-07
 1.3514e+00  4.6680e-07
 1.3544e+00  4.6892e-07
 1.3574e+00  4.7106e-07
 1.3604e+00  4.7318e-07
 1.3634e+00  4.7531e-07
 1.3664e+00  4.7746e-07
 1.3694e+00  4.7964e-07
 1.3724e+00  4.8185e-07
 1.3754e+00  4.8410e-07
 1.3784e+00  4.8642e-07
 1.3814e+00  4.8878e-07
 1.3844e+00  4.9121e-07
 1.3874e+00  4.9373e-07
 1.3904e+00  4.9636e-07
 1.3934e+00  4.9909e-07
 1.3964e+00  5.0188e-07
 1.3994e+00  5.0474e-07
 1.4024e+00  5.0502e-07
 1.4054e+00  5.0594e-07
 1.4084e+00  5.0675e-07
 1.4114e+00  5.0747e-07
 1.4144e+00  5.0809e-07
 1.4174e+00  5.0862e-07
 1.4204e+00  5.0906e-07
 1.4234e+00  5.0939e-07
 1.4264e+00  5.0966e-07
 1.4294e+00  5.0985e-07
 1.4324e+00  5.0996e-07
 1.4354e+00  5.0999e-07
 1.4384e+00  5.0997e-07
 1.4414e+00  5.0987e-07
 1.4444e+00  5.0976e-07
 1.4474e+00  5.0960e-07
 1.4505e+00  5.0942e-07
 1.4535e+00  5.0926e-07
 1.4565e+00  5.0901e-07
 1.4595e+00  5.0869e-07
 1.4625e+00  5.0822e-07
 1.4655e+00  5.0754e-07
 1.4685e+00  5.0663e-07
 1.4715e+00  5.0543e-07
 1.4745e+00  5.0386e-07
 1.4775e+00  5.1836e-07
 1.4805e+00  5.1884e-07
 1.4835e+00  5.1572e-07
 1.4865e+00  5.1207e-07
 1.4895e+00  5.0783e-07
 1.4925e+00  5.0296e-07
 1.4955e+00  4.9741e-07
 1.4985e+00  4.9119e-07
 1.5015e+00  4.8508e-07
 1.5045e+00  4.7907e-07
 1.5075e+00  4.7250e-07
 1.5105e+00  4.6545e-07
 1.5135e+00  4.5799e-07
 1.5165e+00  4.5023e-07
 1.5195e+00  4.4222e-07
 1.5225e+00  4.3407e-07
 1.5255e+00  4.2583e-07
 1.5285e+00  4.1757e-07
 1.5315e+00  4.0934e-07
 1.5345e+00  4.0121e-07
 1.5375e+00  3.9319e-07
 1.5405e+00  3.8535e-07
 1.5435e+00  3.7772e-07
 1.5465e+00  3.7032e-07
 1.5495e+00  3.6318e-07
 1.5526e+00  3.5634e-07
 1.5556e+00  3.4979e-07
 1.5586e+00  3.4356e-07
 1.5616e+00  3.3765e-07
 1.5646e+00  3.3207e-07
 1.5676e+00  3.2684e-07
 1.5706e+00  3.2195e-07
 1.5736e+00  3.1741e-07
 1.5766e+00  3.1324e-07
 1.5796e+00  3.0941e-07
 1.5826e+00  3.0596e-07
 1.5856e+00  3.0287e-07
 1.5886e+00  3.0016e-07
 1.5916e+00  2.9785e-07
 1.5946e+00  2.9593e-07
 1.5976e+00  2.9443e-07
 1.6006e+00  2.9338e-07
 1.6036e+00  2.9278e-07
 1.6066e+00  2.9261e-07
 1.6096e+00  2.9286e-07
 1.6126e+00  2.9352e-07
 1.6156e+00  2.9458e-07
 1.6186e+00  2.9603e-07
 1.6216e+00  2.9787e-07
 1.6246e+00  3.0009e-07
 1.6276e+00  3.0270e-07
 1.6306e+00  3.0568e-07
 1.6336e+00  3.0905e-07
 1.6366e+00  3.1139e-07
 1.6396e+00  3.1187e-07
 1.6426e+00  3.1245e-07
 1.6456e+00  3.1310e-07
 1.6486e+00  3.1382e-07
 1.6517e+00  3.1455e-07
 1.6547e+00  3.1529e-07
 1.6577e+00  3.1604e-07
 1.6607e+00  3.1678e-07
 1.6637e+00  3.1753e-07
 1.6667e+00  3.1829e-07
 1.6697e+00  3.1906e-07
 1.6727e+00  3.1986e-07
 1.6757e+00  3.2068e-07
 1.6787e+00  3.2154e-07
 1.6817e+00  3.2246e-07
 1.6847e+00  3.2343e-07
 1.6877e+00  3.2448e-07
 1.6907e+00  3.2563e-07
 1.6937e+00  3.2691e-07
 1.6967e+00  3.2836e-07
 1.6997e+00  3.3003e-07
 1.7027e+00  3.3196e-07
 1.7057e+00  3.3414e-07
 1.7087e+00  3.3658e-07
 1.7117e+00  3.3722e-07
 1.7147e+00  3.3722e-07
 1.7177e+00  3.3722e-07
 1.7207e+00  3.3722e-07
 1.7237e+00  3.3722e-07
 1.7267e+00  3.3722e-07
 1.7297e+00  3.3722e-07
 1.7327e+00  3.3722e-07
 1.7357e+00  3.3722e-07
 1.7387e+00  3.3722e-07
 1.7417e+00  3.3722e-07
 1.7447e+00  3.3722e-07
 1.7477e+00  3.3722e-07
 1.7508e+00  3.3722e-07
 1.7538e+00  3.3722e-07
 1.7568e+00  3.3722e-07
 1.7598e+00  3.3722e-07
 1.7628e+00  3.3722e-07
 1.7658e+00  3.3722e-07
 1.7688e+00  3.3722e-07
 1.7718e+00  3.3721e-07
 1.7748e+00  3.3722e-07
 1.7778e+00  3.3722e-07
 1.7808e+00  3.3721e-07
 1.7838e+00  3.3722e-07
 1.7868e+00  3.3721e-07
 1.7898e+00  3.3722e-07
 1.7928e+00  3.3721e-07
 1.7958e+00  3.3722e-07
 1.7988e+00  3.3721e-07
 1.8018e+00  3.3722e-07
 1.8048e+00  3.3722e-07
 1.8078e+00  3.3722e-07
 1.8108e+00  3.3722e-07
 1.8138e+00  3.3722e-07
 1.8168e+00  3.3722e-07
 1.8198e+00  3.3722e-07
 1.8228e+00  3.3722e-07
 1.8258e+00  3.3721e-07
 1.8288e+00  3.3721e-07
 1.8318e+00  3.3722e-07
 1.8348e+00  3.3722e-07
 1.8378e+00  3.3721e-07
 1.8408e+00  3.3722e-07
 1.8438e+00  3.3721e-07
 1.8468e+00  3.3721e-07
 1.8498e+00  3.3722e-07
 1.8529e+00  3.3721e-07
 1.8559e+00  3.3721e-07
 1.8589e+00  3.3721e-07
 1.8619e+00  3.2984e-07
 1.8649e+00  3.2549e-07
 1.8679e+00  3.2247e-07
 1.8709e+00  3.2006e-07
 1.8739e+00  3.1800e-07
 1.8769e+00  3.1619e-07
 1.8799e+00  3.1456e-07
 1.8829e+00  3.1308e-07
 1.8859e+00  3.1172e-07
 1.8889e+00  3.1045e-07
 1.8919e+00  3.0926e-07
 1.8949e+00  3.0814e-07
 1.8979e+00  3.0709e-07
 1.9009e+00  3.0609e-07
 1.9039e+00  3.0514e-07
 1.9069e+00  3.0423e-07
 1.9099e+00  3.0336e-07
 1.9129e+00  3.0253e-07
 1.9159e+00  3.0173e-07
 1.9189e+00  3.0096e-07
 1.9219e+00  3.0022e-07
 1.9249e+00  2.9951e-07
 1.9279e+00  2.9882e-07
 1.9309e+00  2.9814e-07
 1.9339e+00  2.9750e-07
 1.9369e+00  2.9687e-07
 1.9399e+00  2.9626e-07
 1.9429e+00  2.9567e-07
 1.9459e+00  2.9510e-07
 1.9489e+00  2.9454e-07
 1.9520e+00  2.9400e-07
 1.9550e+00  2.9347e-07
 1.9580e+00  2.9296e-07
 1.9610e+00  2.9245e-07
 1.9640e+00  2.9196e-07
 1.9670e+00  2.9148e-07
 1.9700e+00  2.9102e-07
 1.9730e+00  2.9056e-07
 1.9760e+00  2.9011e-07
 1.9790e+00  2.8967e-07
 1.9820e+00  2.8925e-07
 1.9850e+00  2.8883e-07
 1.9880e+00  2.8842e-07
 1.9910e+00  2.8802e-07
 1.9940e+00  2.8763e-07
 1.9970e+00  2.8725e-07
 2.0000e+00  2.8687e-07
 2.0030e+00  2.8650e-07
 2.0060e+00  2.8614e-07
 2.0090e+00  2.8579e-07
 2.0120e+00  2.8544e-07
 2.0150e+00  2.8509e-07
 2.0180e+00  2.8476e-07
 2.0210e+00  2.8443e-07
 2.0240e+00  2.8410e-07
 2.0270e+00  2.8379e-07
 2.0300e+00  2.8347e-07
 2.0330e+00  2.8317e-07
 2.0360e+00  2.8286e-07
 2.0390e+00  2.8257e-07
 2.0420e+00  2.8227e-07
 2.0450e+00  2.8199e-07
 2.0480e+00  2.8170e-07
 2.0511e+00  2.8143e-07
 2.0541e+00  2.8115e-07
 2.0571e+00  2.8088e-07
 2.0601e+00  2.8062e-07
 2.0631e+00  2.8036e-07
 2.0661e+00  2.8010e-07
 2.0691e+00  2.7985e-07
 2.0721e+00  2.7960e-07
 2.0751e+00  2.7935e-07
 2.0781e+00  2.7911e-07
 2.0811e+00  2.7887e-07
 2.0841e+00  2.7864e-07
 2.0871e+00  2.7840e-07
 2.0901e+00  2.7818e-07
 2.0931e+00  2.7795e-07
 2.0961e+00  2.7773e-07
 2.0991e+00  2.7751e-07
 2.1021e+00  2.7729e-07
 2.1051e+00  2.7708e-07
 2.1081e+00  2.7687e-07
 2.1111e+00  2.7667e-07
 2.1141e+00  2.7646e-07
 2.1171e+00  2.7626e-07
 2.1201e+00  2.7606e-07
 2.1231e+00  2.7586e-07
 2.1261e+00  2.7567e-07
 2.1291e+00  2.7548e-07
 2.1321e+00  2.7529e-07
 2.1351e+00  2.7510e-07
 2.1381e+00  2.7492e-07
 2.1411e+00  2.7474e-07
 2.1441e+00  2.7456e-07
 2.1471e+00  2.7438e-07
 2.1502e+00  2.7421e-07
 2.1532e+00  2.7403e-07
 2.1562e+00  2.7386e-07
 2.1592e+00  2.7370e-07
 2.1622e+00  2.7353e-07
 2.1652e+00  2.7336e-07
 2.1682e+00  2.7320e-07
 2.1712e+00  2.7304e-07
 2.1742e+00  2.7288e-07
 2.1772e+00  2.7273e-07
 2.1802e+00  2.7257e-07
 2.1832e+00  2.7242e-07
 2.1862e+00  2.7227e-07
 2.1892e+00  2.7212e-07
 2.1922e+00  2.7197e-07
 2.1952e+00  2.7182e-07
 2.1982e+00  2.7168e-07
 2.2012e+00  2.7153e-07
 2.2042e+00  2.7139e-07
 2.2072e+00  2.7125e-07
 2.2102e+00  2.7112e-07
 2.2132e+00  2.7098e-07
 2.2162e+00  2.7084e-07
 2.2192e+00  2.7071e-07
 2.2222e+00  2.7058e-07
 2.2252e+00  2.7045e-07
 2.2282e+00  2.7032e-07
 2.2312e+00  2.7019e-07
 2.2342e+00  2.7006e-07
 2.2372e+00  2.6994e-07
 2.2402e+00  2.6981e-07
 2.2432e+00  2.6969e-07
 2.2462e+00  2.6957e-07
 2.2492e+00  2.6945e-07
 2.2523e+00  2.6933e-07
 2.2553e+00  2.6921e-07
 2.2583e+00  2.6910e-07
 2.2613e+00  2.6898e-07
 2.2643e+00  2.6887e-07
 2.2673e+00  2.6875e-07
 2.2703e+00  2.6864e-07
 2.2733e+00  2.6853e-07
 2.2763e+00  2.6842e-07
 2.2793e+00  2.6831e-07
 2.2823e+00  2.6821e-07
 2.2853e+00  2.6810e-07
 2.2883e+00  2.6799e-07
 2.2913e+00  2.6789e-07
 2.2943e+00  2.6779e-07
 2.2973e+00  2.6768e-07
 2.3003e+00  2.6758e-07
 2.3033e+00  2.6748e-07
 2.3063e+00  2.6738e-07
 2.3093e+00  2.6729e-07
 2.3123e+00  2.6719e-07
 2.3153e+00  2.6709e-07
 2.3183e+00  2.6700e-07
 2.3213e+00  2.6690e-07
 2.3243e+00  2.6681e-07
 2.3273e+00  2.6672e-07
 2.3303e+00  2.6662e-07
 2.3333e+00  2.6653e-07
 2.3363e+00  2.6644e-07
 2.3393e+00  2.6635e-07
 2.3423e+00  2.6626e-07
 2.3453e+00  2.6618e-07
 2.3483e+00  2.6609e-07
 2.3514e+00  2.6600e-07
 2.3544e+00  2.6592e-07
 2.3574e+00  2.6583e-07
 2.3604e+00  2.6575e-07
 2.3634e+00  2.6567e-07
 2.3664e+00  2.6558e-07
 2.3694e+00  2.6550e-07
 2.3724e+00  2.6542e-07
 2.3754e+00  2.6534e-07
 2.3784e+00  2.6526e-07
 2.3814e+00  2.6518e-07
 2.3844e+00  2.6511e-07
 2.3874e+00  2.6503e-07
 2.3904e+00  2.6495e-07
 2.3934e+00  2.6488e-07
 2.3964e+00  2.6480e-07
 2.3994e+00  2.6473e-07
 2.4024e+00  2.6465e-07
 2.4054e+00  2.6458e-07
 2.4084e+00  2.6451e-07
 2.4114e+00  2.6443e-07
 2.4144e+00  2.6436e-07
 2.4174e+00  2.6429e-07
 2.4204e+00  2.6422e-07
 2.4234e+00  2.6415e-07
 2.4264e+00  2.6408e-07
 2.4294e+00  2.6401e-07
 2.4324e+00  2.6395e-07
 2.4354e+00  2.6388e-07
 2.4384e+00  2.6381e-07
 2.4414e+00  2.6374e-07
 2.4444e+00  2.6368e-07
 2.4474e+00  2.6361e-07
 2.4505e+00  2.6355e-07
 2.4535e+00  2.6349e-07
 2.4565e+00  2.6342e-07
 2.4595e+00  2.6336e-07
 2.4625e+00  2.6330e-07
 2.4655e+00  2.6323e-07
 2.4685e+00  2.6317e-07
 2.4715e+00  2.6311e-07
 2.4745e+00  2.6305e-07
 2.4775e+00  2.6299e-07
 2.4805e+00  2.6293e-07
 2.4835e+00  2.6287e-07
 2.4865e+00  2.6281e-07
 2.4895e+00  2.6276e-07
 2.4925e+00  2.6270e-07
 2.4955e+00  2.6264e-07
 2.4985e+00  2.6258e-07
 2.5015e+00  2.6253e-07
 2.5045e+00  2.6247e-07
 2.5075e+00  2.6242e-07
 2.5105e+00  2.6236e-07
 2.5135e+00  2.6231e-07
 2.5165e+00  2.6225e-07
 2.5195e+00  2.6220e-07
 2.5225e+00  2.6215e-07
 2.5255e+00  2.6209e-07
 2.5285e+00  2.6204e-07
 2.5315e+00  2.6199e-07
 2.5345e+00  2.6194e-07
 2.5375e+00  2.6189e-07
 2.5405e+00  2.5975e-07
 2.5435e+00  2.5653e-07
 2.5465e+00  2.5466e-07
 2.5495e+00  2.5321e-07
 2.5526e+00  2.5198e-07
 2.5556e+00  2.5091e-07
 2.5586e+00  2.4994e-07
 2.5616e+00  2.4906e-07
 2.5646e+00  2.4824e-07
 2.5676e+00  2.4748e-07
 2.5706e+00  2.4676e-07
 2.5736e+00  2.4608e-07
 2.5766e+00  2.4544e-07
 2.5796e+00  2.4483e-07
 2.5826e+00  2.4424e-07
 2.5856e+00  2.4368e-07
 2.5886e+00  2.4315e-07
 2.5916e+00  2.4263e-07
 2.5946e+00  2.4213e-07
 2.5976e+00  2.4164e-07
 2.6006e+00  2.4118e-07
 2.6036e+00  2.4073e-07
 2.6066e+00  2.4029e-07
 2.6096e+00  2.3986e-07
 2.6126e+00  2.3945e-07
 2.6156e+00  2.3904e-07
 2.6186e+00  2.3865e-07
 2.6216e+00  2.3827e-07
 2.6246e+00  2.3789e-07
 2.6276e+00  2.3753e-07
 2.6306e+00  2.3717e-07
 2.6336e+00  2.3683e-07
 2.6366e+00  2.3649e-07
 2.6396e+00  2.3615e-07
 2.6426e+00  2.3583e-07
 2.6456e+00  2.3551e-07
 2.6486e+00  2.3520e-07
 2.6517e+00  2.3489e-07
 2.6547e+00  2.3459e-07
 2.6577e+00  2.3430e-07
 2.6607e+00  2.3401e-07
 2.6637e+00  2.3372e-07
 2.6667e+00  2.3345e-07
 2.6697e+00  2.3317e-07
 2.6727e+00  2.3290e-07
 2.6757e+00  2.3264e-07
 2.6787e+00  2.3238e-07
 2.6817e+00  2.3212e-07
 2.6847e+00  2.3187e-07
 2.6877e+00  2.3163e-07
 2.6907e+00  2.3138e-07
 2.6937e+00  2.3114e-07
 2.6967e+00  2.3091e-07
 2.6997e+00  2.3068e-07
 2.7027e+00  2.3045e-07
 2.7057e+00  2.3022e-07
 2.7087e+00  2.3000e-07
 2.7117e+00  2.2978e-07
 2.7147e+00  2.2957e-07
 2.7177e+00  2.2935e-07
 2.7207e+00  2.2914e-07
 2.7237e+00  2.2894e-07
 2.7267e+00  2.2873e-07
 2.7297e+00  2.2853e-07
 2.7327e+00  2.2834e-07
 2.7357e+00  2.2814e-07
 2.7387e+00  2.2795e-07
 2.7417e+00  2.2776e-07
 2.7447e+00  2.2757e-07
 2.7477e+00  2.2738e-07
 2.7508e+00  2.2720e-07
 2.7538e+00  2.2702e-07
 2.7568e+00  2.2684e-07
 2.7598e+00  2.2667e-07
 2.7628e+00  2.2649e-07
 2.7658e+00  2.2632e-07
 2.7688e+00  2.2615e-07
 2.7718e+00  2.2598e-07
 2.7748e+00  2.2582e-07
 2.7778e+00  2.2565e-07
 2.7808e+00  2.2549e-07
 2.7838e+00  2.2533e-07
 2.7868e+00  2.2517e-07
 2.7898e+00  2.2501e-07
 2.7928e+00  2.2486e-07
 2.7958e+00  2.2471e-07
 2.7988e+00  2.2455e-07
 2.8018e+00  2.2440e-07
 2.8048e+00  2.2426e-07
 2.8078e+00  2.2411e-07
 2.8108e+00  2.2397e-07
 2.8138e+00  2.2382e-07
 2.8168e+00  2.2368e-07
 2.8198e+00  2.2354e-07
 2.8228e+00  2.2340e-07
 2.8258e+00  2.2326e-07
 2.8288e+00  2.2313e-07
 2.8318e+00  2.2299e-07
 2.8348e+00  2.2286e-07
 2.8378e+00  2.2273e-07
 2.8408e+00  2.2260e-07
 2.8438e+00  2.2247e-07
 2.8468e+00  2.2234e-07
 2.8498e+00  2.2222e-07
 2.8529e+00  2.2209e-07
 2.8559e+00  2.2197e-07
 2.8589e+00  2.2184e-07
 2.8619e+00  2.2172e-07
 2.8649e+00  2.2160e-07
 2.8679e+00  2.2148e-07
 2.8709e+00  2.2136e-07
 2.8739e+00  2.2125e-07
 2.8769e+00  2.2113e-07
 2.8799e+00  2.2102e-07
 2.8829e+00  2.2090e-07
 2.8859e+00  2.2079e-07
 2.8889e+00  2.2068e-07
 2.8919e+00  2.2057e-07
 2.8949e+00  2.2046e-07
 2.8979e+00  2.2035e-07
 2.9009e+00  2.2024e-07
 2.9039e+00  2.2014e-07
 2.9069e+00  2.2003e-07
 2.9099e+00  2.1993e-07
 2.9129e+00  2.1982e-07
 2.9159e+00  2.1972e-07
 2.9189e+00  2.1962e-07
 2.9219e+00  2.1952e-07
 2.9249e+00  2.1942e-07
 2.9279e+00  2.1932e-07
 2.9309e+00  2.1922e-07
 2.9339e+00  2.1912e-07
 2.9369e+00  2.1903e-07
 2.9399e+00  2.1893e-07
 2.9429e+00  2.1884e-07
 2.9459e+00  2.1874e-07
 2.9489e+00  2.1865e-07
 2.9520e+00  2.1856e-07
 2.9550e+00  2.1846e-07
 2.9580e+00  2.1837e-07
 2.9610e+00  2.1828e-07
 2.9640e+00  2.1819e-07
 2.9670e+00  2.1810e-07
 2.9700e+00  2.1802e-07
 2.9730e+00  2.1793e-07
 2.9760e+00  2.1784e-07
 2.9790e+00  2.1776e-07
 2.9820e+00  2.1767e-07
 2.9850e+00  2.1759e-07
 2.9880e+00  2.1750e-07
 2.9910e+00  2.1742e-07
 2.9940e+00  2.1734e-07
 2.9970e+00  2.1726e-07
 3.0000e+00  2.1718e-07
