 1.0000e-03  4.7523e-01
 1.0093e-03  4.7523e-01
 1.0186e-03  4.7523e-01
 1.0280e-03  4.3998e-01
 1.0376e-03  4.2169e-01
 1.0472e-03  4.0986e-01
 1.0569e-03  4.0090e-01
 1.0667e-03  3.9364e-01
 1.0765e-03  3.8753e-01
 1.0865e-03  3.8228e-01
 1.0966e-03  3.7767e-01
 1.1067e-03  3.7358e-01
 1.1170e-03  3.6992e-01
 1.1273e-03  3.6661e-01
 1.1378e-03  3.6360e-01
 1.1483e-03  3.6085e-01
 1.1589e-03  3.5832e-01
 1.1697e-03  3.5599e-01
 1.1805e-03  3.5383e-01
 1.1915e-03  3.5183e-01
 1.2025e-03  3.4996e-01
 1.2136e-03  3.4822e-01
 1.2249e-03  3.4659e-01
 1.2362e-03  3.4507e-01
 1.2477e-03  3.4364e-01
 1.2592e-03  3.4229e-01
 1.2709e-03  3.4102e-01
 1.2826e-03  3.3983e-01
 1.2945e-03  3.3870e-01
 1.3065e-03  3.3763e-01
 1.3186e-03  3.3662e-01
 1.3308e-03  3.3567e-01
 1.3432e-03  3.3476e-01
 1.3556e-03  3.3390e-01
 1.3682e-03  3.3309e-01
 1.3808e-03  3.3231e-01
 1.3936e-03  3.3157e-01
 1.4065e-03  3.3087e-01
 1.4196e-03  3.3020e-01
 1.4327e-03  3.2956e-01
 1.4460e-03  3.2895e-01
 1.4594e-03  3.2837e-01
 1.4729e-03  3.2782e-01
 1.4865e-03  3.2729e-01
 1.5003e-03  3.2678e-01
 1.5142e-03  3.2630e-01
 1.5282e-03  3.2584e-01
 1.5424e-03  3.2540e-01
 1.5567e-03  3.2497e-01
 1.5711e-03  3.2457e-01
 1.5856e-03  3.2418e-01
 1.6003e-03  3.2381e-01
 1.6151e-03  3.2345e-01
 1.6301e-03  3.2311e-01
 1.6452e-03  3.2278e-01
 1.6604e-03  3.2246e-01
 1.6758e-03  3.2216e-01
 1.6913e-03  3.2187e-01
 1.7070e-03  3.2159e-01
 1.7228e-03  3.2133e-01
 1.7388e-03  3.2107e-01
 1.7549e-03  3.2082e-01
 1.7711e-03  3.2058e-01
 1.7875e-03  3.2035e-01
 1.8041e-03  3.2013e-01
 1.8208e-03  3.1992e-01
 1.8377e-03  3.1972e-01
 1.8547e-03  3.1952e-01
 1.8719e-03  3.1933e-01
 1.8892e-03  3.1915e-01
 1.9067e-03  3.1898e-01
 1.9244e-03  3.1881e-01
 1.9422e-03  3.1865e-01
 1.9602e-03  3.1849e-01
 1.9783e-03  3.1834e-01
 1.9966e-03  3.1819e-01
 2.0151e-03  3.1805e-01
 2.0338e-03  3.1792e-01
 2.0526e-03  3.1779e-01
 2.0716e-03  3.1766e-01
 2.0908e-03  3.1754e-01
 2.1102e-03  3.1742e-01
 2.1297e-03  3.1731e-01
 2.1495e-03  3.1720e-01
 2.1694e-03  3.1710e-01
 2.1895e-03  3.1699e-01
 2.2098e-03  3.1690e-01
 2.2302e-03  3.1680e-01
 2.2509e-03  3.1671e-01
 2.2717e-03  3.1662e-01
 2.2928e-03  3.1653e-01
 2.3140e-03  3.1645e-01
 2.3354e-03  3.1637e-01
 2.3571e-03  3.1629e-01
 2.3789e-03  3.1622e-01
 2.4009e-03  3.1615e-01
 2.4232e-03  3.1608e-01
 2.4456e-03  3.1601e-01
 2.4683e-03  3.1594e-01
 2.4911e-03  3.1588e-01
 2.5142e-03  3.1582e-01
 2.5375e-03  3.1576e-01
 2.5610e-03  3.1570e-01
 2.5847e-03  3.1565e-01
 2.6087e-03  3.1559e-01
 2.6328e-03  3.1554e-01
 2.6572e-03  3.1549e-01
 2.6818e-03  3.1544e-01
 2.7067e-03  3.1539e-01
 2.7317e-03  3.1535e-01
 2.7570e-03  3.1530e-01
 2.7826e-03  3.1526e-01
 2.8083e-03  3.1522e-01
 2.8343e-03  3.1518e-01
 2.8606e-03  3.1514e-01
 2.8871e-03  3.1510e-01
 2.9138e-03  3.1507e-01
 2.9408e-03  3.1503e-01
 2.9681e-03  3.1499e-01
 2.9955e-03  3.1496e-01
 3.0233e-03  3.1493e-01
 3.0513e-03  3.1490e-01
 3.0796e-03  3.1487e-01
 3.1081e-03  3.1484e-01
 3.1369e-03  3.1481e-01
 3.1659e-03  3.1478e-01
 3.1952e-03  3.1475e-01
 3.2248e-03  3.1473e-01
 3.2547e-03  3.1470e-01
 3.2849e-03  3.1468e-01
 3.3153e-03  3.1465e-01
 3.3460e-03  3.1463e-01
 3.3770e-03  3.1460e-01
 3.4083e-03  3.1458e-01
 3.4398e-03  3.1456e-01
 3.4717e-03  3.1454e-01
 3.5038e-03  3.1452e-01
 3.5363e-03  3.1450e-01
 3.5690e-03  3.1448e-01
 3.6021e-03  3.1446e-01
 3.6355e-03  3.1444e-01
 3.6691e-03  3.1443e-01
 3.7031e-03  3.1441e-01
 3.7374e-03  3.1439e-01
 3.7720e-03  3.1438e-01
 3.8070e-03  3.1436e-01
 3.8422e-03  3.1434e-01
 3.8778e-03  3.1433e-01
 3.9137e-03  3.1432e-01
 3.9500e-03  3.1430e-01
 3.9866e-03  3.1429e-01
 4.0235e-03  3.1427e-01
 4.0608e-03  3.1426e-01
 4.0984e-03  3.1425e-01
 4.1363e-03  3.1424e-01
 4.1747e-03  3.1422e-01
 4.2133e-03  3.1421e-01
 4.2523e-03  3.1420e-01
 4.2917e-03  3.1419e-01
 4.3315e-03  3.1418e-01
 4.3716e-03  3.1417e-01
 4.4121e-03  3.1416e-01
 4.4530e-03  3.1415e-01
 4.4942e-03  3.1414e-01
 4.5358e-03  3.1413e-01
 4.5778e-03  3.1412e-01
 4.6202e-03  3.1411e-01
 4.6630e-03  3.1410e-01
 4.7062e-03  3.1409e-01
 4.7498e-03  3.1408e-01
 4.7938e-03  3.1408e-01
 4.8382e-03  3.1407e-01
 4.8830e-03  3.1406e-01
 4.9282e-03  3.1405e-01
 4.9739e-03  3.1405e-01
 5.0200e-03  3.1404e-01
 5.0665e-03  3.1403e-01
 5.1134e-03  3.1402e-01
 5.1607e-03  3.1402e-01
 5.2085e-03  3.1401e-01
 5.2568e-03  3.1401e-01
 5.3055e-03  3.1400e-01
 5.3546e-03  3.1399e-01
 5.4042e-03  3.1399e-01
 5.4543e-03  3.1398e-01
 5.5048e-03  3.1398e-01
 5.5558e-03  3.1397e-01
 5.6072e-03  3.1396e-01
 5.6592e-03  3.1396e-01
 5.7116e-03  3.1395e-01
 5.7645e-03  3.1395e-01
 5.8179e-03  3.1394e-01
 5.8718e-03  3.1394e-01
 5.9262e-03  3.1394e-01
 5.9810e-03  3.1393e-01
 6.0364e-03  3.1393e-01
 6.0923e-03  3.1392e-01
 6.1488e-03  3.1392e-01
 6.2057e-03  3.1391e-01
 6.2632e-03  3.1391e-01
 6.3212e-03  3.1391e-01
 6.3798e-03  3.1390e-01
 6.4389e-03  3.1390e-01
 6.4985e-03  3.1389e-01
 6.5587e-03  3.1389e-01
 6.6194e-03  3.1389e-01
 6.6807e-03  3.1388e-01
 6.7426e-03  3.1388e-01
 6.8051e-03  3.1388e-01
 6.8681e-03  3.1387e-01
 6.9317e-03  3.1387e-01
 6.9959e-03  3.1387e-01
 7.0607e-03  3.1386e-01
 7.1261e-03  3.1386e-01
 7.1921e-03  3.1386e-01
 7.2587e-03  3.1386e-01
 7.3260e-03  3.1385e-01
 7.3938e-03  3.1385e-01
 7.4623e-03  3.1385e-01
 7.5314e-03  3.1385e-01
 7.6012e-03  3.1384e-01
 7.6716e-03  3.1384e-01
 7.7426e-03  3.1384e-01
 7.8144e-03  3.1384e-01
 7.8867e-03  3.1383e-01
 7.9598e-03  3.1383e-01
 8.0335e-03  3.1383e-01
 8.1079e-03  3.1383e-01
 8.1830e-03  3.1382e-01
 8.2588e-03  3.1382e-01
 8.3353e-03  3.1382e-01
 8.4125e-03  3.1382e-01
 8.4904e-03  3.1382e-01
 8.5691e-03  3.1381e-01
 8.6484e-03  3.1381e-01
 8.7285e-03  3.1381e-01
 8.8094e-03  3.1381e-01
 8.8910e-03  3.1381e-01
 8.9733e-03  3.1381e-01
 9.0564e-03  3.1380e-01
 9.1403e-03  3.1380e-01
 9.2250e-03  3.1380e-01
 9.3104e-03  3.1380e-01
 9.3966e-03  3.1380e-01
 9.4837e-03  3.1380e-01
 9.5715e-03  3.1379e-01
 9.6602e-03  3.1379e-01
 9.7496e-03  3.1379e-01
 9.8400e-03  3.1379e-01
 9.9311e-03  3.1379e-01
 1.0023e-02  3.1379e-01
 1.0116e-02  3.1379e-01
 1.0210e-02  3.1378e-01
 1.0304e-02  3.1378e-01
 1.0400e-02  3.1378e-01
 1.0496e-02  3.1378e-01
 1.0593e-02  3.1378e-01
 1.0691e-02  3.1378e-01
 1.0790e-02  3.1378e-01
 1.0890e-02  3.1378e-01
 1.0991e-02  3.1378e-01
 1.1093e-02  3.1377e-01
 1.1196e-02  3.1377e-01
 1.1299e-02  3.1377e-01
 1.1404e-02  3.1377e-01
 1.1510e-02  3.1377e-01
 1.1616e-02  3.1377e-01
 1.1724e-02  3.1377e-01
 1.1832e-02  3.1377e-01
 1.1942e-02  3.1377e-01
 1.2053e-02  3.1377e-01
 1.2164e-02  3.1376e-01
 1.2277e-02  3.1376e-01
 1.2391e-02  3.1376e-01
 1.2505e-02  3.1376e-01
 1.2621e-02  3.1376e-01
 1.2738e-02  3.1376e-01
 1.2856e-02  3.1376e-01
 1.2975e-02  3.1376e-01
 1.3095e-02  3.1376e-01
 1.3217e-02  3.1376e-01
 1.3339e-02  3.1376e-01
 1.3463e-02  3.1376e-01
 1.3587e-02  3.1376e-01
 1.3713e-02  3.1375e-01
 1.3840e-02  3.1375e-01
 1.3968e-02  3.1375e-01
 1.4098e-02  3.1375e-01
 1.4228e-02  3.1375e-01
 1.4360e-02  3.1375e-01
 1.4493e-02  3.1375e-01
 1.4627e-02  3.1375e-01
 1.4763e-02  3.1375e-01
 1.4900e-02  3.1375e-01
 1.5038e-02  3.1375e-01
 1.5177e-02  3.1375e-01
 1.5317e-02  3.1375e-01
 1.5459e-02  3.1375e-01
 1.5602e-02  3.1375e-01
 1.5747e-02  3.1375e-01
 1.5893e-02  3.1375e-01
 1.6040e-02  3.1374e-01
 1.6189e-02  3.1374e-01
 1.6339e-02  3.1374e-01
 1.6490e-02  3.1374e-01
 1.6643e-02  3.1374e-01
 1.6797e-02  3.1374e-01
 1.6952e-02  3.1374e-01
 1.7109e-02  3.1374e-01
 1.7268e-02  3.1374e-01
 1.7428e-02  3.1374e-01
 1.7589e-02  3.1374e-01
 1.7752e-02  3.1374e-01
 1.7917e-02  3.1374e-01
 1.8082e-02  3.1374e-01
 1.8250e-02  3.1374e-01
 1.8419e-02  3.1374e-01
 1.8590e-02  3.1374e-01
 1.8762e-02  3.1374e-01
 1.8936e-02  3.1374e-01
 1.9111e-02  3.1374e-01
 1.9288e-02  3.1374e-01
 1.9467e-02  3.1374e-01
 1.9647e-02  3.1374e-01
 1.9829e-02  3.1374e-01
 2.0012e-02  3.1374e-01
 2.0198e-02  3.1374e-01
 2.0385e-02  3.1373e-01
 2.0574e-02  3.1373e-01
 2.0764e-02  3.1373e-01
 2.0957e-02  3.1373e-01
 2.1151e-02  3.1373e-01
 2.1347e-02  3.1373e-01
 2.1544e-02  3.1373e-01
 2.1744e-02  3.1373e-01
 2.1945e-02  3.1373e-01
 2.2149e-02  3.1373e-01
 2.2354e-02  3.1373e-01
 2.2561e-02  3.1373e-01
 2.2770e-02  3.1373e-01
 2.2981e-02  3.1373e-01
 2.3193e-02  3.1373e-01
 2.3408e-02  3.1373e-01
 2.3625e-02  3.1373e-01
 2.3844e-02  3.1373e-01
 2.4065e-02  3.1373e-01
 2.4288e-02  3.1373e-01
 2.4513e-02  3.1373e-01
 2.4740e-02  3.1373e-01
 2.4969e-02  3.1373e-01
 2.5200e-02  3.1373e-01
 2.5433e-02  3.1373e-01
 2.5669e-02  3.1373e-01
 2.5907e-02  3.1373e-01
 2.6147e-02  3.1373e-01
 2.6389e-02  3.1373e-01
 2.6633e-02  3.1373e-01
 2.6880e-02  3.1373e-01
 2.7129e-02  3.1373e-01
 2.7380e-02  3.1373e-01
 2.7634e-02  3.1373e-01
 2.7890e-02  3.1373e-01
 2.8148e-02  3.1373e-01
 2.8409e-02  3.1373e-01
 2.8672e-02  3.1373e-01
 2.8938e-02  3.1373e-01
 2.9206e-02  3.1373e-01
 2.9476e-02  3.1373e-01
 2.9749e-02  3.1373e-01
 3.0025e-02  3.1373e-01
 3.0303e-02  3.1373e-01
 3.0583e-02  3.1373e-01
 3.0867e-02  3.1373e-01
 3.1153e-02  3.1373e-01
 3.1441e-02  3.1373e-01
 3.1732e-02  3.1373e-01
 3.2026e-02  3.1373e-01
 3.2323e-02  3.1373e-01
 3.2622e-02  3.1373e-01
 3.2924e-02  3.1373e-01
 3.3229e-02  3.1373e-01
 3.3537e-02  3.1372e-01
 3.3848e-02  3.1372e-01
 3.4161e-02  3.1372e-01
 3.4478e-02  3.1372e-01
 3.4797e-02  3.1372e-01
 3.5119e-02  3.1372e-01
 3.5445e-02  3.1372e-01
 3.5773e-02  3.1372e-01
 3.6104e-02  3.1372e-01
 3.6439e-02  3.1372e-01
 3.6776e-02  3.1372e-01
 3.7117e-02  3.1372e-01
 3.7461e-02  3.1372e-01
 3.7807e-02  3.1372e-01
 3.8158e-02  3.1372e-01
 3.8511e-02  3.1372e-01
 3.8868e-02  3.1372e-01
 3.9228e-02  3.1372e-01
 3.9591e-02  3.1372e-01
 3.9958e-02  3.1372e-01
 4.0328e-02  3.1372e-01
 4.0701e-02  3.1372e-01
 4.1078e-02  3.1372e-01
 4.1459e-02  3.1372e-01
 4.1843e-02  3.1372e-01
 4.2230e-02  3.1372e-01
 4.2622e-02  3.1372e-01
 4.3016e-02  3.1372e-01
 4.3415e-02  3.1372e-01
 4.3817e-02  3.1372e-01
 4.4223e-02  3.1372e-01
 4.4632e-02  3.1372e-01
 4.5046e-02  3.1372e-01
 4.5463e-02  3.1372e-01
 4.5884e-02  3.1372e-01
 4.6309e-02  3.1372e-01
 4.6738e-02  3.1372e-01
 4.7171e-02  3.1372e-01
 4.7608e-02  3.1372e-01
 4.8049e-02  3.1372e-01
 4.8494e-02  3.1372e-01
 4.8943e-02  3.1372e-01
 4.9396e-02  3.1372e-01
 4.9854e-02  3.1372e-01
 5.0315e-02  3.1372e-01
 5.0782e-02  3.1372e-01
 5.1252e-02  3.1372e-01
 5.1727e-02  3.1372e-01
 5.2206e-02  3.1372e-01
 5.2689e-02  3.1372e-01
 5.3177e-02  3.1372e-01
 5.3670e-02  3.1372e-01
 5.4167e-02  3.1372e-01
 5.4669e-02  3.1372e-01
 5.5175e-02  3.1372e-01
 5.5686e-02  3.1372e-01
 5.6202e-02  3.1372e-01
 5.6722e-02  3.1372e-01
 5.7248e-02  3.1372e-01
 5.7778e-02  3.1372e-01
 5.8313e-02  3.1372e-01
 5.8853e-02  3.1372e-01
 5.9398e-02  3.1372e-01
 5.9948e-02  3.1372e-01
 6.0504e-02  3.1372e-01
 6.1064e-02  3.1372e-01
 6.1630e-02  3.1372e-01
 6.2200e-02  3.1372e-01
 6.2777e-02  3.1372e-01
 6.3358e-02  3.1372e-01
 6.3945e-02  3.1372e-01
 6.4537e-02  3.1372e-01
 6.5135e-02  3.1372e-01
 6.5738e-02  3.1372e-01
 6.6347e-02  3.1372e-01
 6.6962e-02  3.1372e-01
 6.7582e-02  3.1372e-01
 6.8208e-02  3.1372e-01
 6.8840e-02  3.1372e-01
 6.9477e-02  3.1372e-01
 7.0121e-02  3.1372e-01
 7.0770e-02  3.1372e-01
 7.1426e-02  3.1372e-01
 7.2087e-02  3.1372e-01
 7.2755e-02  3.1372e-01
 7.3429e-02  3.1372e-01
 7.4109e-02  3.1372e-01
 7.4795e-02  3.1372e-01
 7.5488e-02  3.1372e-01
 7.6187e-02  3.1372e-01
 7.6893e-02  3.1372e-01
 7.7605e-02  3.1372e-01
 7.8324e-02  3.1372e-01
 7.9049e-02  3.1372e-01
 7.9781e-02  3.1372e-01
 8.0520e-02  3.1372e-01
 8.1266e-02  3.1372e-01
 8.2019e-02  3.1372e-01
 8.2779e-02  3.1372e-01
 8.3545e-02  3.1372e-01
 8.4319e-02  3.1372e-01
 8.5100e-02  3.1372e-01
 8.5888e-02  3.1372e-01
 8.6684e-02  3.1372e-01
 8.7487e-02  3.1372e-01
 8.8297e-02  3.1372e-01
 8.9115e-02  3.1372e-01
 8.9940e-02  3.1372e-01
 9.0773e-02  3.1372e-01
 9.1614e-02  3.1372e-01
 9.2463e-02  3.1372e-01
 9.3319e-02  3.1372e-01
 9.4183e-02  3.1372e-01
 9.5056e-02  3.1372e-01
 9.5936e-02  3.1372e-01
 9.6825e-02  3.1372e-01
 9.7721e-02  3.1372e-01
 9.8627e-02  3.1372e-01
 9.9540e-02  3.1372e-01
 1.0046e-01  3.1372e-01
 1.0139e-01  3.1372e-01
 1.0233e-01  3.1372e-01
 1.0328e-01  3.1372e-01
 1.0424e-01  3.1372e-01
 1.0520e-01  3.1372e-01
 1.0618e-01  3.1372e-01
 1.0716e-01  3.1372e-01
 1.0815e-01  3.1372e-01
 1.0915e-01  3.1372e-01
 1.1016e-01  3.1372e-01
 1.1118e-01  3.1372e-01
 1.1221e-01  3.1372e-01
 1.1325e-01  3.1372e-01
 1.1430e-01  3.1372e-01
 1.1536e-01  3.1372e-01
 1.1643e-01  3.1372e-01
 1.1751e-01  3.1372e-01
 1.1860e-01  3.1372e-01
 1.1970e-01  3.1372e-01
 1.2080e-01  3.1372e-01
 1.2192e-01  3.1372e-01
 1.2305e-01  3.1372e-01
 1.2419e-01  3.1372e-01
 1.2534e-01  3.1372e-01
 1.2650e-01  3.1372e-01
 1.2768e-01  3.1372e-01
 1.2886e-01  3.1372e-01
 1.3005e-01  3.1372e-01
 1.3126e-01  3.1372e-01
 1.3247e-01  3.1372e-01
 1.3370e-01  3.1372e-01
 1.3494e-01  3.1372e-01
 1.3619e-01  3.1372e-01
 1.3745e-01  3.1372e-01
 1.3872e-01  3.1372e-01
 1.4001e-01  3.1372e-01
 1.4130e-01  3.1372e-01
 1.4261e-01  3.1372e-01
 1.4393e-01  3.1372e-01
 1.4527e-01  3.1372e-01
 1.4661e-01  3.1372e-01
 1.4797e-01  3.1372e-01
 1.4934e-01  3.1372e-01
 1.5072e-01  3.1372e-01
 1.5212e-01  3.1372e-01
 1.5353e-01  3.1372e-01
 1.5495e-01  3.1372e-01
 1.5638e-01  3.1372e-01
 1.5783e-01  3.1372e-01
 1.5930e-01  3.1372e-01
 1.6077e-01  3.1372e-01
 1.6226e-01  3.1372e-01
 1.6376e-01  3.1372e-01
 1.6528e-01  3.1372e-01
 1.6681e-01  3.1372e-01
 1.6836e-01  3.1372e-01
 1.6991e-01  3.1372e-01
 1.7149e-01  3.1372e-01
 1.7308e-01  3.1372e-01
 1.7468e-01  3.1372e-01
 1.7630e-01  3.1372e-01
 1.7793e-01  3.1372e-01
 1.7958e-01  3.1372e-01
 1.8124e-01  3.1372e-01
 1.8292e-01  3.1372e-01
 1.8461e-01  3.1372e-01
 1.8632e-01  3.1372e-01
 1.8805e-01  3.1031e-01
 1.8979e-01  3.0826e-01
 1.9155e-01  3.0688e-01
 1.9332e-01  3.0578e-01
 1.9511e-01  3.0487e-01
 1.9692e-01  3.0408e-01
 1.9875e-01  3.0338e-01
 2.0059e-01  3.0276e-01
 2.0244e-01  3.0220e-01
 2.0432e-01  3.0169e-01
 2.0621e-01  3.0123e-01
 2.0812e-01  3.0080e-01
 2.1005e-01  3.0040e-01
 2.1200e-01  2.8921e-01
 2.1396e-01  2.7935e-01
 2.1594e-01  2.7339e-01
 2.1794e-01  2.6889e-01
 2.1996e-01  2.6523e-01
 2.2200e-01  2.6213e-01
 2.2405e-01  2.5945e-01
 2.2613e-01  2.5708e-01
 2.2822e-01  2.5497e-01
 2.3034e-01  2.5306e-01
 2.3247e-01  2.5133e-01
 2.3462e-01  2.4975e-01
 2.3680e-01  2.4830e-01
 2.3899e-01  2.4696e-01
 2.4120e-01  2.4572e-01
 2.4344e-01  2.4456e-01
 2.4569e-01  2.4349e-01
 2.4797e-01  2.4249e-01
 2.5026e-01  2.4155e-01
 2.5258e-01  2.4067e-01
 2.5492e-01  2.3985e-01
 2.5728e-01  2.3907e-01
 2.5967e-01  2.3834e-01
 2.6207e-01  2.3765e-01
 2.6450e-01  2.3700e-01
 2.6695e-01  2.3638e-01
 2.6942e-01  2.3579e-01
 2.7192e-01  2.3524e-01
 2.7443e-01  2.3472e-01
 2.7698e-01  2.3422e-01
 2.7954e-01  2.3374e-01
 2.8213e-01  2.3329e-01
 2.8474e-01  2.3286e-01
 2.8738e-01  2.3245e-01
 2.9004e-01  2.3206e-01
 2.9273e-01  2.3168e-01
 2.9544e-01  2.3132e-01
 2.9818e-01  2.3098e-01
 3.0094e-01  2.3065e-01
 3.0373e-01  2.3033e-01
 3.0654e-01  2.3003e-01
 3.0938e-01  2.2974e-01
 3.1224e-01  2.2946e-01
 3.1514e-01  2.2920e-01
 3.1806e-01  2.2894e-01
 3.2100e-01  2.2869e-01
 3.2397e-01  2.2846e-01
 3.2697e-01  2.2823e-01
 3.3000e-01  2.2801e-01
 3.3306e-01  2.2780e-01
 3.3614e-01  2.2760e-01
 3.3926e-01  2.2740e-01
 3.4240e-01  2.2722e-01
 3.4557e-01  2.2703e-01
 3.4877e-01  2.2686e-01
 3.5200e-01  2.2669e-01
 3.5526e-01  2.2653e-01
 3.5855e-01  2.2637e-01
 3.6187e-01  2.2622e-01
 3.6523e-01  2.2607e-01
 3.6861e-01  2.2593e-01
 3.7202e-01  2.2579e-01
 3.7547e-01  2.2566e-01
 3.7895e-01  2.2553e-01
 3.8246e-01  2.2541e-01
 3.8600e-01  2.2529e-01
 3.8957e-01  2.2517e-01
 3.9318e-01  2.2505e-01
 3.9682e-01  2.2494e-01
 4.0050e-01  2.2483e-01
 4.0421e-01  2.2473e-01
 4.0795e-01  2.2462e-01
 4.1173e-01  2.2452e-01
 4.1555e-01  2.2443e-01
 4.1939e-01  2.2433e-01
 4.2328e-01  2.2424e-01
 4.2720e-01  2.2415e-01
 4.3116e-01  2.2406e-01
 4.3515e-01  2.2397e-01
 4.3918e-01  2.2388e-01
 4.4325e-01  2.2380e-01
 4.4735e-01  2.2372e-01
 4.5150e-01  2.2363e-01
 4.5568e-01  2.2355e-01
 4.5990e-01  2.2347e-01
 4.6416e-01  2.2339e-01
 4.6846e-01  2.2331e-01
 4.7280e-01  2.2323e-01
 4.7718e-01  2.2315e-01
 4.8160e-01  2.2307e-01
 4.8606e-01  2.2299e-01
 4.9056e-01  2.2291e-01
 4.9510e-01  2.2283e-01
 4.9969e-01  2.2275e-01
 5.0432e-01  2.2267e-01
 5.0899e-01  2.2258e-01
 5.1370e-01  2.2250e-01
 5.1846e-01  2.2241e-01
 5.2326e-01  2.2232e-01
 5.2811e-01  2.2222e-01
 5.3300e-01  2.2212e-01
 5.3794e-01  2.2202e-01
 5.4292e-01  2.2192e-01
 5.4795e-01  2.2181e-01
 5.5302e-01  2.2169e-01
 5.5814e-01  2.2157e-01
 5.6331e-01  2.2144e-01
 5.6853e-01  2.2130e-01
 5.7380e-01  2.2116e-01
 5.7911e-01  2.2100e-01
 5.8448e-01  2.2083e-01
 5.8989e-01  2.2065e-01
 5.9535e-01  2.2046e-01
 6.0087e-01  2.2025e-01
 6.0643e-01  2.2002e-01
 6.1205e-01  2.1977e-01
 6.1772e-01  2.1949e-01
 6.2344e-01  2.1919e-01
 6.2921e-01  2.1885e-01
 6.3504e-01  2.1848e-01
 6.4092e-01  2.1806e-01
 6.4686e-01  2.1760e-01
 6.5285e-01  2.1707e-01
 6.5890e-01  2.1648e-01
 6.6500e-01  2.1582e-01
 6.7116e-01  2.1506e-01
 6.7738e-01  2.1419e-01
 6.8365e-01  2.1321e-01
 6.8998e-01  2.1207e-01
 6.9637e-01  2.1075e-01
 7.0282e-01  2.0922e-01
 7.0933e-01  2.0740e-01
 7.1590e-01  2.0524e-01
 7.2253e-01  2.0259e-01
 7.2923e-01  1.9923e-01
 7.3598e-01  1.9480e-01
 7.4280e-01  1.8856e-01
 7.4968e-01  1.7908e-01
 7.5662e-01  1.6349e-01
 7.6363e-01  1.3611e-01
 7.7070e-01  8.9050e-02
 7.7784e-01  3.1073e-02
 7.8505e-01  1.9196e-02
 7.9232e-01  6.1571e-02
 7.9966e-01  1.0750e-01
 8.0706e-01  1.3763e-01
 8.1454e-01  1.5672e-01
 8.2208e-01  1.6925e-01
 8.2970e-01  1.7789e-01
 8.3738e-01  1.8413e-01
 8.4514e-01  1.8881e-01
 8.5296e-01  1.9243e-01
 8.6086e-01  1.9530e-01
 8.6884e-01  1.9760e-01
 8.7689e-01  1.9948e-01
 8.8501e-01  2.0100e-01
 8.9320e-01  2.0221e-01
 9.0148e-01  2.0283e-01
 9.0983e-01  2.0331e-01
 9.1825e-01  2.0367e-01
 9.2676e-01  2.0392e-01
 9.3534e-01  2.0409e-01
 9.4401e-01  2.0420e-01
 9.5275e-01  2.0428e-01
 9.6157e-01  2.0440e-01
 9.7048e-01  2.0463e-01
 9.7947e-01  2.0511e-01
 9.8854e-01  2.0611e-01
 9.9770e-01  2.0695e-01
 1.0069e+00  1.9766e-01
 1.0163e+00  6.8972e-02
 1.0257e+00  9.4420e-02
 1.0352e+00  1.4917e-01
 1.0448e+00  1.6629e-01
 1.0544e+00  1.7346e-01
 1.0642e+00  1.7695e-01
 1.0741e+00  1.7877e-01
 1.0840e+00  1.7979e-01
 1.0941e+00  1.8053e-01
 1.1042e+00  1.8124e-01
 1.1144e+00  1.8194e-01
 1.1247e+00  1.8261e-01
 1.1352e+00  1.8319e-01
 1.1457e+00  1.8358e-01
 1.1563e+00  1.8379e-01
 1.1670e+00  1.8386e-01
 1.1778e+00  1.8385e-01
 1.1887e+00  1.8380e-01
 1.1997e+00  1.8377e-01
 1.2108e+00  1.8375e-01
 1.2220e+00  1.8370e-01
 1.2334e+00  1.8363e-01
 1.2448e+00  1.8350e-01
 1.2563e+00  1.8334e-01
 1.2680e+00  1.8320e-01
 1.2797e+00  1.8313e-01
 1.2915e+00  1.8319e-01
 1.3035e+00  1.8344e-01
 1.3156e+00  1.8385e-01
 1.3278e+00  1.8437e-01
 1.3401e+00  1.8496e-01
 1.3525e+00  1.8556e-01
 1.3650e+00  1.8616e-01
 1.3777e+00  1.8677e-01
 1.3904e+00  1.8739e-01
 1.4033e+00  1.8793e-01
 1.4163e+00  1.8825e-01
 1.4294e+00  1.8846e-01
 1.4426e+00  1.8855e-01
 1.4560e+00  1.8851e-01
 1.4695e+00  1.8826e-01
 1.4831e+00  1.8830e-01
 1.4968e+00  1.8678e-01
 1.5107e+00  1.8494e-01
 1.5247e+00  1.8267e-01
 1.5388e+00  1.8005e-01
 1.5531e+00  1.7730e-01
 1.5675e+00  1.7472e-01
 1.5820e+00  1.7264e-01
 1.5966e+00  1.7141e-01
 1.6114e+00  1.7138e-01
 1.6263e+00  1.7257e-01
 1.6414e+00  1.7381e-01
 1.6566e+00  1.7401e-01
 1.6719e+00  1.7427e-01
 1.6874e+00  1.7461e-01
 1.7031e+00  1.7511e-01
 1.7188e+00  1.7540e-01
 1.7348e+00  1.7538e-01
 1.7508e+00  1.7538e-01
 1.7670e+00  1.7542e-01
 1.7834e+00  1.7549e-01
 1.7999e+00  1.7560e-01
 1.8166e+00  1.7574e-01
 1.8334e+00  1.7589e-01
 1.8504e+00  1.7605e-01
 1.8675e+00  1.7618e-01
 1.8848e+00  1.7627e-01
 1.9023e+00  1.7631e-01
 1.9199e+00  1.7627e-01
 1.9377e+00  1.7616e-01
 1.9557e+00  1.7597e-01
 1.9738e+00  1.7578e-01
 1.9920e+00  1.7578e-01
 2.0105e+00  1.7591e-01
 2.0291e+00  1.7590e-01
 2.0479e+00  1.7590e-01
 2.0669e+00  1.7590e-01
 2.0860e+00  1.7590e-01
 2.1053e+00  1.7590e-01
 2.1248e+00  1.7590e-01
 2.1445e+00  1.7590e-01
 2.1644e+00  1.7590e-01
 2.1844e+00  1.7590e-01
 2.2047e+00  1.7590e-01
 2.2251e+00  1.7590e-01
 2.2457e+00  1.7590e-01
 2.2665e+00  1.7590e-01
 2.2875e+00  1.7590e-01
 2.3087e+00  1.7590e-01
 2.3301e+00  1.7590e-01
 2.3516e+00  1.7590e-01
 2.3734e+00  1.7590e-01
 2.3954e+00  1.7590e-01
 2.4176e+00  1.7590e-01
 2.4400e+00  1.7590e-01
 2.4626e+00  1.7590e-01
 2.4854e+00  1.7590e-01
 2.5084e+00  1.7590e-01
 2.5316e+00  1.7590e-01
 2.5551e+00  1.7328e-01
 2.5788e+00  1.7104e-01
 2.6026e+00  1.6963e-01
 2.6268e+00  1.6854e-01
 2.6511e+00  1.6764e-01
 2.6756e+00  1.6687e-01
 2.7004e+00  1.6618e-01
 2.7254e+00  1.6557e-01
 2.7507e+00  1.6502e-01
 2.7762e+00  1.6451e-01
 2.8019e+00  1.6405e-01
 2.8278e+00  1.6362e-01
 2.8540e+00  1.6322e-01
 2.8804e+00  1.6285e-01
 2.9071e+00  1.6250e-01
 2.9340e+00  1.6217e-01
 2.9612e+00  1.6187e-01
 2.9887e+00  1.6158e-01
 3.0163e+00  1.6130e-01
 3.0443e+00  1.6104e-01
 3.0725e+00  1.6080e-01
 3.1009e+00  1.6056e-01
 3.1296e+00  1.6034e-01
 3.1586e+00  1.6013e-01
 3.1879e+00  1.5993e-01
 3.2174e+00  1.5974e-01
 3.2472e+00  1.5955e-01
 3.2773e+00  1.5938e-01
 3.3076e+00  1.5921e-01
 3.3383e+00  1.5905e-01
 3.3692e+00  1.5889e-01
 3.4004e+00  1.5875e-01
 3.4319e+00  1.5860e-01
 3.4637e+00  1.5847e-01
 3.4958e+00  1.5834e-01
 3.5282e+00  1.5821e-01
 3.5608e+00  1.5569e-01
 3.5938e+00  1.5242e-01
 3.6271e+00  1.5053e-01
 3.6607e+00  1.4909e-01
 3.6946e+00  1.4792e-01
 3.7288e+00  1.4691e-01
 3.7634e+00  1.4602e-01
 3.7982e+00  1.4524e-01
 3.8334e+00  1.4453e-01
 3.8689e+00  1.4388e-01
 3.9047e+00  1.4329e-01
 3.9409e+00  1.4274e-01
 3.9774e+00  1.4224e-01
 4.0142e+00  1.4177e-01
 4.0514e+00  1.4133e-01
 4.0889e+00  1.4093e-01
 4.1268e+00  1.4054e-01
 4.1650e+00  1.4018e-01
 4.2036e+00  1.3984e-01
 4.2426e+00  1.3952e-01
 4.2819e+00  1.3922e-01
 4.3215e+00  1.3894e-01
 4.3615e+00  1.3867e-01
 4.4019e+00  1.3841e-01
 4.4427e+00  1.3817e-01
 4.4839e+00  1.3793e-01
 4.5254e+00  1.3771e-01
 4.5673e+00  1.3750e-01
 4.6096e+00  1.3730e-01
 4.6523e+00  1.3711e-01
 4.6954e+00  1.3693e-01
 4.7389e+00  1.3676e-01
 4.7828e+00  1.3659e-01
 4.8271e+00  1.3643e-01
 4.8718e+00  1.3628e-01
 4.9169e+00  1.3613e-01
 4.9624e+00  1.3599e-01
 5.0084e+00  1.3586e-01
 5.0548e+00  1.3573e-01
 5.1016e+00  1.3561e-01
 5.1489e+00  1.3549e-01
 5.1966e+00  1.3538e-01
 5.2447e+00  1.3527e-01
 5.2933e+00  1.3516e-01
 5.3423e+00  1.3506e-01
 5.3918e+00  1.3497e-01
 5.4417e+00  1.3487e-01
 5.4921e+00  1.3479e-01
 5.5430e+00  1.3470e-01
 5.5943e+00  1.3462e-01
 5.6461e+00  1.3454e-01
 5.6984e+00  1.3446e-01
 5.7512e+00  1.3439e-01
 5.8045e+00  1.3431e-01
 5.8582e+00  1.3424e-01
 5.9125e+00  1.3418e-01
 5.9673e+00  1.3411e-01
 6.0225e+00  1.3405e-01
 6.0783e+00  1.3399e-01
 6.1346e+00  1.3394e-01
 6.1914e+00  1.3388e-01
 6.2488e+00  1.3383e-01
 6.3067e+00  1.3377e-01
 6.3651e+00  1.3372e-01
 6.4240e+00  1.3368e-01
 6.4835e+00  1.3363e-01
 6.5436e+00  1.3358e-01
 6.6042e+00  1.3354e-01
 6.6654e+00  1.3350e-01
 6.7271e+00  1.3346e-01
 6.7894e+00  1.3342e-01
 6.8523e+00  1.3338e-01
 6.9158e+00  1.3334e-01
 6.9798e+00  1.3331e-01
 7.0445e+00  1.3327e-01
 7.1097e+00  1.3324e-01
 7.1756e+00  1.3320e-01
 7.2420e+00  1.3317e-01
 7.3091e+00  1.3314e-01
 7.3768e+00  1.3311e-01
 7.4451e+00  1.3308e-01
 7.5141e+00  1.3306e-01
 7.5837e+00  1.3303e-01
 7.6539e+00  1.3300e-01
 7.7248e+00  1.3298e-01
 7.7964e+00  1.3295e-01
 7.8686e+00  1.3293e-01
 7.9415e+00  1.3290e-01
 8.0150e+00  1.3288e-01
 8.0892e+00  1.3286e-01
 8.1642e+00  1.3284e-01
 8.2398e+00  1.3282e-01
 8.3161e+00  1.3280e-01
 8.3931e+00  1.3231e-01
 8.4709e+00  1.3185e-01
 8.5493e+00  1.3156e-01
 8.6285e+00  1.3133e-01
 8.7084e+00  1.3114e-01
 8.7891e+00  1.3097e-01
 8.8705e+00  1.3082e-01
 8.9527e+00  1.3069e-01
 9.0356e+00  1.3057e-01
 9.1193e+00  1.3045e-01
 9.2037e+00  1.3035e-01
 9.2890e+00  1.3025e-01
 9.3750e+00  1.3016e-01
 9.4618e+00  1.3008e-01
 9.5495e+00  1.3000e-01
 9.6379e+00  1.2993e-01
 9.7272e+00  1.2986e-01
 9.8173e+00  1.2979e-01
 9.9082e+00  1.2973e-01
 1.0000e+01  1.2967e-01
