 1.0000e-02  7.5001e-01
 2.0000e-02  7.5000e-01
 3.0000e-02  7.5000e-01
 4.0000e-02  7.5000e-01
 5.0000e-02  7.5000e-01
 6.0000e-02  7.5000e-01
 7.0000e-02  7.5000e-01
 8.0000e-02  7.5000e-01
 9.0000e-02  7.5000e-01
 1.0000e-01  7.5000e-01
 1.1000e-01  7.5000e-01
 1.2000e-01  7.5000e-01
 1.3000e-01  7.5000e-01
 1.4000e-01  7.5000e-01
 1.5000e-01  7.5000e-01
 1.6000e-01  7.5000e-01
 1.7000e-01  7.5000e-01
 1.8000e-01  7.5000e-01
 1.9000e-01  7.5000e-01
 2.0000e-01  7.5000e-01
 2.1000e-01  7.5000e-01
 2.2000e-01  6.8082e-01
 2.3000e-01  6.5769e-01
 2.4000e-01  6.4408e-01
 2.5000e-01  6.3489e-01
 2.6000e-01  6.2827e-01
 2.7000e-01  6.2330e-01
 2.8000e-01  6.1946e-01
 2.9000e-01  6.1644e-01
 3.0000e-01  6.1401e-01
 3.1000e-01  6.1204e-01
 3.2000e-01  6.1041e-01
 3.3000e-01  6.0906e-01
 3.4000e-01  6.0793e-01
 3.5000e-01  6.0698e-01
 3.6000e-01  6.0617e-01
 3.7000e-01  6.0547e-01
 3.8000e-01  6.0488e-01
 3.9000e-01  6.0436e-01
 4.0000e-01  6.0391e-01
 4.1000e-01  6.0351e-01
 4.2000e-01  6.0317e-01
 4.3000e-01  6.0287e-01
 4.4000e-01  6.0260e-01
 4.5000e-01  6.0236e-01
 4.6000e-01  6.0214e-01
 4.7000e-01  6.0195e-01
 4.8000e-01  6.0178e-01
 4.9000e-01  6.0162e-01
 5.0000e-01  6.0147e-01
 5.1000e-01  6.0134e-01
 5.2000e-01  6.0121e-01
 5.3000e-01  6.0110e-01
 5.4000e-01  6.0098e-01
 5.5000e-01  6.0086e-01
 5.6000e-01  6.0075e-01
 5.7000e-01  6.0063e-01
 5.8000e-01  6.0051e-01
 5.9000e-01  6.0037e-01
 6.0000e-01  6.0022e-01
 6.1000e-01  6.0005e-01
 6.2000e-01  5.9984e-01
 6.3000e-01  5.9959e-01
 6.4000e-01  5.9927e-01
 6.5000e-01  5.9887e-01
 6.6000e-01  5.9835e-01
 6.7000e-01  5.9765e-01
 6.8000e-01  5.9668e-01
 6.9000e-01  5.9532e-01
 7.0000e-01  5.9335e-01
 7.1000e-01  5.9037e-01
 7.2000e-01  5.8567e-01
 7.3000e-01  5.7780e-01
 7.4000e-01  5.6361e-01
 7.5000e-01  5.3534e-01
 7.6000e-01  4.7158e-01
 7.7000e-01  3.1508e-01
 7.8000e-01  7.2942e-02
 7.9000e-01  1.6160e-01
 8.0000e-01  3.5340e-01
 8.1000e-01  4.4920e-01
 8.2000e-01  4.9652e-01
 8.3000e-01  5.2253e-01
 8.4000e-01  5.3834e-01
 8.5000e-01  5.4875e-01
 8.6000e-01  5.5603e-01
 8.7000e-01  5.6136e-01
 8.8000e-01  5.6539e-01
 8.9000e-01  5.6847e-01
 9.0000e-01  5.7023e-01
 9.1000e-01  5.7137e-01
 9.2000e-01  5.7227e-01
 9.3000e-01  5.7299e-01
 9.4000e-01  5.7362e-01
 9.5000e-01  5.7425e-01
 9.6000e-01  5.7506e-01
 9.7000e-01  5.7628e-01
 9.8000e-01  5.7838e-01
 9.9000e-01  5.8211e-01
 1.0000e+00  5.7949e-01
 1.0100e+00  4.7657e-01
 1.0200e+00  6.0157e-02
 1.0300e+00  3.2590e-01
 1.0400e+00  4.2980e-01
 1.0500e+00  4.6865e-01
 1.0600e+00  4.8659e-01
 1.0700e+00  4.9579e-01
 1.0800e+00  5.0088e-01
 1.0900e+00  5.0426e-01
 1.1000e+00  5.0728e-01
 1.1100e+00  5.1024e-01
 1.1200e+00  5.1311e-01
 1.1300e+00  5.1568e-01
 1.1400e+00  5.1768e-01
 1.1500e+00  5.1891e-01
 1.1600e+00  5.1953e-01
 1.1700e+00  5.1972e-01
 1.1800e+00  5.1968e-01
 1.1900e+00  5.1962e-01
 1.2000e+00  5.1967e-01
 1.2100e+00  5.1979e-01
 1.2200e+00  5.1990e-01
 1.2300e+00  5.1994e-01
 1.2400e+00  5.1982e-01
 1.2500e+00  5.1953e-01
 1.2600e+00  5.1915e-01
 1.2700e+00  5.1879e-01
 1.2800e+00  5.1858e-01
 1.2900e+00  5.1866e-01
 1.3000e+00  5.1910e-01
 1.3100e+00  5.1987e-01
 1.3200e+00  5.2086e-01
 1.3300e+00  5.2197e-01
 1.3400e+00  5.2309e-01
 1.3500e+00  5.2414e-01
 1.3600e+00  5.2513e-01
 1.3700e+00  5.2612e-01
 1.3800e+00  5.2712e-01
 1.3900e+00  5.2820e-01
 1.4000e+00  5.2924e-01
 1.4100e+00  5.2959e-01
 1.4200e+00  5.2982e-01
 1.4300e+00  5.2992e-01
 1.4400e+00  5.2993e-01
 1.4500e+00  5.2987e-01
 1.4600e+00  5.2977e-01
 1.4700e+00  5.2946e-01
 1.4800e+00  5.3104e-01
 1.4900e+00  5.2958e-01
 1.5000e+00  5.2714e-01
 1.5100e+00  5.2425e-01
 1.5200e+00  5.2042e-01
 1.5300e+00  5.1588e-01
 1.5400e+00  5.1092e-01
 1.5500e+00  5.0581e-01
 1.5600e+00  5.0086e-01
 1.5700e+00  4.9633e-01
 1.5800e+00  4.9249e-01
 1.5900e+00  4.8959e-01
 1.6000e+00  4.8791e-01
 1.6100e+00  4.8772e-01
 1.6200e+00  4.8892e-01
 1.6300e+00  4.9136e-01
 1.6400e+00  4.9334e-01
 1.6500e+00  4.9396e-01
 1.6600e+00  4.9464e-01
 1.6700e+00  4.9533e-01
 1.6800e+00  4.9608e-01
 1.6900e+00  4.9699e-01
 1.7000e+00  4.9825e-01
 1.7100e+00  5.0001e-01
 1.7200e+00  5.0001e-01
 1.7300e+00  5.0001e-01
 1.7400e+00  5.0001e-01
 1.7500e+00  5.0001e-01
 1.7600e+00  5.0001e-01
 1.7700e+00  5.0001e-01
 1.7800e+00  5.0001e-01
 1.7900e+00  5.0001e-01
 1.8000e+00  5.0000e-01
 1.8100e+00  5.0001e-01
 1.8200e+00  5.0001e-01
 1.8300e+00  5.0001e-01
 1.8400e+00  5.0001e-01
 1.8500e+00  5.0001e-01
 1.8600e+00  5.0000e-01
 1.8700e+00  5.0001e-01
 1.8800e+00  5.0000e-01
 1.8900e+00  5.0000e-01
 1.9000e+00  5.0000e-01
 1.9100e+00  5.0000e-01
 1.9200e+00  5.0000e-01
 1.9300e+00  5.0000e-01
 1.9400e+00  5.0000e-01
 1.9500e+00  5.0001e-01
 1.9600e+00  5.0000e-01
 1.9700e+00  5.0000e-01
 1.9800e+00  5.0000e-01
 1.9900e+00  5.0000e-01
