 1.0000e-03  0.0000e+00
 1.0093e-03  0.0000e+00
 1.0186e-03  0.0000e+00
 1.0280e-03  0.0000e+00
 1.0376e-03  0.0000e+00
 1.0472e-03  0.0000e+00
 1.0569e-03  0.0000e+00
 1.0667e-03  0.0000e+00
 1.0765e-03  0.0000e+00
 1.0865e-03  0.0000e+00
 1.0966e-03  0.0000e+00
 1.1067e-03  0.0000e+00
 1.1170e-03  0.0000e+00
 1.1273e-03  0.0000e+00
 1.1378e-03  0.0000e+00
 1.1483e-03  0.0000e+00
 1.1589e-03  0.0000e+00
 1.1697e-03  0.0000e+00
 1.1805e-03  0.0000e+00
 1.1915e-03  0.0000e+00
 1.2025e-03  0.0000e+00
 1.2136e-03  0.0000e+00
 1.2249e-03  0.0000e+00
 1.2362e-03  0.0000e+00
 1.2477e-03  0.0000e+00
 1.2592e-03  0.0000e+00
 1.2709e-03  0.0000e+00
 1.2826e-03  0.0000e+00
 1.2945e-03  0.0000e+00
 1.3065e-03  0.0000e+00
 1.3186e-03  0.0000e+00
 1.3308e-03  0.0000e+00
 1.3432e-03  0.0000e+00
 1.3556e-03  0.0000e+00
 1.3682e-03  0.0000e+00
 1.3808e-03  0.0000e+00
 1.3936e-03  0.0000e+00
 1.4065e-03  0.0000e+00
 1.4196e-03  0.0000e+00
 1.4327e-03  0.0000e+00
 1.4460e-03  0.0000e+00
 1.4594e-03  0.0000e+00
 1.4729e-03  0.0000e+00
 1.4865e-03  0.0000e+00
 1.5003e-03  0.0000e+00
 1.5142e-03  0.0000e+00
 1.5282e-03  0.0000e+00
 1.5424e-03  0.0000e+00
 1.5567e-03  0.0000e+00
 1.5711e-03  0.0000e+00
 1.5856e-03  0.0000e+00
 1.6003e-03  0.0000e+00
 1.6151e-03  0.0000e+00
 1.6301e-03  0.0000e+00
 1.6452e-03  0.0000e+00
 1.6604e-03  0.0000e+00
 1.6758e-03  0.0000e+00
 1.6913e-03  0.0000e+00
 1.7070e-03  0.0000e+00
 1.7228e-03  0.0000e+00
 1.7388e-03  0.0000e+00
 1.7549e-03  0.0000e+00
 1.7711e-03  0.0000e+00
 1.7875e-03  0.0000e+00
 1.8041e-03  0.0000e+00
 1.8208e-03  0.0000e+00
 1.8377e-03  0.0000e+00
 1.8547e-03  0.0000e+00
 1.8719e-03  0.0000e+00
 1.8892e-03  0.0000e+00
 1.9067e-03  0.0000e+00
 1.9244e-03  0.0000e+00
 1.9422e-03  0.0000e+00
 1.9602e-03  0.0000e+00
 1.9783e-03  0.0000e+00
 1.9966e-03  0.0000e+00
 2.0151e-03  0.0000e+00
 2.0338e-03  0.0000e+00
 2.0526e-03  0.0000e+00
 2.0716e-03  0.0000e+00
 2.0908e-03  0.0000e+00
 2.1102e-03  0.0000e+00
 2.1297e-03  0.0000e+00
 2.1495e-03  0.0000e+00
 2.1694e-03  0.0000e+00
 2.1895e-03  0.0000e+00
 2.2098e-03  0.0000e+00
 2.2302e-03  0.0000e+00
 2.2509e-03  0.0000e+00
 2.2717e-03  0.0000e+00
 2.2928e-03  0.0000e+00
 2.3140e-03  0.0000e+00
 2.3354e-03  0.0000e+00
 2.3571e-03  0.0000e+00
 2.3789e-03  0.0000e+00
 2.4009e-03  0.0000e+00
 2.4232e-03  0.0000e+00
 2.4456e-03  0.0000e+00
 2.4683e-03  0.0000e+00
 2.4911e-03  0.0000e+00
 2.5142e-03  0.0000e+00
 2.5375e-03  0.0000e+00
 2.5610e-03  0.0000e+00
 2.5847e-03  0.0000e+00
 2.6087e-03  0.0000e+00
 2.6328e-03  0.0000e+00
 2.6572e-03  0.0000e+00
 2.6818e-03  0.0000e+00
 2.7067e-03  0.0000e+00
 2.7317e-03  0.0000e+00
 2.7570e-03  0.0000e+00
 2.7826e-03  0.0000e+00
 2.8083e-03  0.0000e+00
 2.8343e-03  0.0000e+00
 2.8606e-03  0.0000e+00
 2.8871e-03  0.0000e+00
 2.9138e-03  0.0000e+00
 2.9408e-03  0.0000e+00
 2.9681e-03  0.0000e+00
 2.9955e-03  0.0000e+00
 3.0233e-03  0.0000e+00
 3.0513e-03  0.0000e+00
 3.0796e-03  0.0000e+00
 3.1081e-03  0.0000e+00
 3.1369e-03  0.0000e+00
 3.1659e-03  0.0000e+00
 3.1952e-03  0.0000e+00
 3.2248e-03  0.0000e+00
 3.2547e-03  0.0000e+00
 3.2849e-03  0.0000e+00
 3.3153e-03  0.0000e+00
 3.3460e-03  0.0000e+00
 3.3770e-03  0.0000e+00
 3.4083e-03  0.0000e+00
 3.4398e-03  0.0000e+00
 3.4717e-03  0.0000e+00
 3.5038e-03  0.0000e+00
 3.5363e-03  0.0000e+00
 3.5690e-03  0.0000e+00
 3.6021e-03  0.0000e+00
 3.6355e-03  0.0000e+00
 3.6691e-03  0.0000e+00
 3.7031e-03  0.0000e+00
 3.7374e-03  0.0000e+00
 3.7720e-03  0.0000e+00
 3.8070e-03  0.0000e+00
 3.8422e-03  0.0000e+00
 3.8778e-03  0.0000e+00
 3.9137e-03  0.0000e+00
 3.9500e-03  0.0000e+00
 3.9866e-03  0.0000e+00
 4.0235e-03  0.0000e+00
 4.0608e-03  0.0000e+00
 4.0984e-03  0.0000e+00
 4.1363e-03  0.0000e+00
 4.1747e-03  0.0000e+00
 4.2133e-03  0.0000e+00
 4.2523e-03  0.0000e+00
 4.2917e-03  0.0000e+00
 4.3315e-03  0.0000e+00
 4.3716e-03  0.0000e+00
 4.4121e-03  0.0000e+00
 4.4530e-03  0.0000e+00
 4.4942e-03  0.0000e+00
 4.5358e-03  0.0000e+00
 4.5778e-03  0.0000e+00
 4.6202e-03  0.0000e+00
 4.6630e-03  0.0000e+00
 4.7062e-03  0.0000e+00
 4.7498e-03  0.0000e+00
 4.7938e-03  0.0000e+00
 4.8382e-03  0.0000e+00
 4.8830e-03  0.0000e+00
 4.9282e-03  0.0000e+00
 4.9739e-03  0.0000e+00
 5.0200e-03  0.0000e+00
 5.0665e-03  0.0000e+00
 5.1134e-03  0.0000e+00
 5.1607e-03  0.0000e+00
 5.2085e-03  0.0000e+00
 5.2568e-03  0.0000e+00
 5.3055e-03  0.0000e+00
 5.3546e-03  0.0000e+00
 5.4042e-03  0.0000e+00
 5.4543e-03  0.0000e+00
 5.5048e-03  0.0000e+00
 5.5558e-03  0.0000e+00
 5.6072e-03  0.0000e+00
 5.6592e-03  0.0000e+00
 5.7116e-03  0.0000e+00
 5.7645e-03  0.0000e+00
 5.8179e-03  0.0000e+00
 5.8718e-03  0.0000e+00
 5.9262e-03  0.0000e+00
 5.9810e-03  0.0000e+00
 6.0364e-03  0.0000e+00
 6.0923e-03  0.0000e+00
 6.1488e-03  0.0000e+00
 6.2057e-03  0.0000e+00
 6.2632e-03  0.0000e+00
 6.3212e-03  0.0000e+00
 6.3798e-03  0.0000e+00
 6.4389e-03  0.0000e+00
 6.4985e-03  0.0000e+00
 6.5587e-03  0.0000e+00
 6.6194e-03  0.0000e+00
 6.6807e-03  0.0000e+00
 6.7426e-03  0.0000e+00
 6.8051e-03  0.0000e+00
 6.8681e-03  0.0000e+00
 6.9317e-03  0.0000e+00
 6.9959e-03  0.0000e+00
 7.0607e-03  0.0000e+00
 7.1261e-03  0.0000e+00
 7.1921e-03  0.0000e+00
 7.2587e-03  0.0000e+00
 7.3260e-03  0.0000e+00
 7.3938e-03  0.0000e+00
 7.4623e-03  0.0000e+00
 7.5314e-03  0.0000e+00
 7.6012e-03  0.0000e+00
 7.6716e-03  0.0000e+00
 7.7426e-03  0.0000e+00
 7.8144e-03  0.0000e+00
 7.8867e-03  0.0000e+00
 7.9598e-03  0.0000e+00
 8.0335e-03  0.0000e+00
 8.1079e-03  0.0000e+00
 8.1830e-03  0.0000e+00
 8.2588e-03  0.0000e+00
 8.3353e-03  0.0000e+00
 8.4125e-03  0.0000e+00
 8.4904e-03  0.0000e+00
 8.5691e-03  0.0000e+00
 8.6484e-03  0.0000e+00
 8.7285e-03  0.0000e+00
 8.8094e-03  0.0000e+00
 8.8910e-03  0.0000e+00
 8.9733e-03  0.0000e+00
 9.0564e-03  0.0000e+00
 9.1403e-03  0.0000e+00
 9.2250e-03  0.0000e+00
 9.3104e-03  0.0000e+00
 9.3966e-03  0.0000e+00
 9.4837e-03  0.0000e+00
 9.5715e-03  0.0000e+00
 9.6602e-03  0.0000e+00
 9.7496e-03  0.0000e+00
 9.8400e-03  0.0000e+00
 9.9311e-03  0.0000e+00
 1.0023e-02  0.0000e+00
 1.0116e-02  0.0000e+00
 1.0210e-02  0.0000e+00
 1.0304e-02  0.0000e+00
 1.0400e-02  0.0000e+00
 1.0496e-02  0.0000e+00
 1.0593e-02  0.0000e+00
 1.0691e-02  0.0000e+00
 1.0790e-02  0.0000e+00
 1.0890e-02  0.0000e+00
 1.0991e-02  0.0000e+00
 1.1093e-02  0.0000e+00
 1.1196e-02  0.0000e+00
 1.1299e-02  0.0000e+00
 1.1404e-02  0.0000e+00
 1.1510e-02  0.0000e+00
 1.1616e-02  0.0000e+00
 1.1724e-02  0.0000e+00
 1.1832e-02  0.0000e+00
 1.1942e-02  0.0000e+00
 1.2053e-02  0.0000e+00
 1.2164e-02  0.0000e+00
 1.2277e-02  0.0000e+00
 1.2391e-02  0.0000e+00
 1.2505e-02  0.0000e+00
 1.2621e-02  0.0000e+00
 1.2738e-02  0.0000e+00
 1.2856e-02  0.0000e+00
 1.2975e-02  0.0000e+00
 1.3095e-02  0.0000e+00
 1.3217e-02  0.0000e+00
 1.3339e-02  0.0000e+00
 1.3463e-02  0.0000e+00
 1.3587e-02  0.0000e+00
 1.3713e-02  0.0000e+00
 1.3840e-02  0.0000e+00
 1.3968e-02  0.0000e+00
 1.4098e-02  0.0000e+00
 1.4228e-02  0.0000e+00
 1.4360e-02  0.0000e+00
 1.4493e-02  0.0000e+00
 1.4627e-02  0.0000e+00
 1.4763e-02  0.0000e+00
 1.4900e-02  0.0000e+00
 1.5038e-02  0.0000e+00
 1.5177e-02  0.0000e+00
 1.5317e-02  0.0000e+00
 1.5459e-02  0.0000e+00
 1.5602e-02  0.0000e+00
 1.5747e-02  0.0000e+00
 1.5893e-02  0.0000e+00
 1.6040e-02  0.0000e+00
 1.6189e-02  0.0000e+00
 1.6339e-02  0.0000e+00
 1.6490e-02  0.0000e+00
 1.6643e-02  0.0000e+00
 1.6797e-02  0.0000e+00
 1.6952e-02  0.0000e+00
 1.7109e-02  0.0000e+00
 1.7268e-02  0.0000e+00
 1.7428e-02  0.0000e+00
 1.7589e-02  0.0000e+00
 1.7752e-02  0.0000e+00
 1.7917e-02  0.0000e+00
 1.8082e-02  0.0000e+00
 1.8250e-02  0.0000e+00
 1.8419e-02  0.0000e+00
 1.8590e-02  0.0000e+00
 1.8762e-02  0.0000e+00
 1.8936e-02  0.0000e+00
 1.9111e-02  0.0000e+00
 1.9288e-02  0.0000e+00
 1.9467e-02  0.0000e+00
 1.9647e-02  0.0000e+00
 1.9829e-02  0.0000e+00
 2.0012e-02  0.0000e+00
 2.0198e-02  0.0000e+00
 2.0385e-02  0.0000e+00
 2.0574e-02  0.0000e+00
 2.0764e-02  0.0000e+00
 2.0957e-02  0.0000e+00
 2.1151e-02  0.0000e+00
 2.1347e-02  0.0000e+00
 2.1544e-02  0.0000e+00
 2.1744e-02  0.0000e+00
 2.1945e-02  0.0000e+00
 2.2149e-02  0.0000e+00
 2.2354e-02  0.0000e+00
 2.2561e-02  0.0000e+00
 2.2770e-02  0.0000e+00
 2.2981e-02  0.0000e+00
 2.3193e-02  0.0000e+00
 2.3408e-02  0.0000e+00
 2.3625e-02  0.0000e+00
 2.3844e-02  0.0000e+00
 2.4065e-02  0.0000e+00
 2.4288e-02  0.0000e+00
 2.4513e-02  0.0000e+00
 2.4740e-02  0.0000e+00
 2.4969e-02  0.0000e+00
 2.5200e-02  0.0000e+00
 2.5433e-02  0.0000e+00
 2.5669e-02  0.0000e+00
 2.5907e-02  0.0000e+00
 2.6147e-02  0.0000e+00
 2.6389e-02  0.0000e+00
 2.6633e-02  0.0000e+00
 2.6880e-02  0.0000e+00
 2.7129e-02  0.0000e+00
 2.7380e-02  0.0000e+00
 2.7634e-02  0.0000e+00
 2.7890e-02  0.0000e+00
 2.8148e-02  0.0000e+00
 2.8409e-02  0.0000e+00
 2.8672e-02  0.0000e+00
 2.8938e-02  0.0000e+00
 2.9206e-02  0.0000e+00
 2.9476e-02  0.0000e+00
 2.9749e-02  0.0000e+00
 3.0025e-02  0.0000e+00
 3.0303e-02  0.0000e+00
 3.0583e-02  0.0000e+00
 3.0867e-02  0.0000e+00
 3.1153e-02  0.0000e+00
 3.1441e-02  0.0000e+00
 3.1732e-02  0.0000e+00
 3.2026e-02  0.0000e+00
 3.2323e-02  0.0000e+00
 3.2622e-02  0.0000e+00
 3.2924e-02  0.0000e+00
 3.3229e-02  0.0000e+00
 3.3537e-02  0.0000e+00
 3.3848e-02  0.0000e+00
 3.4161e-02  0.0000e+00
 3.4478e-02  0.0000e+00
 3.4797e-02  0.0000e+00
 3.5119e-02  0.0000e+00
 3.5445e-02  0.0000e+00
 3.5773e-02  0.0000e+00
 3.6104e-02  0.0000e+00
 3.6439e-02  0.0000e+00
 3.6776e-02  0.0000e+00
 3.7117e-02  0.0000e+00
 3.7461e-02  0.0000e+00
 3.7807e-02  0.0000e+00
 3.8158e-02  0.0000e+00
 3.8511e-02  0.0000e+00
 3.8868e-02  0.0000e+00
 3.9228e-02  0.0000e+00
 3.9591e-02  0.0000e+00
 3.9958e-02  0.0000e+00
 4.0328e-02  0.0000e+00
 4.0701e-02  0.0000e+00
 4.1078e-02  0.0000e+00
 4.1459e-02  0.0000e+00
 4.1843e-02  0.0000e+00
 4.2230e-02  0.0000e+00
 4.2622e-02  0.0000e+00
 4.3016e-02  0.0000e+00
 4.3415e-02  0.0000e+00
 4.3817e-02  0.0000e+00
 4.4223e-02  0.0000e+00
 4.4632e-02  0.0000e+00
 4.5046e-02  0.0000e+00
 4.5463e-02  0.0000e+00
 4.5884e-02  0.0000e+00
 4.6309e-02  0.0000e+00
 4.6738e-02  0.0000e+00
 4.7171e-02  0.0000e+00
 4.7608e-02  0.0000e+00
 4.8049e-02  0.0000e+00
 4.8494e-02  0.0000e+00
 4.8943e-02  0.0000e+00
 4.9396e-02  0.0000e+00
 4.9854e-02  0.0000e+00
 5.0315e-02  0.0000e+00
 5.0782e-02  0.0000e+00
 5.1252e-02  0.0000e+00
 5.1727e-02  0.0000e+00
 5.2206e-02  0.0000e+00
 5.2689e-02  0.0000e+00
 5.3177e-02  0.0000e+00
 5.3670e-02  0.0000e+00
 5.4167e-02  0.0000e+00
 5.4669e-02  0.0000e+00
 5.5175e-02  0.0000e+00
 5.5686e-02  0.0000e+00
 5.6202e-02  0.0000e+00
 5.6722e-02  0.0000e+00
 5.7248e-02  0.0000e+00
 5.7778e-02  0.0000e+00
 5.8313e-02  0.0000e+00
 5.8853e-02  0.0000e+00
 5.9398e-02  0.0000e+00
 5.9948e-02  0.0000e+00
 6.0504e-02  0.0000e+00
 6.1064e-02  0.0000e+00
 6.1630e-02  0.0000e+00
 6.2200e-02  0.0000e+00
 6.2777e-02  0.0000e+00
 6.3358e-02  0.0000e+00
 6.3945e-02  0.0000e+00
 6.4537e-02  0.0000e+00
 6.5135e-02  0.0000e+00
 6.5738e-02  0.0000e+00
 6.6347e-02  0.0000e+00
 6.6962e-02  0.0000e+00
 6.7582e-02  0.0000e+00
 6.8208e-02  0.0000e+00
 6.8840e-02  0.0000e+00
 6.9477e-02  0.0000e+00
 7.0121e-02  0.0000e+00
 7.0770e-02  0.0000e+00
 7.1426e-02  0.0000e+00
 7.2087e-02  0.0000e+00
 7.2755e-02  0.0000e+00
 7.3429e-02  0.0000e+00
 7.4109e-02  0.0000e+00
 7.4795e-02  0.0000e+00
 7.5488e-02  0.0000e+00
 7.6187e-02  0.0000e+00
 7.6893e-02  0.0000e+00
 7.7605e-02  0.0000e+00
 7.8324e-02  0.0000e+00
 7.9049e-02  0.0000e+00
 7.9781e-02  0.0000e+00
 8.0520e-02  0.0000e+00
 8.1266e-02  0.0000e+00
 8.2019e-02  0.0000e+00
 8.2779e-02  0.0000e+00
 8.3545e-02  0.0000e+00
 8.4319e-02  0.0000e+00
 8.5100e-02  0.0000e+00
 8.5888e-02  0.0000e+00
 8.6684e-02  0.0000e+00
 8.7487e-02  0.0000e+00
 8.8297e-02  0.0000e+00
 8.9115e-02  0.0000e+00
 8.9940e-02  0.0000e+00
 9.0773e-02  0.0000e+00
 9.1614e-02  0.0000e+00
 9.2463e-02  0.0000e+00
 9.3319e-02  0.0000e+00
 9.4183e-02  0.0000e+00
 9.5056e-02  0.0000e+00
 9.5936e-02  0.0000e+00
 9.6825e-02  0.0000e+00
 9.7721e-02  0.0000e+00
 9.8627e-02  0.0000e+00
 9.9540e-02  0.0000e+00
 1.0046e-01  0.0000e+00
 1.0139e-01  0.0000e+00
 1.0233e-01  0.0000e+00
 1.0328e-01  0.0000e+00
 1.0424e-01  0.0000e+00
 1.0520e-01  0.0000e+00
 1.0618e-01  0.0000e+00
 1.0716e-01  0.0000e+00
 1.0815e-01  0.0000e+00
 1.0915e-01  0.0000e+00
 1.1016e-01  0.0000e+00
 1.1118e-01  0.0000e+00
 1.1221e-01  0.0000e+00
 1.1325e-01  0.0000e+00
 1.1430e-01  0.0000e+00
 1.1536e-01  0.0000e+00
 1.1643e-01  0.0000e+00
 1.1751e-01  0.0000e+00
 1.1860e-01  0.0000e+00
 1.1970e-01  0.0000e+00
 1.2080e-01  0.0000e+00
 1.2192e-01  0.0000e+00
 1.2305e-01  0.0000e+00
 1.2419e-01  0.0000e+00
 1.2534e-01  0.0000e+00
 1.2650e-01  0.0000e+00
 1.2768e-01  0.0000e+00
 1.2886e-01  0.0000e+00
 1.3005e-01  0.0000e+00
 1.3126e-01  0.0000e+00
 1.3247e-01  0.0000e+00
 1.3370e-01  0.0000e+00
 1.3494e-01  0.0000e+00
 1.3619e-01  0.0000e+00
 1.3745e-01  0.0000e+00
 1.3872e-01  0.0000e+00
 1.4001e-01  6.2833e-15
 1.4130e-01  1.0400e-11
 1.4261e-01  7.6568e-11
 1.4393e-01  2.5471e-10
 1.4527e-01  6.0467e-10
 1.4661e-01  1.1780e-09
 1.4797e-01  2.0339e-09
 1.4934e-01  3.2386e-09
 1.5072e-01  4.8418e-09
 1.5212e-01  6.9031e-09
 1.5353e-01  9.4832e-09
 1.5495e-01  1.2652e-08
 1.5638e-01  1.6467e-08
 1.5783e-01  2.0990e-08
 1.5930e-01  2.6284e-08
 1.6077e-01  3.2417e-08
 1.6226e-01  3.9455e-08
 1.6376e-01  4.7466e-08
 1.6528e-01  5.6520e-08
 1.6681e-01  6.6689e-08
 1.6836e-01  7.8044e-08
 1.6991e-01  9.0658e-08
 1.7149e-01  1.0461e-07
 1.7308e-01  1.1999e-07
 1.7468e-01  1.3686e-07
 1.7630e-01  1.5531e-07
 1.7793e-01  1.7541e-07
 1.7958e-01  1.9728e-07
 1.8124e-01  2.2100e-07
 1.8292e-01  2.4663e-07
 1.8461e-01  2.7431e-07
 1.8632e-01  3.0411e-07
 1.8805e-01  3.3247e-07
 1.8979e-01  3.6406e-07
 1.9155e-01  3.9840e-07
 1.9332e-01  4.3536e-07
 1.9511e-01  4.7488e-07
 1.9692e-01  5.1709e-07
 1.9875e-01  5.6206e-07
 2.0059e-01  6.0989e-07
 2.0244e-01  6.6071e-07
 2.0432e-01  7.1465e-07
 2.0621e-01  7.7182e-07
 2.0812e-01  8.3236e-07
 2.1005e-01  8.9639e-07
 2.1200e-01  9.2933e-07
 2.1396e-01  9.6533e-07
 2.1594e-01  1.0147e-06
 2.1794e-01  1.0706e-06
 2.1996e-01  1.1315e-06
 2.2200e-01  1.1969e-06
 2.2405e-01  1.2666e-06
 2.2613e-01  1.3405e-06
 2.2822e-01  1.4187e-06
 2.3034e-01  1.5012e-06
 2.3247e-01  1.5881e-06
 2.3462e-01  1.6796e-06
 2.3680e-01  1.7756e-06
 2.3899e-01  1.8766e-06
 2.4120e-01  1.9826e-06
 2.4344e-01  2.0939e-06
 2.4569e-01  2.2105e-06
 2.4797e-01  2.3328e-06
 2.5026e-01  2.4610e-06
 2.5258e-01  2.5953e-06
 2.5492e-01  2.7359e-06
 2.5728e-01  2.8831e-06
 2.5967e-01  3.0372e-06
 2.6207e-01  3.1985e-06
 2.6450e-01  3.3673e-06
 2.6695e-01  3.5439e-06
 2.6942e-01  3.7286e-06
 2.7192e-01  3.9219e-06
 2.7443e-01  4.1240e-06
 2.7698e-01  4.3354e-06
 2.7954e-01  4.5563e-06
 2.8213e-01  1.0708e-05
 2.8474e-01  2.4563e-05
 2.8738e-01  4.2998e-05
 2.9004e-01  6.5100e-05
 2.9273e-01  9.0367e-05
 2.9544e-01  1.1842e-04
 2.9818e-01  1.4902e-04
 3.0094e-01  1.8195e-04
 3.0373e-01  2.1704e-04
 3.0654e-01  2.5413e-04
 3.0938e-01  2.9313e-04
 3.1224e-01  3.3390e-04
 3.1514e-01  3.7634e-04
 3.1806e-01  4.2038e-04
 3.2100e-01  4.6592e-04
 3.2397e-01  5.1289e-04
 3.2697e-01  5.6123e-04
 3.3000e-01  6.1089e-04
 3.3306e-01  6.6182e-04
 3.3614e-01  7.1396e-04
 3.3926e-01  7.6727e-04
 3.4240e-01  8.2173e-04
 3.4557e-01  8.7731e-04
 3.4877e-01  9.3398e-04
 3.5200e-01  9.9169e-04
 3.5526e-01  1.0505e-03
 3.5855e-01  1.1104e-03
 3.6187e-01  1.1714e-03
 3.6523e-01  1.2335e-03
 3.6861e-01  1.2966e-03
 3.7202e-01  1.3608e-03
 3.7547e-01  1.4263e-03
 3.7895e-01  1.4929e-03
 3.8246e-01  1.5608e-03
 3.8600e-01  1.6316e-03
 3.8957e-01  1.7077e-03
 3.9318e-01  1.7870e-03
 3.9682e-01  1.8678e-03
 4.0050e-01  1.9498e-03
 4.0421e-01  2.0331e-03
 4.0795e-01  2.1176e-03
 4.1173e-01  2.2038e-03
 4.1555e-01  2.2917e-03
 4.1939e-01  2.3815e-03
 4.2328e-01  2.4733e-03
 4.2720e-01  2.5676e-03
 4.3116e-01  2.6645e-03
 4.3515e-01  2.7645e-03
 4.3918e-01  2.8675e-03
 4.4325e-01  2.9741e-03
 4.4735e-01  3.0846e-03
 4.5150e-01  3.1994e-03
 4.5568e-01  3.3190e-03
 4.5990e-01  3.4435e-03
 4.6416e-01  3.5736e-03
 4.6846e-01  3.7096e-03
 4.7280e-01  3.8521e-03
 4.7718e-01  4.0016e-03
 4.8160e-01  4.1587e-03
 4.8606e-01  4.3240e-03
 4.9056e-01  4.4982e-03
 4.9510e-01  4.6822e-03
 4.9969e-01  4.8766e-03
 5.0432e-01  5.0824e-03
 5.0899e-01  5.3006e-03
 5.1370e-01  5.5324e-03
 5.1846e-01  5.7790e-03
 5.2326e-01  6.0418e-03
 5.2811e-01  6.3221e-03
 5.3300e-01  6.6217e-03
 5.3794e-01  6.9508e-03
 5.4292e-01  7.2959e-03
 5.4795e-01  7.6666e-03
 5.5302e-01  8.0657e-03
 5.5814e-01  8.4960e-03
 5.6331e-01  8.9614e-03
 5.6853e-01  9.4650e-03
 5.7380e-01  1.0013e-02
 5.7911e-01  1.0607e-02
 5.8448e-01  1.1257e-02
 5.8989e-01  1.1967e-02
 5.9535e-01  1.2747e-02
 6.0087e-01  1.3601e-02
 6.0643e-01  1.4546e-02
 6.1205e-01  1.5588e-02
 6.1772e-01  1.6743e-02
 6.2344e-01  1.8025e-02
 6.2921e-01  1.9455e-02
 6.3504e-01  2.1054e-02
 6.4092e-01  2.2848e-02
 6.4686e-01  2.4864e-02
 6.5285e-01  2.7141e-02
 6.5890e-01  2.9719e-02
 6.6500e-01  3.2649e-02
 6.7116e-01  3.5982e-02
 6.7738e-01  3.9796e-02
 6.8365e-01  4.4171e-02
 6.8998e-01  4.9214e-02
 6.9637e-01  5.5068e-02
 7.0282e-01  6.1904e-02
 7.0933e-01  6.9978e-02
 7.1590e-01  7.9650e-02
 7.2253e-01  9.1494e-02
 7.2923e-01  1.0648e-01
 7.3598e-01  1.2632e-01
 7.4280e-01  1.5428e-01
 7.4968e-01  1.9673e-01
 7.5662e-01  2.6666e-01
 7.6363e-01  3.8944e-01
 7.7070e-01  6.0053e-01
 7.7784e-01  8.6060e-01
 7.8505e-01  9.1388e-01
 7.9232e-01  7.2376e-01
 7.9966e-01  5.1768e-01
 8.0706e-01  3.8247e-01
 8.1454e-01  2.9679e-01
 8.2208e-01  2.4055e-01
 8.2970e-01  2.0176e-01
 8.3738e-01  1.7376e-01
 8.4514e-01  1.5273e-01
 8.5296e-01  1.3646e-01
 8.6086e-01  1.2356e-01
 8.6884e-01  1.1317e-01
 8.7689e-01  1.0474e-01
 8.8501e-01  9.7886e-02
 8.9320e-01  9.2413e-02
 9.0148e-01  8.9607e-02
 9.0983e-01  8.7426e-02
 9.1825e-01  8.5808e-02
 9.2676e-01  8.4664e-02
 9.3534e-01  8.3895e-02
 9.4401e-01  8.3379e-02
 9.5275e-01  8.2966e-02
 9.6157e-01  8.2420e-02
 9.7048e-01  8.1382e-02
 9.7947e-01  7.9220e-02
 9.8854e-01  7.4692e-02
 9.9770e-01  7.0912e-02
 1.0069e+00  1.1259e-01
 1.0163e+00  6.9034e-01
 1.0257e+00  5.7609e-01
 1.0352e+00  3.3025e-01
 1.0448e+00  2.5339e-01
 1.0544e+00  2.2116e-01
 1.0642e+00  2.0548e-01
 1.0741e+00  1.9733e-01
 1.0840e+00  1.9274e-01
 1.0941e+00  1.8938e-01
 1.1042e+00  1.8621e-01
 1.1144e+00  1.8304e-01
 1.1247e+00  1.8001e-01
 1.1352e+00  1.7742e-01
 1.1457e+00  1.7564e-01
 1.1563e+00  1.7469e-01
 1.1670e+00  1.7435e-01
 1.1778e+00  1.7441e-01
 1.1887e+00  1.7460e-01
 1.1997e+00  1.7472e-01
 1.2108e+00  1.7483e-01
 1.2220e+00  1.7501e-01
 1.2334e+00  1.7534e-01
 1.2448e+00  1.7590e-01
 1.2563e+00  1.7660e-01
 1.2680e+00  1.7724e-01
 1.2797e+00  1.7756e-01
 1.2915e+00  1.7727e-01
 1.3035e+00  1.7616e-01
 1.3156e+00  1.7431e-01
 1.3278e+00  1.7193e-01
 1.3401e+00  1.6929e-01
 1.3525e+00  1.6660e-01
 1.3650e+00  1.6390e-01
 1.3777e+00  1.6115e-01
 1.3904e+00  1.5834e-01
 1.4033e+00  1.5591e-01
 1.4163e+00  1.5447e-01
 1.4294e+00  1.5351e-01
 1.4426e+00  1.5310e-01
 1.4560e+00  1.5328e-01
 1.4695e+00  1.5442e-01
 1.4831e+00  1.5421e-01
 1.4968e+00  1.6106e-01
 1.5107e+00  1.6930e-01
 1.5247e+00  1.7949e-01
 1.5388e+00  1.9126e-01
 1.5531e+00  2.0358e-01
 1.5675e+00  2.1518e-01
 1.5820e+00  2.2454e-01
 1.5966e+00  2.3006e-01
 1.6114e+00  2.3016e-01
 1.6263e+00  2.2485e-01
 1.6414e+00  2.1923e-01
 1.6566e+00  2.1836e-01
 1.6719e+00  2.1717e-01
 1.6874e+00  2.1565e-01
 1.7031e+00  2.1340e-01
 1.7188e+00  2.1210e-01
 1.7348e+00  2.1215e-01
 1.7508e+00  2.1215e-01
 1.7670e+00  2.1200e-01
 1.7834e+00  2.1167e-01
 1.7999e+00  2.1118e-01
 1.8166e+00  2.1055e-01
 1.8334e+00  2.0984e-01
 1.8504e+00  2.0915e-01
 1.8675e+00  2.0855e-01
 1.8848e+00  2.0814e-01
 1.9023e+00  2.0797e-01
 1.9199e+00  2.0813e-01
 1.9377e+00  2.0863e-01
 1.9557e+00  2.0948e-01
 1.9738e+00  2.1035e-01
 1.9920e+00  2.1031e-01
 2.0105e+00  2.0977e-01
 2.0291e+00  2.0977e-01
 2.0479e+00  2.0977e-01
 2.0669e+00  2.0977e-01
 2.0860e+00  2.0977e-01
 2.1053e+00  2.0976e-01
 2.1248e+00  2.0976e-01
 2.1445e+00  2.0976e-01
 2.1644e+00  2.0976e-01
 2.1844e+00  2.0976e-01
 2.2047e+00  2.0976e-01
 2.2251e+00  2.0976e-01
 2.2457e+00  2.0976e-01
 2.2665e+00  2.0976e-01
 2.2875e+00  2.0976e-01
 2.3087e+00  2.0976e-01
 2.3301e+00  2.0976e-01
 2.3516e+00  2.0976e-01
 2.3734e+00  2.0976e-01
 2.3954e+00  2.0976e-01
 2.4176e+00  2.0976e-01
 2.4400e+00  2.0976e-01
 2.4626e+00  2.0976e-01
 2.4854e+00  2.0976e-01
 2.5084e+00  2.0976e-01
 2.5316e+00  2.0976e-01
 2.5551e+00  2.0663e-01
 2.5788e+00  2.0397e-01
 2.6026e+00  2.0229e-01
 2.6268e+00  2.0099e-01
 2.6511e+00  1.9991e-01
 2.6756e+00  1.9899e-01
 2.7004e+00  1.9817e-01
 2.7254e+00  1.9744e-01
 2.7507e+00  1.9678e-01
 2.7762e+00  1.9618e-01
 2.8019e+00  1.9563e-01
 2.8278e+00  1.9512e-01
 2.8540e+00  1.9464e-01
 2.8804e+00  1.9420e-01
 2.9071e+00  1.9378e-01
 2.9340e+00  1.9339e-01
 2.9612e+00  1.9303e-01
 2.9887e+00  1.9268e-01
 3.0163e+00  1.9235e-01
 3.0443e+00  1.9204e-01
 3.0725e+00  1.9175e-01
 3.1009e+00  1.9147e-01
 3.1296e+00  1.9121e-01
 3.1586e+00  1.9096e-01
 3.1879e+00  1.9072e-01
 3.2174e+00  1.9049e-01
 3.2472e+00  1.9027e-01
 3.2773e+00  1.9006e-01
 3.3076e+00  1.8986e-01
 3.3383e+00  1.8967e-01
 3.3692e+00  1.8948e-01
 3.4004e+00  1.8931e-01
 3.4319e+00  1.8914e-01
 3.4637e+00  1.8897e-01
 3.4958e+00  1.8882e-01
 3.5282e+00  1.8867e-01
 3.5608e+00  1.8566e-01
 3.5938e+00  1.8176e-01
 3.6271e+00  1.7950e-01
 3.6607e+00  1.7780e-01
 3.6946e+00  1.7639e-01
 3.7288e+00  1.7519e-01
 3.7634e+00  1.7413e-01
 3.7982e+00  1.7319e-01
 3.8334e+00  1.7235e-01
 3.8689e+00  1.7158e-01
 3.9047e+00  1.7087e-01
 3.9409e+00  1.7022e-01
 3.9774e+00  1.6962e-01
 4.0142e+00  1.6906e-01
 4.0514e+00  1.6854e-01
 4.0889e+00  1.6805e-01
 4.1268e+00  1.6760e-01
 4.1650e+00  1.6717e-01
 4.2036e+00  1.6676e-01
 4.2426e+00  1.6638e-01
 4.2819e+00  1.6602e-01
 4.3215e+00  1.6568e-01
 4.3615e+00  1.6536e-01
 4.4019e+00  1.6505e-01
 4.4427e+00  1.6476e-01
 4.4839e+00  1.6449e-01
 4.5254e+00  1.6422e-01
 4.5673e+00  1.6397e-01
 4.6096e+00  1.6374e-01
 4.6523e+00  1.6351e-01
 4.6954e+00  1.6329e-01
 4.7389e+00  1.6308e-01
 4.7828e+00  1.6288e-01
 4.8271e+00  1.6270e-01
 4.8718e+00  1.6251e-01
 4.9169e+00  1.6234e-01
 4.9624e+00  1.6217e-01
 5.0084e+00  1.6201e-01
 5.0548e+00  1.6186e-01
 5.1016e+00  1.6171e-01
 5.1489e+00  1.6157e-01
 5.1966e+00  1.6144e-01
 5.2447e+00  1.6131e-01
 5.2933e+00  1.6118e-01
 5.3423e+00  1.6106e-01
 5.3918e+00  1.6095e-01
 5.4417e+00  1.6084e-01
 5.4921e+00  1.6073e-01
 5.5430e+00  1.6063e-01
 5.5943e+00  1.6053e-01
 5.6461e+00  1.6043e-01
 5.6984e+00  1.6034e-01
 5.7512e+00  1.6025e-01
 5.8045e+00  1.6017e-01
 5.8582e+00  1.6009e-01
 5.9125e+00  1.6001e-01
 5.9673e+00  1.5993e-01
 6.0225e+00  1.5986e-01
 6.0783e+00  1.5979e-01
 6.1346e+00  1.5972e-01
 6.1914e+00  1.5965e-01
 6.2488e+00  1.5959e-01
 6.3067e+00  1.5953e-01
 6.3651e+00  1.5947e-01
 6.4240e+00  1.5941e-01
 6.4835e+00  1.5935e-01
 6.5436e+00  1.5930e-01
 6.6042e+00  1.5925e-01
 6.6654e+00  1.5920e-01
 6.7271e+00  1.5915e-01
 6.7894e+00  1.5910e-01
 6.8523e+00  1.5905e-01
 6.9158e+00  1.5901e-01
 6.9798e+00  1.5897e-01
 7.0445e+00  1.5892e-01
 7.1097e+00  1.5888e-01
 7.1756e+00  1.5885e-01
 7.2420e+00  1.5881e-01
 7.3091e+00  1.5877e-01
 7.3768e+00  1.5874e-01
 7.4451e+00  1.5870e-01
 7.5141e+00  1.5867e-01
 7.5837e+00  1.5864e-01
 7.6539e+00  1.5861e-01
 7.7248e+00  1.5857e-01
 7.7964e+00  1.5855e-01
 7.8686e+00  1.5852e-01
 7.9415e+00  1.5849e-01
 8.0150e+00  1.5846e-01
 8.0892e+00  1.5844e-01
 8.1642e+00  1.5841e-01
 8.2398e+00  1.5839e-01
 8.3161e+00  1.5836e-01
 8.3931e+00  1.5778e-01
 8.4709e+00  1.5723e-01
 8.5493e+00  1.5689e-01
 8.6285e+00  1.5661e-01
 8.7084e+00  1.5638e-01
 8.7891e+00  1.5618e-01
 8.8705e+00  1.5600e-01
 8.9527e+00  1.5584e-01
 9.0356e+00  1.5570e-01
 9.1193e+00  1.5557e-01
 9.2037e+00  1.5544e-01
 9.2890e+00  1.5533e-01
 9.3750e+00  1.5522e-01
 9.4618e+00  1.5512e-01
 9.5495e+00  1.5503e-01
 9.6379e+00  1.5494e-01
 9.7272e+00  1.5486e-01
 9.8173e+00  1.5478e-01
 9.9082e+00  1.5471e-01
 1.0000e+01  1.5464e-01
