 0.0000e+00  0.0000e+00
 3.0030e-03  0.0000e+00
 6.0060e-03  0.0000e+00
 9.0090e-03  0.0000e+00
 1.2012e-02  0.0000e+00
 1.5015e-02  0.0000e+00
 1.8018e-02  0.0000e+00
 2.1021e-02  0.0000e+00
 2.4024e-02  0.0000e+00
 2.7027e-02  0.0000e+00
 3.0030e-02  0.0000e+00
 3.3033e-02  0.0000e+00
 3.6036e-02  0.0000e+00
 3.9039e-02  0.0000e+00
 4.2042e-02  0.0000e+00
 4.5045e-02  0.0000e+00
 4.8048e-02  0.0000e+00
 5.1051e-02  0.0000e+00
 5.4054e-02  0.0000e+00
 5.7057e-02  0.0000e+00
 6.0060e-02  0.0000e+00
 6.3063e-02  0.0000e+00
 6.6066e-02  0.0000e+00
 6.9069e-02  0.0000e+00
 7.2072e-02  0.0000e+00
 7.5075e-02  0.0000e+00
 7.8078e-02  0.0000e+00
 8.1081e-02  0.0000e+00
 8.4084e-02  0.0000e+00
 8.7087e-02  0.0000e+00
 9.0090e-02  0.0000e+00
 9.3093e-02  0.0000e+00
 9.6096e-02  0.0000e+00
 9.9099e-02  0.0000e+00
 1.0210e-01  0.0000e+00
 1.0511e-01  0.0000e+00
 1.0811e-01  0.0000e+00
 1.1111e-01  0.0000e+00
 1.1411e-01  0.0000e+00
 1.1712e-01  0.0000e+00
 1.2012e-01  0.0000e+00
 1.2312e-01  0.0000e+00
 1.2613e-01  0.0000e+00
 1.2913e-01  0.0000e+00
 1.3213e-01  0.0000e+00
 1.3514e-01  0.0000e+00
 1.3814e-01  0.0000e+00
 1.4114e-01  0.0000e+00
 1.4414e-01  0.0000e+00
 1.4715e-01  0.0000e+00
 1.5015e-01  0.0000e+00
 1.5315e-01  0.0000e+00
 1.5616e-01  0.0000e+00
 1.5916e-01  0.0000e+00
 1.6216e-01  0.0000e+00
 1.6517e-01  0.0000e+00
 1.6817e-01  0.0000e+00
 1.7117e-01  0.0000e+00
 1.7417e-01  0.0000e+00
 1.7718e-01  0.0000e+00
 1.8018e-01  0.0000e+00
 1.8318e-01  0.0000e+00
 1.8619e-01  0.0000e+00
 1.8919e-01  0.0000e+00
 1.9219e-01  0.0000e+00
 1.9520e-01  0.0000e+00
 1.9820e-01  0.0000e+00
 2.0120e-01  0.0000e+00
 2.0420e-01  0.0000e+00
 2.0721e-01  0.0000e+00
 2.1021e-01  0.0000e+00
 2.1321e-01  0.0000e+00
 2.1622e-01  0.0000e+00
 2.1922e-01  0.0000e+00
 2.2222e-01  0.0000e+00
 2.2523e-01  0.0000e+00
 2.2823e-01  0.0000e+00
 2.3123e-01  0.0000e+00
 2.3423e-01  0.0000e+00
 2.3724e-01  0.0000e+00
 2.4024e-01  0.0000e+00
 2.4324e-01  0.0000e+00
 2.4625e-01  0.0000e+00
 2.4925e-01  0.0000e+00
 2.5225e-01  0.0000e+00
 2.5526e-01  0.0000e+00
 2.5826e-01  0.0000e+00
 2.6126e-01  0.0000e+00
 2.6426e-01  0.0000e+00
 2.6727e-01  0.0000e+00
 2.7027e-01  0.0000e+00
 2.7327e-01  0.0000e+00
 2.7628e-01  0.0000e+00
 2.7928e-01  0.0000e+00
 2.8228e-01  0.0000e+00
 2.8529e-01  0.0000e+00
 2.8829e-01  0.0000e+00
 2.9129e-01  0.0000e+00
 2.9429e-01  0.0000e+00
 2.9730e-01  0.0000e+00
 3.0030e-01  0.0000e+00
 3.0330e-01  0.0000e+00
 3.0631e-01  0.0000e+00
 3.0931e-01  0.0000e+00
 3.1231e-01  0.0000e+00
 3.1532e-01  0.0000e+00
 3.1832e-01  0.0000e+00
 3.2132e-01  0.0000e+00
 3.2432e-01  0.0000e+00
 3.2733e-01  0.0000e+00
 3.3033e-01  0.0000e+00
 3.3333e-01  0.0000e+00
 3.3634e-01  0.0000e+00
 3.3934e-01  0.0000e+00
 3.4234e-01  0.0000e+00
 3.4535e-01  0.0000e+00
 3.4835e-01  0.0000e+00
 3.5135e-01  0.0000e+00
 3.5435e-01  0.0000e+00
 3.5736e-01  0.0000e+00
 3.6036e-01  0.0000e+00
 3.6336e-01  0.0000e+00
 3.6637e-01  0.0000e+00
 3.6937e-01  0.0000e+00
 3.7237e-01  0.0000e+00
 3.7538e-01  0.0000e+00
 3.7838e-01  0.0000e+00
 3.8138e-01  0.0000e+00
 3.8438e-01  0.0000e+00
 3.8739e-01  0.0000e+00
 3.9039e-01  0.0000e+00
 3.9339e-01  0.0000e+00
 3.9640e-01  0.0000e+00
 3.9940e-01  0.0000e+00
 4.0240e-01  0.0000e+00
 4.0541e-01  0.0000e+00
 4.0841e-01  0.0000e+00
 4.1141e-01  0.0000e+00
 4.1441e-01  0.0000e+00
 4.1742e-01  0.0000e+00
 4.2042e-01  0.0000e+00
 4.2342e-01  0.0000e+00
 4.2643e-01  0.0000e+00
 4.2943e-01  0.0000e+00
 4.3243e-01  0.0000e+00
 4.3544e-01  0.0000e+00
 4.3844e-01  0.0000e+00
 4.4144e-01  0.0000e+00
 4.4444e-01  0.0000e+00
 4.4745e-01  0.0000e+00
 4.5045e-01  0.0000e+00
 4.5345e-01  0.0000e+00
 4.5646e-01  0.0000e+00
 4.5946e-01  0.0000e+00
 4.6246e-01  0.0000e+00
 4.6547e-01  0.0000e+00
 4.6847e-01  0.0000e+00
 4.7147e-01  0.0000e+00
 4.7447e-01  0.0000e+00
 4.7748e-01  0.0000e+00
 4.8048e-01  0.0000e+00
 4.8348e-01  0.0000e+00
 4.8649e-01  0.0000e+00
 4.8949e-01  0.0000e+00
 4.9249e-01  0.0000e+00
 4.9550e-01  0.0000e+00
 4.9850e-01  0.0000e+00
 5.0150e-01  0.0000e+00
 5.0450e-01  0.0000e+00
 5.0751e-01  0.0000e+00
 5.1051e-01  0.0000e+00
 5.1351e-01  0.0000e+00
 5.1652e-01  0.0000e+00
 5.1952e-01  0.0000e+00
 5.2252e-01  0.0000e+00
 5.2553e-01  0.0000e+00
 5.2853e-01  0.0000e+00
 5.3153e-01  0.0000e+00
 5.3453e-01  0.0000e+00
 5.3754e-01  0.0000e+00
 5.4054e-01  0.0000e+00
 5.4354e-01  0.0000e+00
 5.4655e-01  0.0000e+00
 5.4955e-01  0.0000e+00
 5.5255e-01  0.0000e+00
 5.5556e-01  0.0000e+00
 5.5856e-01  0.0000e+00
 5.6156e-01  0.0000e+00
 5.6456e-01  0.0000e+00
 5.6757e-01  0.0000e+00
 5.7057e-01  0.0000e+00
 5.7357e-01  0.0000e+00
 5.7658e-01  0.0000e+00
 5.7958e-01  0.0000e+00
 5.8258e-01  0.0000e+00
 5.8559e-01  0.0000e+00
 5.8859e-01  0.0000e+00
 5.9159e-01  0.0000e+00
 5.9459e-01  0.0000e+00
 5.9760e-01  0.0000e+00
 6.0060e-01  0.0000e+00
 6.0360e-01  0.0000e+00
 6.0661e-01  0.0000e+00
 6.0961e-01  0.0000e+00
 6.1261e-01  0.0000e+00
 6.1562e-01  0.0000e+00
 6.1862e-01  0.0000e+00
 6.2162e-01  0.0000e+00
 6.2462e-01  0.0000e+00
 6.2763e-01  0.0000e+00
 6.3063e-01  0.0000e+00
 6.3363e-01  0.0000e+00
 6.3664e-01  0.0000e+00
 6.3964e-01  0.0000e+00
 6.4264e-01  0.0000e+00
 6.4565e-01  0.0000e+00
 6.4865e-01  0.0000e+00
 6.5165e-01  0.0000e+00
 6.5465e-01  0.0000e+00
 6.5766e-01  0.0000e+00
 6.6066e-01  0.0000e+00
 6.6366e-01  0.0000e+00
 6.6667e-01  0.0000e+00
 6.6967e-01  0.0000e+00
 6.7267e-01  0.0000e+00
 6.7568e-01  0.0000e+00
 6.7868e-01  0.0000e+00
 6.8168e-01  0.0000e+00
 6.8468e-01  0.0000e+00
 6.8769e-01  0.0000e+00
 6.9069e-01  0.0000e+00
 6.9369e-01  0.0000e+00
 6.9670e-01  0.0000e+00
 6.9970e-01  0.0000e+00
 7.0270e-01  0.0000e+00
 7.0571e-01  0.0000e+00
 7.0871e-01  0.0000e+00
 7.1171e-01  0.0000e+00
 7.1471e-01  0.0000e+00
 7.1772e-01  0.0000e+00
 7.2072e-01  0.0000e+00
 7.2372e-01  0.0000e+00
 7.2673e-01  0.0000e+00
 7.2973e-01  0.0000e+00
 7.3273e-01  0.0000e+00
 7.3574e-01  0.0000e+00
 7.3874e-01  0.0000e+00
 7.4174e-01  0.0000e+00
 7.4474e-01  0.0000e+00
 7.4775e-01  0.0000e+00
 7.5075e-01  0.0000e+00
 7.5375e-01  0.0000e+00
 7.5676e-01  0.0000e+00
 7.5976e-01  0.0000e+00
 7.6276e-01  0.0000e+00
 7.6577e-01  0.0000e+00
 7.6877e-01  0.0000e+00
 7.7177e-01  0.0000e+00
 7.7477e-01  0.0000e+00
 7.7778e-01  0.0000e+00
 7.8078e-01  0.0000e+00
 7.8378e-01  0.0000e+00
 7.8679e-01  0.0000e+00
 7.8979e-01  0.0000e+00
 7.9279e-01  0.0000e+00
 7.9580e-01  0.0000e+00
 7.9880e-01  0.0000e+00
 8.0180e-01  0.0000e+00
 8.0480e-01  0.0000e+00
 8.0781e-01  0.0000e+00
 8.1081e-01  0.0000e+00
 8.1381e-01  0.0000e+00
 8.1682e-01  0.0000e+00
 8.1982e-01  0.0000e+00
 8.2282e-01  0.0000e+00
 8.2583e-01  0.0000e+00
 8.2883e-01  0.0000e+00
 8.3183e-01  0.0000e+00
 8.3483e-01  0.0000e+00
 8.3784e-01  0.0000e+00
 8.4084e-01  0.0000e+00
 8.4384e-01  0.0000e+00
 8.4685e-01  0.0000e+00
 8.4985e-01  0.0000e+00
 8.5285e-01  0.0000e+00
 8.5586e-01  0.0000e+00
 8.5886e-01  0.0000e+00
 8.6186e-01  0.0000e+00
 8.6486e-01  0.0000e+00
 8.6787e-01  0.0000e+00
 8.7087e-01  0.0000e+00
 8.7387e-01  0.0000e+00
 8.7688e-01  0.0000e+00
 8.7988e-01  0.0000e+00
 8.8288e-01  0.0000e+00
 8.8589e-01  0.0000e+00
 8.8889e-01  0.0000e+00
 8.9189e-01  0.0000e+00
 8.9489e-01  0.0000e+00
 8.9790e-01  0.0000e+00
 9.0090e-01  0.0000e+00
 9.0390e-01  0.0000e+00
 9.0691e-01  0.0000e+00
 9.0991e-01  0.0000e+00
 9.1291e-01  0.0000e+00
 9.1592e-01  0.0000e+00
 9.1892e-01  0.0000e+00
 9.2192e-01  0.0000e+00
 9.2492e-01  0.0000e+00
 9.2793e-01  0.0000e+00
 9.3093e-01  0.0000e+00
 9.3393e-01  0.0000e+00
 9.3694e-01  0.0000e+00
 9.3994e-01  0.0000e+00
 9.4294e-01  0.0000e+00
 9.4595e-01  0.0000e+00
 9.4895e-01  0.0000e+00
 9.5195e-01  0.0000e+00
 9.5495e-01  0.0000e+00
 9.5796e-01  0.0000e+00
 9.6096e-01  0.0000e+00
 9.6396e-01  0.0000e+00
 9.6697e-01  0.0000e+00
 9.6997e-01  0.0000e+00
 9.7297e-01  0.0000e+00
 9.7598e-01  0.0000e+00
 9.7898e-01  0.0000e+00
 9.8198e-01  0.0000e+00
 9.8498e-01  0.0000e+00
 9.8799e-01  0.0000e+00
 9.9099e-01  0.0000e+00
 9.9399e-01  0.0000e+00
 9.9700e-01  0.0000e+00
 1.0000e+00  0.0000e+00
 1.0030e+00  0.0000e+00
 1.0060e+00  0.0000e+00
 1.0090e+00  0.0000e+00
 1.0120e+00  0.0000e+00
 1.0150e+00  0.0000e+00
 1.0180e+00  0.0000e+00
 1.0210e+00  0.0000e+00
 1.0240e+00  0.0000e+00
 1.0270e+00  0.0000e+00
 1.0300e+00  0.0000e+00
 1.0330e+00  0.0000e+00
 1.0360e+00  0.0000e+00
 1.0390e+00  0.0000e+00
 1.0420e+00  0.0000e+00
 1.0450e+00  0.0000e+00
 1.0480e+00  0.0000e+00
 1.0511e+00  0.0000e+00
 1.0541e+00  0.0000e+00
 1.0571e+00  0.0000e+00
 1.0601e+00  0.0000e+00
 1.0631e+00  0.0000e+00
 1.0661e+00  0.0000e+00
 1.0691e+00  0.0000e+00
 1.0721e+00  0.0000e+00
 1.0751e+00  0.0000e+00
 1.0781e+00  0.0000e+00
 1.0811e+00  0.0000e+00
 1.0841e+00  0.0000e+00
 1.0871e+00  0.0000e+00
 1.0901e+00  0.0000e+00
 1.0931e+00  0.0000e+00
 1.0961e+00  0.0000e+00
 1.0991e+00  0.0000e+00
 1.1021e+00  0.0000e+00
 1.1051e+00  0.0000e+00
 1.1081e+00  0.0000e+00
 1.1111e+00  0.0000e+00
 1.1141e+00  0.0000e+00
 1.1171e+00  0.0000e+00
 1.1201e+00  0.0000e+00
 1.1231e+00  0.0000e+00
 1.1261e+00  0.0000e+00
 1.1291e+00  0.0000e+00
 1.1321e+00  0.0000e+00
 1.1351e+00  0.0000e+00
 1.1381e+00  0.0000e+00
 1.1411e+00  0.0000e+00
 1.1441e+00  0.0000e+00
 1.1471e+00  0.0000e+00
 1.1502e+00  0.0000e+00
 1.1532e+00  0.0000e+00
 1.1562e+00  0.0000e+00
 1.1592e+00  0.0000e+00
 1.1622e+00  0.0000e+00
 1.1652e+00  0.0000e+00
 1.1682e+00  0.0000e+00
 1.1712e+00  0.0000e+00
 1.1742e+00  0.0000e+00
 1.1772e+00  0.0000e+00
 1.1802e+00  0.0000e+00
 1.1832e+00  0.0000e+00
 1.1862e+00  0.0000e+00
 1.1892e+00  0.0000e+00
 1.1922e+00  0.0000e+00
 1.1952e+00  0.0000e+00
 1.1982e+00  0.0000e+00
 1.2012e+00  0.0000e+00
 1.2042e+00  0.0000e+00
 1.2072e+00  0.0000e+00
 1.2102e+00  0.0000e+00
 1.2132e+00  0.0000e+00
 1.2162e+00  0.0000e+00
 1.2192e+00  0.0000e+00
 1.2222e+00  0.0000e+00
 1.2252e+00  0.0000e+00
 1.2282e+00  0.0000e+00
 1.2312e+00  0.0000e+00
 1.2342e+00  0.0000e+00
 1.2372e+00  0.0000e+00
 1.2402e+00  0.0000e+00
 1.2432e+00  0.0000e+00
 1.2462e+00  0.0000e+00
 1.2492e+00  0.0000e+00
 1.2523e+00  0.0000e+00
 1.2553e+00  0.0000e+00
 1.2583e+00  0.0000e+00
 1.2613e+00  0.0000e+00
 1.2643e+00  0.0000e+00
 1.2673e+00  0.0000e+00
 1.2703e+00  0.0000e+00
 1.2733e+00  0.0000e+00
 1.2763e+00  0.0000e+00
 1.2793e+00  0.0000e+00
 1.2823e+00  0.0000e+00
 1.2853e+00  0.0000e+00
 1.2883e+00  0.0000e+00
 1.2913e+00  0.0000e+00
 1.2943e+00  0.0000e+00
 1.2973e+00  0.0000e+00
 1.3003e+00  0.0000e+00
 1.3033e+00  0.0000e+00
 1.3063e+00  0.0000e+00
 1.3093e+00  0.0000e+00
 1.3123e+00  0.0000e+00
 1.3153e+00  0.0000e+00
 1.3183e+00  0.0000e+00
 1.3213e+00  0.0000e+00
 1.3243e+00  0.0000e+00
 1.3273e+00  0.0000e+00
 1.3303e+00  0.0000e+00
 1.3333e+00  0.0000e+00
 1.3363e+00  0.0000e+00
 1.3393e+00  0.0000e+00
 1.3423e+00  0.0000e+00
 1.3453e+00  0.0000e+00
 1.3483e+00  0.0000e+00
 1.3514e+00  0.0000e+00
 1.3544e+00  0.0000e+00
 1.3574e+00  0.0000e+00
 1.3604e+00  0.0000e+00
 1.3634e+00  0.0000e+00
 1.3664e+00  0.0000e+00
 1.3694e+00  0.0000e+00
 1.3724e+00  0.0000e+00
 1.3754e+00  0.0000e+00
 1.3784e+00  0.0000e+00
 1.3814e+00  0.0000e+00
 1.3844e+00  0.0000e+00
 1.3874e+00  0.0000e+00
 1.3904e+00  0.0000e+00
 1.3934e+00  0.0000e+00
 1.3964e+00  0.0000e+00
 1.3994e+00  0.0000e+00
 1.4024e+00  0.0000e+00
 1.4054e+00  0.0000e+00
 1.4084e+00  0.0000e+00
 1.4114e+00  0.0000e+00
 1.4144e+00  0.0000e+00
 1.4174e+00  0.0000e+00
 1.4204e+00  0.0000e+00
 1.4234e+00  0.0000e+00
 1.4264e+00  0.0000e+00
 1.4294e+00  0.0000e+00
 1.4324e+00  0.0000e+00
 1.4354e+00  0.0000e+00
 1.4384e+00  0.0000e+00
 1.4414e+00  0.0000e+00
 1.4444e+00  0.0000e+00
 1.4474e+00  0.0000e+00
 1.4505e+00  0.0000e+00
 1.4535e+00  0.0000e+00
 1.4565e+00  0.0000e+00
 1.4595e+00  0.0000e+00
 1.4625e+00  0.0000e+00
 1.4655e+00  0.0000e+00
 1.4685e+00  0.0000e+00
 1.4715e+00  0.0000e+00
 1.4745e+00  0.0000e+00
 1.4775e+00  0.0000e+00
 1.4805e+00  0.0000e+00
 1.4835e+00  0.0000e+00
 1.4865e+00  0.0000e+00
 1.4895e+00  0.0000e+00
 1.4925e+00  0.0000e+00
 1.4955e+00  0.0000e+00
 1.4985e+00  0.0000e+00
 1.5015e+00  0.0000e+00
 1.5045e+00  0.0000e+00
 1.5075e+00  0.0000e+00
 1.5105e+00  0.0000e+00
 1.5135e+00  0.0000e+00
 1.5165e+00  0.0000e+00
 1.5195e+00  0.0000e+00
 1.5225e+00  0.0000e+00
 1.5255e+00  0.0000e+00
 1.5285e+00  0.0000e+00
 1.5315e+00  0.0000e+00
 1.5345e+00  0.0000e+00
 1.5375e+00  0.0000e+00
 1.5405e+00  0.0000e+00
 1.5435e+00  0.0000e+00
 1.5465e+00  0.0000e+00
 1.5495e+00  0.0000e+00
 1.5526e+00  0.0000e+00
 1.5556e+00  0.0000e+00
 1.5586e+00  0.0000e+00
 1.5616e+00  0.0000e+00
 1.5646e+00  0.0000e+00
 1.5676e+00  0.0000e+00
 1.5706e+00  0.0000e+00
 1.5736e+00  0.0000e+00
 1.5766e+00  0.0000e+00
 1.5796e+00  0.0000e+00
 1.5826e+00  0.0000e+00
 1.5856e+00  0.0000e+00
 1.5886e+00  0.0000e+00
 1.5916e+00  0.0000e+00
 1.5946e+00  0.0000e+00
 1.5976e+00  0.0000e+00
 1.6006e+00  0.0000e+00
 1.6036e+00  0.0000e+00
 1.6066e+00  0.0000e+00
 1.6096e+00  0.0000e+00
 1.6126e+00  0.0000e+00
 1.6156e+00  0.0000e+00
 1.6186e+00  0.0000e+00
 1.6216e+00  0.0000e+00
 1.6246e+00  0.0000e+00
 1.6276e+00  0.0000e+00
 1.6306e+00  0.0000e+00
 1.6336e+00  0.0000e+00
 1.6366e+00  0.0000e+00
 1.6396e+00  0.0000e+00
 1.6426e+00  0.0000e+00
 1.6456e+00  0.0000e+00
 1.6486e+00  0.0000e+00
 1.6517e+00  0.0000e+00
 1.6547e+00  0.0000e+00
 1.6577e+00  0.0000e+00
 1.6607e+00  0.0000e+00
 1.6637e+00  0.0000e+00
 1.6667e+00  0.0000e+00
 1.6697e+00  0.0000e+00
 1.6727e+00  0.0000e+00
 1.6757e+00  0.0000e+00
 1.6787e+00  0.0000e+00
 1.6817e+00  0.0000e+00
 1.6847e+00  0.0000e+00
 1.6877e+00  0.0000e+00
 1.6907e+00  0.0000e+00
 1.6937e+00  0.0000e+00
 1.6967e+00  0.0000e+00
 1.6997e+00  0.0000e+00
 1.7027e+00  0.0000e+00
 1.7057e+00  0.0000e+00
 1.7087e+00  0.0000e+00
 1.7117e+00  0.0000e+00
 1.7147e+00  0.0000e+00
 1.7177e+00  0.0000e+00
 1.7207e+00  0.0000e+00
 1.7237e+00  0.0000e+00
 1.7267e+00  0.0000e+00
 1.7297e+00  0.0000e+00
 1.7327e+00  0.0000e+00
 1.7357e+00  0.0000e+00
 1.7387e+00  0.0000e+00
 1.7417e+00  0.0000e+00
 1.7447e+00  0.0000e+00
 1.7477e+00  0.0000e+00
 1.7508e+00  0.0000e+00
 1.7538e+00  0.0000e+00
 1.7568e+00  0.0000e+00
 1.7598e+00  0.0000e+00
 1.7628e+00  0.0000e+00
 1.7658e+00  0.0000e+00
 1.7688e+00  0.0000e+00
 1.7718e+00  0.0000e+00
 1.7748e+00  0.0000e+00
 1.7778e+00  0.0000e+00
 1.7808e+00  0.0000e+00
 1.7838e+00  0.0000e+00
 1.7868e+00  0.0000e+00
 1.7898e+00  0.0000e+00
 1.7928e+00  0.0000e+00
 1.7958e+00  0.0000e+00
 1.7988e+00  0.0000e+00
 1.8018e+00  0.0000e+00
 1.8048e+00  0.0000e+00
 1.8078e+00  0.0000e+00
 1.8108e+00  0.0000e+00
 1.8138e+00  0.0000e+00
 1.8168e+00  0.0000e+00
 1.8198e+00  0.0000e+00
 1.8228e+00  0.0000e+00
 1.8258e+00  0.0000e+00
 1.8288e+00  0.0000e+00
 1.8318e+00  0.0000e+00
 1.8348e+00  0.0000e+00
 1.8378e+00  0.0000e+00
 1.8408e+00  0.0000e+00
 1.8438e+00  0.0000e+00
 1.8468e+00  0.0000e+00
 1.8498e+00  0.0000e+00
 1.8529e+00  0.0000e+00
 1.8559e+00  0.0000e+00
 1.8589e+00  0.0000e+00
 1.8619e+00  0.0000e+00
 1.8649e+00  0.0000e+00
 1.8679e+00  0.0000e+00
 1.8709e+00  0.0000e+00
 1.8739e+00  0.0000e+00
 1.8769e+00  0.0000e+00
 1.8799e+00  0.0000e+00
 1.8829e+00  0.0000e+00
 1.8859e+00  0.0000e+00
 1.8889e+00  0.0000e+00
 1.8919e+00  0.0000e+00
 1.8949e+00  0.0000e+00
 1.8979e+00  0.0000e+00
 1.9009e+00  0.0000e+00
 1.9039e+00  0.0000e+00
 1.9069e+00  0.0000e+00
 1.9099e+00  0.0000e+00
 1.9129e+00  0.0000e+00
 1.9159e+00  0.0000e+00
 1.9189e+00  0.0000e+00
 1.9219e+00  0.0000e+00
 1.9249e+00  0.0000e+00
 1.9279e+00  0.0000e+00
 1.9309e+00  0.0000e+00
 1.9339e+00  0.0000e+00
 1.9369e+00  0.0000e+00
 1.9399e+00  0.0000e+00
 1.9429e+00  0.0000e+00
 1.9459e+00  0.0000e+00
 1.9489e+00  0.0000e+00
 1.9520e+00  0.0000e+00
 1.9550e+00  0.0000e+00
 1.9580e+00  0.0000e+00
 1.9610e+00  0.0000e+00
 1.9640e+00  0.0000e+00
 1.9670e+00  0.0000e+00
 1.9700e+00  0.0000e+00
 1.9730e+00  0.0000e+00
 1.9760e+00  0.0000e+00
 1.9790e+00  0.0000e+00
 1.9820e+00  0.0000e+00
 1.9850e+00  0.0000e+00
 1.9880e+00  0.0000e+00
 1.9910e+00  0.0000e+00
 1.9940e+00  0.0000e+00
 1.9970e+00  0.0000e+00
 2.0000e+00  0.0000e+00
 2.0030e+00  0.0000e+00
 2.0060e+00  0.0000e+00
 2.0090e+00  0.0000e+00
 2.0120e+00  0.0000e+00
 2.0150e+00  0.0000e+00
 2.0180e+00  0.0000e+00
 2.0210e+00  0.0000e+00
 2.0240e+00  0.0000e+00
 2.0270e+00  0.0000e+00
 2.0300e+00  0.0000e+00
 2.0330e+00  0.0000e+00
 2.0360e+00  0.0000e+00
 2.0390e+00  0.0000e+00
 2.0420e+00  0.0000e+00
 2.0450e+00  0.0000e+00
 2.0480e+00  0.0000e+00
 2.0511e+00  0.0000e+00
 2.0541e+00  0.0000e+00
 2.0571e+00  0.0000e+00
 2.0601e+00  0.0000e+00
 2.0631e+00  0.0000e+00
 2.0661e+00  0.0000e+00
 2.0691e+00  0.0000e+00
 2.0721e+00  0.0000e+00
 2.0751e+00  0.0000e+00
 2.0781e+00  0.0000e+00
 2.0811e+00  0.0000e+00
 2.0841e+00  0.0000e+00
 2.0871e+00  0.0000e+00
 2.0901e+00  0.0000e+00
 2.0931e+00  0.0000e+00
 2.0961e+00  0.0000e+00
 2.0991e+00  0.0000e+00
 2.1021e+00  0.0000e+00
 2.1051e+00  0.0000e+00
 2.1081e+00  0.0000e+00
 2.1111e+00  0.0000e+00
 2.1141e+00  0.0000e+00
 2.1171e+00  0.0000e+00
 2.1201e+00  0.0000e+00
 2.1231e+00  0.0000e+00
 2.1261e+00  0.0000e+00
 2.1291e+00  0.0000e+00
 2.1321e+00  0.0000e+00
 2.1351e+00  0.0000e+00
 2.1381e+00  0.0000e+00
 2.1411e+00  0.0000e+00
 2.1441e+00  0.0000e+00
 2.1471e+00  0.0000e+00
 2.1502e+00  0.0000e+00
 2.1532e+00  0.0000e+00
 2.1562e+00  0.0000e+00
 2.1592e+00  0.0000e+00
 2.1622e+00  0.0000e+00
 2.1652e+00  0.0000e+00
 2.1682e+00  0.0000e+00
 2.1712e+00  0.0000e+00
 2.1742e+00  0.0000e+00
 2.1772e+00  0.0000e+00
 2.1802e+00  0.0000e+00
 2.1832e+00  0.0000e+00
 2.1862e+00  0.0000e+00
 2.1892e+00  0.0000e+00
 2.1922e+00  0.0000e+00
 2.1952e+00  0.0000e+00
 2.1982e+00  0.0000e+00
 2.2012e+00  0.0000e+00
 2.2042e+00  0.0000e+00
 2.2072e+00  0.0000e+00
 2.2102e+00  0.0000e+00
 2.2132e+00  0.0000e+00
 2.2162e+00  0.0000e+00
 2.2192e+00  0.0000e+00
 2.2222e+00  0.0000e+00
 2.2252e+00  0.0000e+00
 2.2282e+00  0.0000e+00
 2.2312e+00  0.0000e+00
 2.2342e+00  0.0000e+00
 2.2372e+00  0.0000e+00
 2.2402e+00  0.0000e+00
 2.2432e+00  0.0000e+00
 2.2462e+00  0.0000e+00
 2.2492e+00  0.0000e+00
 2.2523e+00  0.0000e+00
 2.2553e+00  0.0000e+00
 2.2583e+00  0.0000e+00
 2.2613e+00  0.0000e+00
 2.2643e+00  0.0000e+00
 2.2673e+00  0.0000e+00
 2.2703e+00  0.0000e+00
 2.2733e+00  0.0000e+00
 2.2763e+00  0.0000e+00
 2.2793e+00  0.0000e+00
 2.2823e+00  0.0000e+00
 2.2853e+00  0.0000e+00
 2.2883e+00  0.0000e+00
 2.2913e+00  0.0000e+00
 2.2943e+00  0.0000e+00
 2.2973e+00  0.0000e+00
 2.3003e+00  0.0000e+00
 2.3033e+00  0.0000e+00
 2.3063e+00  0.0000e+00
 2.3093e+00  0.0000e+00
 2.3123e+00  0.0000e+00
 2.3153e+00  0.0000e+00
 2.3183e+00  0.0000e+00
 2.3213e+00  0.0000e+00
 2.3243e+00  0.0000e+00
 2.3273e+00  0.0000e+00
 2.3303e+00  0.0000e+00
 2.3333e+00  0.0000e+00
 2.3363e+00  0.0000e+00
 2.3393e+00  0.0000e+00
 2.3423e+00  0.0000e+00
 2.3453e+00  0.0000e+00
 2.3483e+00  0.0000e+00
 2.3514e+00  0.0000e+00
 2.3544e+00  0.0000e+00
 2.3574e+00  0.0000e+00
 2.3604e+00  0.0000e+00
 2.3634e+00  0.0000e+00
 2.3664e+00  0.0000e+00
 2.3694e+00  0.0000e+00
 2.3724e+00  0.0000e+00
 2.3754e+00  0.0000e+00
 2.3784e+00  0.0000e+00
 2.3814e+00  0.0000e+00
 2.3844e+00  0.0000e+00
 2.3874e+00  0.0000e+00
 2.3904e+00  0.0000e+00
 2.3934e+00  0.0000e+00
 2.3964e+00  0.0000e+00
 2.3994e+00  0.0000e+00
 2.4024e+00  0.0000e+00
 2.4054e+00  0.0000e+00
 2.4084e+00  0.0000e+00
 2.4114e+00  0.0000e+00
 2.4144e+00  0.0000e+00
 2.4174e+00  0.0000e+00
 2.4204e+00  0.0000e+00
 2.4234e+00  0.0000e+00
 2.4264e+00  0.0000e+00
 2.4294e+00  0.0000e+00
 2.4324e+00  0.0000e+00
 2.4354e+00  0.0000e+00
 2.4384e+00  0.0000e+00
 2.4414e+00  0.0000e+00
 2.4444e+00  0.0000e+00
 2.4474e+00  0.0000e+00
 2.4505e+00  0.0000e+00
 2.4535e+00  0.0000e+00
 2.4565e+00  0.0000e+00
 2.4595e+00  0.0000e+00
 2.4625e+00  0.0000e+00
 2.4655e+00  0.0000e+00
 2.4685e+00  0.0000e+00
 2.4715e+00  0.0000e+00
 2.4745e+00  0.0000e+00
 2.4775e+00  0.0000e+00
 2.4805e+00  0.0000e+00
 2.4835e+00  0.0000e+00
 2.4865e+00  0.0000e+00
 2.4895e+00  0.0000e+00
 2.4925e+00  0.0000e+00
 2.4955e+00  0.0000e+00
 2.4985e+00  0.0000e+00
 2.5015e+00  0.0000e+00
 2.5045e+00  0.0000e+00
 2.5075e+00  0.0000e+00
 2.5105e+00  0.0000e+00
 2.5135e+00  0.0000e+00
 2.5165e+00  0.0000e+00
 2.5195e+00  0.0000e+00
 2.5225e+00  0.0000e+00
 2.5255e+00  0.0000e+00
 2.5285e+00  0.0000e+00
 2.5315e+00  0.0000e+00
 2.5345e+00  0.0000e+00
 2.5375e+00  0.0000e+00
 2.5405e+00  0.0000e+00
 2.5435e+00  0.0000e+00
 2.5465e+00  0.0000e+00
 2.5495e+00  0.0000e+00
 2.5526e+00  0.0000e+00
 2.5556e+00  0.0000e+00
 2.5586e+00  0.0000e+00
 2.5616e+00  0.0000e+00
 2.5646e+00  0.0000e+00
 2.5676e+00  0.0000e+00
 2.5706e+00  0.0000e+00
 2.5736e+00  0.0000e+00
 2.5766e+00  0.0000e+00
 2.5796e+00  0.0000e+00
 2.5826e+00  0.0000e+00
 2.5856e+00  0.0000e+00
 2.5886e+00  0.0000e+00
 2.5916e+00  0.0000e+00
 2.5946e+00  0.0000e+00
 2.5976e+00  0.0000e+00
 2.6006e+00  0.0000e+00
 2.6036e+00  0.0000e+00
 2.6066e+00  0.0000e+00
 2.6096e+00  0.0000e+00
 2.6126e+00  0.0000e+00
 2.6156e+00  0.0000e+00
 2.6186e+00  0.0000e+00
 2.6216e+00  0.0000e+00
 2.6246e+00  0.0000e+00
 2.6276e+00  0.0000e+00
 2.6306e+00  0.0000e+00
 2.6336e+00  0.0000e+00
 2.6366e+00  0.0000e+00
 2.6396e+00  0.0000e+00
 2.6426e+00  0.0000e+00
 2.6456e+00  0.0000e+00
 2.6486e+00  0.0000e+00
 2.6517e+00  0.0000e+00
 2.6547e+00  0.0000e+00
 2.6577e+00  0.0000e+00
 2.6607e+00  0.0000e+00
 2.6637e+00  0.0000e+00
 2.6667e+00  0.0000e+00
 2.6697e+00  0.0000e+00
 2.6727e+00  0.0000e+00
 2.6757e+00  0.0000e+00
 2.6787e+00  0.0000e+00
 2.6817e+00  0.0000e+00
 2.6847e+00  0.0000e+00
 2.6877e+00  0.0000e+00
 2.6907e+00  0.0000e+00
 2.6937e+00  0.0000e+00
 2.6967e+00  0.0000e+00
 2.6997e+00  0.0000e+00
 2.7027e+00  0.0000e+00
 2.7057e+00  0.0000e+00
 2.7087e+00  0.0000e+00
 2.7117e+00  0.0000e+00
 2.7147e+00  0.0000e+00
 2.7177e+00  0.0000e+00
 2.7207e+00  0.0000e+00
 2.7237e+00  0.0000e+00
 2.7267e+00  0.0000e+00
 2.7297e+00  0.0000e+00
 2.7327e+00  0.0000e+00
 2.7357e+00  0.0000e+00
 2.7387e+00  0.0000e+00
 2.7417e+00  0.0000e+00
 2.7447e+00  0.0000e+00
 2.7477e+00  0.0000e+00
 2.7508e+00  0.0000e+00
 2.7538e+00  0.0000e+00
 2.7568e+00  0.0000e+00
 2.7598e+00  0.0000e+00
 2.7628e+00  0.0000e+00
 2.7658e+00  0.0000e+00
 2.7688e+00  0.0000e+00
 2.7718e+00  0.0000e+00
 2.7748e+00  0.0000e+00
 2.7778e+00  0.0000e+00
 2.7808e+00  0.0000e+00
 2.7838e+00  0.0000e+00
 2.7868e+00  0.0000e+00
 2.7898e+00  0.0000e+00
 2.7928e+00  0.0000e+00
 2.7958e+00  0.0000e+00
 2.7988e+00  0.0000e+00
 2.8018e+00  0.0000e+00
 2.8048e+00  0.0000e+00
 2.8078e+00  0.0000e+00
 2.8108e+00  0.0000e+00
 2.8138e+00  0.0000e+00
 2.8168e+00  0.0000e+00
 2.8198e+00  0.0000e+00
 2.8228e+00  0.0000e+00
 2.8258e+00  0.0000e+00
 2.8288e+00  0.0000e+00
 2.8318e+00  0.0000e+00
 2.8348e+00  0.0000e+00
 2.8378e+00  0.0000e+00
 2.8408e+00  0.0000e+00
 2.8438e+00  0.0000e+00
 2.8468e+00  0.0000e+00
 2.8498e+00  0.0000e+00
 2.8529e+00  0.0000e+00
 2.8559e+00  0.0000e+00
 2.8589e+00  0.0000e+00
 2.8619e+00  0.0000e+00
 2.8649e+00  0.0000e+00
 2.8679e+00  0.0000e+00
 2.8709e+00  0.0000e+00
 2.8739e+00  0.0000e+00
 2.8769e+00  0.0000e+00
 2.8799e+00  0.0000e+00
 2.8829e+00  0.0000e+00
 2.8859e+00  0.0000e+00
 2.8889e+00  0.0000e+00
 2.8919e+00  0.0000e+00
 2.8949e+00  0.0000e+00
 2.8979e+00  0.0000e+00
 2.9009e+00  0.0000e+00
 2.9039e+00  0.0000e+00
 2.9069e+00  0.0000e+00
 2.9099e+00  0.0000e+00
 2.9129e+00  0.0000e+00
 2.9159e+00  0.0000e+00
 2.9189e+00  0.0000e+00
 2.9219e+00  0.0000e+00
 2.9249e+00  0.0000e+00
 2.9279e+00  0.0000e+00
 2.9309e+00  0.0000e+00
 2.9339e+00  0.0000e+00
 2.9369e+00  0.0000e+00
 2.9399e+00  0.0000e+00
 2.9429e+00  0.0000e+00
 2.9459e+00  0.0000e+00
 2.9489e+00  0.0000e+00
 2.9520e+00  0.0000e+00
 2.9550e+00  0.0000e+00
 2.9580e+00  0.0000e+00
 2.9610e+00  0.0000e+00
 2.9640e+00  0.0000e+00
 2.9670e+00  0.0000e+00
 2.9700e+00  0.0000e+00
 2.9730e+00  0.0000e+00
 2.9760e+00  0.0000e+00
 2.9790e+00  0.0000e+00
 2.9820e+00  0.0000e+00
 2.9850e+00  0.0000e+00
 2.9880e+00  0.0000e+00
 2.9910e+00  0.0000e+00
 2.9940e+00  0.0000e+00
 2.9970e+00  0.0000e+00
 3.0000e+00  0.0000e+00
