 0.0000e+00  0.0000e+00
 3.0030e-03  0.0000e+00
 6.0060e-03  0.0000e+00
 9.0090e-03  0.0000e+00
 1.2012e-02  0.0000e+00
 1.5015e-02  0.0000e+00
 1.8018e-02  0.0000e+00
 2.1021e-02  0.0000e+00
 2.4024e-02  0.0000e+00
 2.7027e-02  0.0000e+00
 3.0030e-02  0.0000e+00
 3.3033e-02  0.0000e+00
 3.6036e-02  0.0000e+00
 3.9039e-02  0.0000e+00
 4.2042e-02  0.0000e+00
 4.5045e-02  0.0000e+00
 4.8048e-02  0.0000e+00
 5.1051e-02  0.0000e+00
 5.4054e-02  0.0000e+00
 5.7057e-02  0.0000e+00
 6.0060e-02  0.0000e+00
 6.3063e-02  0.0000e+00
 6.6066e-02  0.0000e+00
 6.9069e-02  0.0000e+00
 7.2072e-02  0.0000e+00
 7.5075e-02  0.0000e+00
 7.8078e-02  0.0000e+00
 8.1081e-02  0.0000e+00
 8.4084e-02  0.0000e+00
 8.7087e-02  0.0000e+00
 9.0090e-02  0.0000e+00
 9.3093e-02  0.0000e+00
 9.6096e-02  0.0000e+00
 9.9099e-02  0.0000e+00
 1.0210e-01  0.0000e+00
 1.0511e-01  0.0000e+00
 1.0811e-01  0.0000e+00
 1.1111e-01  0.0000e+00
 1.1411e-01  0.0000e+00
 1.1712e-01  0.0000e+00
 1.2012e-01  0.0000e+00
 1.2312e-01  0.0000e+00
 1.2613e-01  0.0000e+00
 1.2913e-01  0.0000e+00
 1.3213e-01  0.0000e+00
 1.3514e-01  0.0000e+00
 1.3814e-01  0.0000e+00
 1.4114e-01  0.0000e+00
 1.4414e-01  0.0000e+00
 1.4715e-01  0.0000e+00
 1.5015e-01  0.0000e+00
 1.5315e-01  0.0000e+00
 1.5616e-01  0.0000e+00
 1.5916e-01  0.0000e+00
 1.6216e-01  0.0000e+00
 1.6517e-01  0.0000e+00
 1.6817e-01  0.0000e+00
 1.7117e-01  0.0000e+00
 1.7417e-01  0.0000e+00
 1.7718e-01  0.0000e+00
 1.8018e-01  0.0000e+00
 1.8318e-01  0.0000e+00
 1.8619e-01  0.0000e+00
 1.8919e-01  0.0000e+00
 1.9219e-01  0.0000e+00
 1.9520e-01  0.0000e+00
 1.9820e-01  0.0000e+00
 2.0120e-01  0.0000e+00
 2.0420e-01  0.0000e+00
 2.0721e-01  0.0000e+00
 2.1021e-01  0.0000e+00
 2.1321e-01  0.0000e+00
 2.1622e-01  0.0000e+00
 2.1922e-01  0.0000e+00
 2.2222e-01  0.0000e+00
 2.2523e-01  0.0000e+00
 2.2823e-01  0.0000e+00
 2.3123e-01  0.0000e+00
 2.3423e-01  0.0000e+00
 2.3724e-01  0.0000e+00
 2.4024e-01  0.0000e+00
 2.4324e-01  0.0000e+00
 2.4625e-01  0.0000e+00
 2.4925e-01  0.0000e+00
 2.5225e-01  0.0000e+00
 2.5526e-01  0.0000e+00
 2.5826e-01  0.0000e+00
 2.6126e-01  0.0000e+00
 2.6426e-01  0.0000e+00
 2.6727e-01  0.0000e+00
 2.7027e-01  0.0000e+00
 2.7327e-01  0.0000e+00
 2.7628e-01  0.0000e+00
 2.7928e-01  0.0000e+00
 2.8228e-01  0.0000e+00
 2.8529e-01  0.0000e+00
 2.8829e-01  0.0000e+00
 2.9129e-01  0.0000e+00
 2.9429e-01  0.0000e+00
 2.9730e-01  0.0000e+00
 3.0030e-01  0.0000e+00
 3.0330e-01  0.0000e+00
 3.0631e-01  0.0000e+00
 3.0931e-01  0.0000e+00
 3.1231e-01  0.0000e+00
 3.1532e-01  0.0000e+00
 3.1832e-01  0.0000e+00
 3.2132e-01  0.0000e+00
 3.2432e-01  0.0000e+00
 3.2733e-01  0.0000e+00
 3.3033e-01  0.0000e+00
 3.3333e-01  0.0000e+00
 3.3634e-01  0.0000e+00
 3.3934e-01  0.0000e+00
 3.4234e-01  0.0000e+00
 3.4535e-01  0.0000e+00
 3.4835e-01  0.0000e+00
 3.5135e-01  0.0000e+00
 3.5435e-01  0.0000e+00
 3.5736e-01  0.0000e+00
 3.6036e-01  0.0000e+00
 3.6336e-01  0.0000e+00
 3.6637e-01  0.0000e+00
 3.6937e-01  0.0000e+00
 3.7237e-01  0.0000e+00
 3.7538e-01  0.0000e+00
 3.7838e-01  0.0000e+00
 3.8138e-01  0.0000e+00
 3.8438e-01  0.0000e+00
 3.8739e-01  0.0000e+00
 3.9039e-01  0.0000e+00
 3.9339e-01  0.0000e+00
 3.9640e-01  0.0000e+00
 3.9940e-01  0.0000e+00
 4.0240e-01  0.0000e+00
 4.0541e-01  0.0000e+00
 4.0841e-01  0.0000e+00
 4.1141e-01  0.0000e+00
 4.1441e-01  0.0000e+00
 4.1742e-01  0.0000e+00
 4.2042e-01  1.0910e-04
 4.2342e-01  1.7220e-03
 4.2643e-01  4.7732e-03
 4.2943e-01  9.1728e-03
 4.3243e-01  1.4827e-02
 4.3544e-01  2.1640e-02
 4.3844e-01  2.9514e-02
 4.4144e-01  3.8357e-02
 4.4444e-01  4.8071e-02
 4.4745e-01  5.8565e-02
 4.5045e-01  6.9754e-02
 4.5345e-01  8.1550e-02
 4.5646e-01  9.3876e-02
 4.5946e-01  1.0666e-01
 4.6246e-01  1.1983e-01
 4.6547e-01  1.3331e-01
 4.6847e-01  1.4706e-01
 4.7147e-01  1.6102e-01
 4.7447e-01  1.7513e-01
 4.7748e-01  1.8936e-01
 4.8048e-01  2.0365e-01
 4.8348e-01  2.1797e-01
 4.8649e-01  2.3229e-01
 4.8949e-01  2.4659e-01
 4.9249e-01  2.6082e-01
 4.9550e-01  2.7497e-01
 4.9850e-01  2.8902e-01
 5.0150e-01  3.0295e-01
 5.0450e-01  3.1674e-01
 5.0751e-01  3.3039e-01
 5.1051e-01  3.4387e-01
 5.1351e-01  3.5718e-01
 5.1652e-01  3.7030e-01
 5.1952e-01  3.8325e-01
 5.2252e-01  3.9597e-01
 5.2553e-01  4.0852e-01
 5.2853e-01  4.2087e-01
 5.3153e-01  4.3301e-01
 5.3453e-01  4.4492e-01
 5.3754e-01  4.7648e-01
 5.4054e-01  4.8789e-01
 5.4354e-01  4.9914e-01
 5.4655e-01  5.1020e-01
 5.4955e-01  5.2113e-01
 5.5255e-01  5.3131e-01
 5.5556e-01  5.4152e-01
 5.5856e-01  5.5168e-01
 5.6156e-01  5.6143e-01
 5.6456e-01  5.7127e-01
 5.6757e-01  5.8073e-01
 5.7057e-01  5.8998e-01
 5.7357e-01  5.9981e-01
 5.7658e-01  6.0695e-01
 5.7958e-01  6.1683e-01
 5.8258e-01  6.2478e-01
 5.8559e-01  6.3328e-01
 5.8859e-01  6.4039e-01
 5.9159e-01  6.4944e-01
 5.9459e-01  6.5575e-01
 5.9760e-01  6.6382e-01
 6.0060e-01  6.7100e-01
 6.0360e-01  6.7870e-01
 6.0661e-01  6.8547e-01
 6.0961e-01  6.9157e-01
 6.1261e-01  6.9827e-01
 6.1562e-01  7.0522e-01
 6.1862e-01  7.1118e-01
 6.2162e-01  7.1751e-01
 6.2462e-01  7.2335e-01
 6.2763e-01  7.2921e-01
 6.3063e-01  7.3541e-01
 6.3363e-01  7.4103e-01
 6.3664e-01  7.4626e-01
 6.3964e-01  7.5179e-01
 6.4264e-01  7.5706e-01
 6.4565e-01  7.6195e-01
 6.4865e-01  7.6690e-01
 6.5165e-01  7.7188e-01
 6.5465e-01  7.7650e-01
 6.5766e-01  7.8125e-01
 6.6066e-01  7.8575e-01
 6.6366e-01  7.9003e-01
 6.6667e-01  7.9434e-01
 6.6967e-01  7.9858e-01
 6.7267e-01  8.0269e-01
 6.7568e-01  8.0662e-01
 6.7868e-01  8.1051e-01
 6.8168e-01  8.1437e-01
 6.8468e-01  8.1807e-01
 6.8769e-01  8.2170e-01
 6.9069e-01  8.2523e-01
 6.9369e-01  8.2868e-01
 6.9670e-01  8.3205e-01
 6.9970e-01  8.3530e-01
 7.0270e-01  8.3853e-01
 7.0571e-01  8.4165e-01
 7.0871e-01  8.4470e-01
 7.1171e-01  8.4770e-01
 7.1471e-01  8.5059e-01
 7.1772e-01  8.5343e-01
 7.2072e-01  8.5621e-01
 7.2372e-01  8.5890e-01
 7.2673e-01  8.6154e-01
 7.2973e-01  8.6412e-01
 7.3273e-01  8.6664e-01
 7.3574e-01  8.6909e-01
 7.3874e-01  8.7149e-01
 7.4174e-01  8.7382e-01
 7.4474e-01  8.7610e-01
 7.4775e-01  8.7834e-01
 7.5075e-01  8.8052e-01
 7.5375e-01  8.8265e-01
 7.5676e-01  8.8474e-01
 7.5976e-01  8.8678e-01
 7.6276e-01  8.8879e-01
 7.6577e-01  8.9078e-01
 7.6877e-01  8.9277e-01
 7.7177e-01  8.9481e-01
 7.7477e-01  8.9707e-01
 7.7778e-01  9.0000e-01
 7.8078e-01  9.0482e-01
 7.8378e-01  9.1127e-01
 7.8679e-01  9.1552e-01
 7.8979e-01  9.1793e-01
 7.9279e-01  9.1969e-01
 7.9580e-01  9.2120e-01
 7.9880e-01  9.2258e-01
 8.0180e-01  9.2453e-01
 8.0480e-01  9.2686e-01
 8.0781e-01  9.2911e-01
 8.1081e-01  9.3129e-01
 8.1381e-01  9.3340e-01
 8.1682e-01  9.3543e-01
 8.1982e-01  9.3739e-01
 8.2282e-01  9.3927e-01
 8.2583e-01  9.4107e-01
 8.2883e-01  9.4280e-01
 8.3183e-01  9.4445e-01
 8.3483e-01  9.4603e-01
 8.3784e-01  9.4754e-01
 8.4084e-01  9.4899e-01
 8.4384e-01  9.5037e-01
 8.4685e-01  9.5168e-01
 8.4985e-01  9.5294e-01
 8.5285e-01  9.5414e-01
 8.5586e-01  9.5529e-01
 8.5886e-01  9.5639e-01
 8.6186e-01  9.5744e-01
 8.6486e-01  9.5845e-01
 8.6787e-01  9.5942e-01
 8.7087e-01  9.6035e-01
 8.7387e-01  9.6125e-01
 8.7688e-01  9.6211e-01
 8.7988e-01  9.6294e-01
 8.8288e-01  9.6375e-01
 8.8589e-01  9.6454e-01
 8.8889e-01  9.6530e-01
 8.9189e-01  9.6592e-01
 8.9489e-01  9.6699e-01
 8.9790e-01  9.6802e-01
 9.0090e-01  9.6899e-01
 9.0390e-01  9.6992e-01
 9.0691e-01  9.7081e-01
 9.0991e-01  9.7166e-01
 9.1291e-01  9.7248e-01
 9.1592e-01  9.7326e-01
 9.1892e-01  9.7401e-01
 9.2192e-01  9.7473e-01
 9.2492e-01  9.7542e-01
 9.2793e-01  9.7608e-01
 9.3093e-01  9.7672e-01
 9.3393e-01  9.7732e-01
 9.3694e-01  9.7790e-01
 9.3994e-01  9.7844e-01
 9.4294e-01  9.7896e-01
 9.4595e-01  9.7944e-01
 9.4895e-01  9.7990e-01
 9.5195e-01  9.8032e-01
 9.5495e-01  9.8070e-01
 9.5796e-01  9.8105e-01
 9.6096e-01  9.8135e-01
 9.6396e-01  9.8160e-01
 9.6697e-01  9.8180e-01
 9.6997e-01  9.8194e-01
 9.7297e-01  9.8200e-01
 9.7598e-01  9.8197e-01
 9.7898e-01  9.8181e-01
 9.8198e-01  9.8150e-01
 9.8498e-01  9.8097e-01
 9.8799e-01  9.8013e-01
 9.9099e-01  9.6102e-01
 9.9399e-01  8.8958e-01
 9.9700e-01  7.2715e-01
 1.0000e+00  4.7087e-01
 1.0030e+00  2.0725e-01
 1.0060e+00  4.1236e-02
 1.0090e+00 -1.2360e-02
 1.0120e+00  2.9244e-03
 1.0150e+00  4.8622e-02
 1.0180e+00  1.1735e-01
 1.0210e+00  1.9133e-01
 1.0240e+00  2.2799e-01
 1.0270e+00  2.6906e-01
 1.0300e+00  3.0853e-01
 1.0330e+00  3.4480e-01
 1.0360e+00  3.7762e-01
 1.0390e+00  4.0705e-01
 1.0420e+00  4.3331e-01
 1.0450e+00  4.5660e-01
 1.0480e+00  4.7712e-01
 1.0511e+00  4.9510e-01
 1.0541e+00  5.1074e-01
 1.0571e+00  5.2420e-01
 1.0601e+00  5.3574e-01
 1.0631e+00  5.4552e-01
 1.0661e+00  5.5375e-01
 1.0691e+00  5.6064e-01
 1.0721e+00  5.6639e-01
 1.0751e+00  5.7121e-01
 1.0781e+00  5.7534e-01
 1.0811e+00  5.7894e-01
 1.0841e+00  5.8227e-01
 1.0871e+00  5.8554e-01
 1.0901e+00  5.8896e-01
 1.0931e+00  5.9264e-01
 1.0961e+00  5.9660e-01
 1.0991e+00  6.0084e-01
 1.1021e+00  6.0535e-01
 1.1051e+00  6.1013e-01
 1.1081e+00  6.1516e-01
 1.1111e+00  6.2037e-01
 1.1141e+00  6.2574e-01
 1.1171e+00  6.3122e-01
 1.1201e+00  6.3673e-01
 1.1231e+00  6.4223e-01
 1.1261e+00  6.4759e-01
 1.1291e+00  6.5277e-01
 1.1321e+00  6.5768e-01
 1.1351e+00  6.6217e-01
 1.1381e+00  6.6618e-01
 1.1411e+00  6.6959e-01
 1.1441e+00  6.7244e-01
 1.1471e+00  6.7476e-01
 1.1502e+00  6.7656e-01
 1.1532e+00  6.7790e-01
 1.1562e+00  6.7882e-01
 1.1592e+00  6.7937e-01
 1.1622e+00  6.7960e-01
 1.1652e+00  6.7956e-01
 1.1682e+00  6.7930e-01
 1.1712e+00  6.7888e-01
 1.1742e+00  6.7836e-01
 1.1772e+00  6.7780e-01
 1.1802e+00  6.7725e-01
 1.1832e+00  6.7679e-01
 1.1862e+00  6.7647e-01
 1.1892e+00  6.7638e-01
 1.1922e+00  6.7653e-01
 1.1952e+00  6.7692e-01
 1.1982e+00  6.7752e-01
 1.2012e+00  6.7834e-01
 1.2042e+00  6.7934e-01
 1.2072e+00  6.8049e-01
 1.2102e+00  6.8178e-01
 1.2132e+00  6.8317e-01
 1.2162e+00  6.8464e-01
 1.2192e+00  6.8615e-01
 1.2222e+00  6.8769e-01
 1.2252e+00  6.8921e-01
 1.2282e+00  6.9069e-01
 1.2312e+00  6.9208e-01
 1.2342e+00  6.9337e-01
 1.2372e+00  6.9450e-01
 1.2402e+00  6.9546e-01
 1.2432e+00  6.9624e-01
 1.2462e+00  6.9686e-01
 1.2492e+00  6.9734e-01
 1.2523e+00  6.9769e-01
 1.2553e+00  6.9793e-01
 1.2583e+00  6.9809e-01
 1.2613e+00  6.9818e-01
 1.2643e+00  6.9821e-01
 1.2673e+00  6.9823e-01
 1.2703e+00  6.9823e-01
 1.2733e+00  6.9824e-01
 1.2763e+00  6.9829e-01
 1.2793e+00  6.9840e-01
 1.2823e+00  6.9859e-01
 1.2853e+00  6.9887e-01
 1.2883e+00  6.9927e-01
 1.2913e+00  6.9983e-01
 1.2943e+00  7.0048e-01
 1.2973e+00  7.0124e-01
 1.3003e+00  7.0207e-01
 1.3033e+00  7.0294e-01
 1.3063e+00  7.0385e-01
 1.3093e+00  7.0475e-01
 1.3123e+00  7.0565e-01
 1.3153e+00  7.0652e-01
 1.3183e+00  7.0733e-01
 1.3213e+00  7.0807e-01
 1.3243e+00  7.0869e-01
 1.3273e+00  7.0922e-01
 1.3303e+00  7.0958e-01
 1.3333e+00  7.0977e-01
 1.3363e+00  7.0977e-01
 1.3393e+00  7.0954e-01
 1.3423e+00  7.0910e-01
 1.3453e+00  7.0843e-01
 1.3483e+00  7.0758e-01
 1.3514e+00  7.0655e-01
 1.3544e+00  7.0537e-01
 1.3574e+00  7.0405e-01
 1.3604e+00  7.0263e-01
 1.3634e+00  7.0112e-01
 1.3664e+00  6.9953e-01
 1.3694e+00  6.9790e-01
 1.3724e+00  6.9626e-01
 1.3754e+00  6.9460e-01
 1.3784e+00  6.9297e-01
 1.3814e+00  6.9141e-01
 1.3844e+00  6.8992e-01
 1.3874e+00  6.8853e-01
 1.3904e+00  6.8727e-01
 1.3934e+00  6.8613e-01
 1.3964e+00  6.8515e-01
 1.3994e+00  6.8427e-01
 1.4024e+00  6.7999e-01
 1.4054e+00  6.7662e-01
 1.4084e+00  6.7325e-01
 1.4114e+00  6.6992e-01
 1.4144e+00  6.6662e-01
 1.4174e+00  6.6340e-01
 1.4204e+00  6.6030e-01
 1.4234e+00  6.5734e-01
 1.4264e+00  6.5453e-01
 1.4294e+00  6.5193e-01
 1.4324e+00  6.4954e-01
 1.4354e+00  6.4744e-01
 1.4384e+00  6.4560e-01
 1.4414e+00  6.4411e-01
 1.4444e+00  6.4298e-01
 1.4474e+00  6.4227e-01
 1.4505e+00  6.4201e-01
 1.4535e+00  6.4224e-01
 1.4565e+00  6.4295e-01
 1.4595e+00  6.4407e-01
 1.4625e+00  6.4560e-01
 1.4655e+00  6.4750e-01
 1.4685e+00  6.4972e-01
 1.4715e+00  6.5221e-01
 1.4745e+00  6.5497e-01
 1.4775e+00  6.4671e-01
 1.4805e+00  6.4792e-01
 1.4835e+00  6.5135e-01
 1.4865e+00  6.5483e-01
 1.4895e+00  6.5832e-01
 1.4925e+00  6.6179e-01
 1.4955e+00  6.6517e-01
 1.4985e+00  6.6840e-01
 1.5015e+00  6.7090e-01
 1.5045e+00  6.7266e-01
 1.5075e+00  6.7421e-01
 1.5105e+00  6.7553e-01
 1.5135e+00  6.7666e-01
 1.5165e+00  6.7759e-01
 1.5195e+00  6.7835e-01
 1.5225e+00  6.7893e-01
 1.5255e+00  6.7934e-01
 1.5285e+00  6.7960e-01
 1.5315e+00  6.7972e-01
 1.5345e+00  6.7970e-01
 1.5375e+00  6.7957e-01
 1.5405e+00  6.7932e-01
 1.5435e+00  6.7896e-01
 1.5465e+00  6.7850e-01
 1.5495e+00  6.7796e-01
 1.5526e+00  6.7733e-01
 1.5556e+00  6.7662e-01
 1.5586e+00  6.7582e-01
 1.5616e+00  6.7493e-01
 1.5646e+00  6.7394e-01
 1.5676e+00  6.7286e-01
 1.5706e+00  6.7165e-01
 1.5736e+00  6.7034e-01
 1.5766e+00  6.6890e-01
 1.5796e+00  6.6734e-01
 1.5826e+00  6.6564e-01
 1.5856e+00  6.6380e-01
 1.5886e+00  6.6180e-01
 1.5916e+00  6.5964e-01
 1.5946e+00  6.5733e-01
 1.5976e+00  6.5487e-01
 1.6006e+00  6.5228e-01
 1.6036e+00  6.4955e-01
 1.6066e+00  6.4670e-01
 1.6096e+00  6.4373e-01
 1.6126e+00  6.4067e-01
 1.6156e+00  6.3750e-01
 1.6186e+00  6.3426e-01
 1.6216e+00  6.3094e-01
 1.6246e+00  6.2756e-01
 1.6276e+00  6.2412e-01
 1.6306e+00  6.2064e-01
 1.6336e+00  6.1712e-01
 1.6366e+00  6.1083e-01
 1.6396e+00  6.0025e-01
 1.6426e+00  5.8944e-01
 1.6456e+00  5.7836e-01
 1.6486e+00  5.6700e-01
 1.6517e+00  5.5538e-01
 1.6547e+00  5.4350e-01
 1.6577e+00  5.3143e-01
 1.6607e+00  5.1921e-01
 1.6637e+00  5.0691e-01
 1.6667e+00  4.9458e-01
 1.6697e+00  4.8226e-01
 1.6727e+00  4.7002e-01
 1.6757e+00  4.5791e-01
 1.6787e+00  4.4597e-01
 1.6817e+00  4.3426e-01
 1.6847e+00  4.2283e-01
 1.6877e+00  4.1174e-01
 1.6907e+00  4.0103e-01
 1.6937e+00  3.9077e-01
 1.6967e+00  3.8102e-01
 1.6997e+00  3.7185e-01
 1.7027e+00  3.6329e-01
 1.7057e+00  3.5535e-01
 1.7087e+00  3.4796e-01
 1.7117e+00  3.3906e-01
 1.7147e+00  3.2990e-01
 1.7177e+00  3.2115e-01
 1.7207e+00  3.1278e-01
 1.7237e+00  3.0479e-01
 1.7267e+00  2.9716e-01
 1.7297e+00  2.8988e-01
 1.7327e+00  2.8294e-01
 1.7357e+00  2.7633e-01
 1.7387e+00  2.7004e-01
 1.7417e+00  2.6405e-01
 1.7447e+00  2.5837e-01
 1.7477e+00  2.5297e-01
 1.7508e+00  2.4785e-01
 1.7538e+00  2.4301e-01
 1.7568e+00  2.3843e-01
 1.7598e+00  2.3410e-01
 1.7628e+00  2.3002e-01
 1.7658e+00  2.2618e-01
 1.7688e+00  2.2258e-01
 1.7718e+00  2.1920e-01
 1.7748e+00  2.1605e-01
 1.7778e+00  2.1311e-01
 1.7808e+00  2.1038e-01
 1.7838e+00  2.0786e-01
 1.7868e+00  2.0554e-01
 1.7898e+00  2.0342e-01
 1.7928e+00  2.0148e-01
 1.7958e+00  1.9974e-01
 1.7988e+00  1.9817e-01
 1.8018e+00  1.9679e-01
 1.8048e+00  1.9558e-01
 1.8078e+00  1.9452e-01
 1.8108e+00  1.9362e-01
 1.8138e+00  1.9286e-01
 1.8168e+00  1.9221e-01
 1.8198e+00  1.9169e-01
 1.8228e+00  1.9126e-01
 1.8258e+00  1.9093e-01
 1.8288e+00  1.9069e-01
 1.8318e+00  1.9052e-01
 1.8348e+00  1.9041e-01
 1.8378e+00  1.9035e-01
 1.8408e+00  1.9034e-01
 1.8438e+00  1.9036e-01
 1.8468e+00  1.9040e-01
 1.8498e+00  1.9046e-01
 1.8529e+00  1.9052e-01
 1.8559e+00  1.9056e-01
 1.8589e+00  1.9060e-01
 1.8619e+00  1.8644e-01
 1.8649e+00  1.8394e-01
 1.8679e+00  1.8216e-01
 1.8709e+00  1.8066e-01
 1.8739e+00  1.7930e-01
 1.8769e+00  1.7801e-01
 1.8799e+00  1.7674e-01
 1.8829e+00  1.7546e-01
 1.8859e+00  1.7416e-01
 1.8889e+00  1.7281e-01
 1.8919e+00  1.7138e-01
 1.8949e+00  1.6988e-01
 1.8979e+00  1.6829e-01
 1.9009e+00  1.6659e-01
 1.9039e+00  1.6479e-01
 1.9069e+00  1.6286e-01
 1.9099e+00  1.6080e-01
 1.9129e+00  1.5860e-01
 1.9159e+00  1.5626e-01
 1.9189e+00  1.5377e-01
 1.9219e+00  1.5112e-01
 1.9249e+00  1.4832e-01
 1.9279e+00  1.4535e-01
 1.9309e+00  1.4221e-01
 1.9339e+00  1.3891e-01
 1.9369e+00  1.3544e-01
 1.9399e+00  1.3180e-01
 1.9429e+00  1.2799e-01
 1.9459e+00  1.2402e-01
 1.9489e+00  1.1988e-01
 1.9520e+00  1.1558e-01
 1.9550e+00  1.1113e-01
 1.9580e+00  1.0654e-01
 1.9610e+00  1.0180e-01
 1.9640e+00  9.6940e-02
 1.9670e+00  9.1962e-02
 1.9700e+00  8.6878e-02
 1.9730e+00  8.1705e-02
 1.9760e+00  7.6457e-02
 1.9790e+00  7.1152e-02
 1.9820e+00  6.5814e-02
 1.9850e+00  6.0462e-02
 1.9880e+00  5.5122e-02
 1.9910e+00  4.9816e-02
 1.9940e+00  4.4575e-02
 1.9970e+00  3.9429e-02
 2.0000e+00  3.4414e-02
 2.0030e+00  3.4370e-02
 2.0060e+00  3.4327e-02
 2.0090e+00  3.4284e-02
 2.0120e+00  3.4242e-02
 2.0150e+00  3.4201e-02
 2.0180e+00  3.4161e-02
 2.0210e+00  3.4121e-02
 2.0240e+00  3.4082e-02
 2.0270e+00  3.4044e-02
 2.0300e+00  3.4007e-02
 2.0330e+00  3.3970e-02
 2.0360e+00  3.3934e-02
 2.0390e+00  3.3898e-02
 2.0420e+00  3.3863e-02
 2.0450e+00  3.3828e-02
 2.0480e+00  3.3794e-02
 2.0511e+00  3.3761e-02
 2.0541e+00  3.3728e-02
 2.0571e+00  3.3696e-02
 2.0601e+00  3.3664e-02
 2.0631e+00  3.3633e-02
 2.0661e+00  3.3602e-02
 2.0691e+00  3.3572e-02
 2.0721e+00  3.3542e-02
 2.0751e+00  3.3512e-02
 2.0781e+00  3.3483e-02
 2.0811e+00  3.3455e-02
 2.0841e+00  3.3426e-02
 2.0871e+00  3.3399e-02
 2.0901e+00  3.3371e-02
 2.0931e+00  3.3344e-02
 2.0961e+00  3.3318e-02
 2.0991e+00  3.3291e-02
 2.1021e+00  3.3265e-02
 2.1051e+00  3.3240e-02
 2.1081e+00  3.3215e-02
 2.1111e+00  3.3190e-02
 2.1141e+00  3.3165e-02
 2.1171e+00  3.3141e-02
 2.1201e+00  3.3117e-02
 2.1231e+00  3.3094e-02
 2.1261e+00  3.3071e-02
 2.1291e+00  3.3048e-02
 2.1321e+00  3.3025e-02
 2.1351e+00  3.3003e-02
 2.1381e+00  3.2981e-02
 2.1411e+00  3.2959e-02
 2.1441e+00  3.2937e-02
 2.1471e+00  3.2916e-02
 2.1502e+00  3.2895e-02
 2.1532e+00  3.2874e-02
 2.1562e+00  3.2854e-02
 2.1592e+00  3.2834e-02
 2.1622e+00  3.2814e-02
 2.1652e+00  3.2794e-02
 2.1682e+00  3.2774e-02
 2.1712e+00  3.2755e-02
 2.1742e+00  3.2736e-02
 2.1772e+00  3.2717e-02
 2.1802e+00  3.2699e-02
 2.1832e+00  3.2680e-02
 2.1862e+00  3.2662e-02
 2.1892e+00  3.2644e-02
 2.1922e+00  3.2626e-02
 2.1952e+00  3.2609e-02
 2.1982e+00  3.2592e-02
 2.2012e+00  3.2574e-02
 2.2042e+00  3.2557e-02
 2.2072e+00  3.2541e-02
 2.2102e+00  3.2524e-02
 2.2132e+00  3.2508e-02
 2.2162e+00  3.2491e-02
 2.2192e+00  3.2475e-02
 2.2222e+00  3.2460e-02
 2.2252e+00  3.2444e-02
 2.2282e+00  3.2428e-02
 2.2312e+00  3.2413e-02
 2.2342e+00  3.2398e-02
 2.2372e+00  3.2383e-02
 2.2402e+00  3.2368e-02
 2.2432e+00  3.2353e-02
 2.2462e+00  3.2339e-02
 2.2492e+00  3.2324e-02
 2.2523e+00  3.2310e-02
 2.2553e+00  3.2296e-02
 2.2583e+00  3.2282e-02
 2.2613e+00  3.2268e-02
 2.2643e+00  3.2254e-02
 2.2673e+00  3.2241e-02
 2.2703e+00  3.2227e-02
 2.2733e+00  3.2214e-02
 2.2763e+00  3.2201e-02
 2.2793e+00  3.2188e-02
 2.2823e+00  3.2175e-02
 2.2853e+00  3.2162e-02
 2.2883e+00  3.2150e-02
 2.2913e+00  3.2137e-02
 2.2943e+00  3.2125e-02
 2.2973e+00  3.2112e-02
 2.3003e+00  3.2100e-02
 2.3033e+00  3.2088e-02
 2.3063e+00  3.2076e-02
 2.3093e+00  3.2065e-02
 2.3123e+00  3.2053e-02
 2.3153e+00  3.2041e-02
 2.3183e+00  3.2030e-02
 2.3213e+00  3.2019e-02
 2.3243e+00  3.2007e-02
 2.3273e+00  3.1996e-02
 2.3303e+00  3.1985e-02
 2.3333e+00  3.1974e-02
 2.3363e+00  3.1963e-02
 2.3393e+00  3.1953e-02
 2.3423e+00  3.1942e-02
 2.3453e+00  3.1932e-02
 2.3483e+00  3.1921e-02
 2.3514e+00  3.1911e-02
 2.3544e+00  3.1901e-02
 2.3574e+00  3.1890e-02
 2.3604e+00  3.1880e-02
 2.3634e+00  3.1870e-02
 2.3664e+00  3.1861e-02
 2.3694e+00  3.1851e-02
 2.3724e+00  3.1841e-02
 2.3754e+00  3.1831e-02
 2.3784e+00  3.1822e-02
 2.3814e+00  3.1812e-02
 2.3844e+00  3.1803e-02
 2.3874e+00  3.1794e-02
 2.3904e+00  3.1785e-02
 2.3934e+00  3.1775e-02
 2.3964e+00  3.1766e-02
 2.3994e+00  3.1758e-02
 2.4024e+00  3.1749e-02
 2.4054e+00  3.1740e-02
 2.4084e+00  3.1731e-02
 2.4114e+00  3.1722e-02
 2.4144e+00  3.1714e-02
 2.4174e+00  3.1705e-02
 2.4204e+00  3.1697e-02
 2.4234e+00  3.1689e-02
 2.4264e+00  3.1680e-02
 2.4294e+00  3.1672e-02
 2.4324e+00  3.1664e-02
 2.4354e+00  3.1656e-02
 2.4384e+00  3.1648e-02
 2.4414e+00  3.1640e-02
 2.4444e+00  3.1632e-02
 2.4474e+00  3.1624e-02
 2.4505e+00  3.1616e-02
 2.4535e+00  3.1609e-02
 2.4565e+00  3.1601e-02
 2.4595e+00  3.1594e-02
 2.4625e+00  3.1586e-02
 2.4655e+00  3.1579e-02
 2.4685e+00  3.1571e-02
 2.4715e+00  3.1564e-02
 2.4745e+00  3.1557e-02
 2.4775e+00  3.1549e-02
 2.4805e+00  3.1542e-02
 2.4835e+00  3.1535e-02
 2.4865e+00  3.1528e-02
 2.4895e+00  3.1521e-02
 2.4925e+00  3.1514e-02
 2.4955e+00  3.1507e-02
 2.4985e+00  3.1501e-02
 2.5015e+00  3.1494e-02
 2.5045e+00  3.1487e-02
 2.5075e+00  3.1481e-02
 2.5105e+00  3.1474e-02
 2.5135e+00  3.1467e-02
 2.5165e+00  3.1461e-02
 2.5195e+00  3.1454e-02
 2.5225e+00  3.1448e-02
 2.5255e+00  3.1442e-02
 2.5285e+00  3.1435e-02
 2.5315e+00  3.1429e-02
 2.5345e+00  3.1423e-02
 2.5375e+00  3.1417e-02
 2.5405e+00  3.1161e-02
 2.5435e+00  3.0775e-02
 2.5465e+00  3.0551e-02
 2.5495e+00  3.0376e-02
 2.5526e+00  3.0229e-02
 2.5556e+00  3.0100e-02
 2.5586e+00  2.9984e-02
 2.5616e+00  2.9878e-02
 2.5646e+00  2.9780e-02
 2.5676e+00  2.9688e-02
 2.5706e+00  2.9602e-02
 2.5736e+00  2.9521e-02
 2.5766e+00  2.9444e-02
 2.5796e+00  2.9371e-02
 2.5826e+00  2.9300e-02
 2.5856e+00  2.9233e-02
 2.5886e+00  2.9169e-02
 2.5916e+00  2.9107e-02
 2.5946e+00  2.9047e-02
 2.5976e+00  2.8989e-02
 2.6006e+00  2.8933e-02
 2.6036e+00  2.8878e-02
 2.6066e+00  2.8826e-02
 2.6096e+00  2.8775e-02
 2.6126e+00  2.8725e-02
 2.6156e+00  2.8677e-02
 2.6186e+00  2.8629e-02
 2.6216e+00  2.8584e-02
 2.6246e+00  2.8539e-02
 2.6276e+00  2.8495e-02
 2.6306e+00  2.8452e-02
 2.6336e+00  2.8411e-02
 2.6366e+00  2.8370e-02
 2.6396e+00  2.8330e-02
 2.6426e+00  2.8291e-02
 2.6456e+00  2.8253e-02
 2.6486e+00  2.8215e-02
 2.6517e+00  2.8179e-02
 2.6547e+00  2.8143e-02
 2.6577e+00  2.8107e-02
 2.6607e+00  2.8073e-02
 2.6637e+00  2.8038e-02
 2.6667e+00  2.8005e-02
 2.6697e+00  2.7972e-02
 2.6727e+00  2.7940e-02
 2.6757e+00  2.7908e-02
 2.6787e+00  2.7877e-02
 2.6817e+00  2.7847e-02
 2.6847e+00  2.7816e-02
 2.6877e+00  2.7787e-02
 2.6907e+00  2.7758e-02
 2.6937e+00  2.7729e-02
 2.6967e+00  2.7701e-02
 2.6997e+00  2.7673e-02
 2.7027e+00  2.7645e-02
 2.7057e+00  2.7618e-02
 2.7087e+00  2.7592e-02
 2.7117e+00  2.7566e-02
 2.7147e+00  2.7540e-02
 2.7177e+00  2.7514e-02
 2.7207e+00  2.7489e-02
 2.7237e+00  2.7464e-02
 2.7267e+00  2.7440e-02
 2.7297e+00  2.7416e-02
 2.7327e+00  2.7392e-02
 2.7357e+00  2.7369e-02
 2.7387e+00  2.7346e-02
 2.7417e+00  2.7323e-02
 2.7447e+00  2.7300e-02
 2.7477e+00  2.7278e-02
 2.7508e+00  2.7256e-02
 2.7538e+00  2.7234e-02
 2.7568e+00  2.7213e-02
 2.7598e+00  2.7192e-02
 2.7628e+00  2.7171e-02
 2.7658e+00  2.7150e-02
 2.7688e+00  2.7130e-02
 2.7718e+00  2.7110e-02
 2.7748e+00  2.7090e-02
 2.7778e+00  2.7070e-02
 2.7808e+00  2.7051e-02
 2.7838e+00  2.7031e-02
 2.7868e+00  2.7012e-02
 2.7898e+00  2.6994e-02
 2.7928e+00  2.6975e-02
 2.7958e+00  2.6957e-02
 2.7988e+00  2.6938e-02
 2.8018e+00  2.6921e-02
 2.8048e+00  2.6903e-02
 2.8078e+00  2.6885e-02
 2.8108e+00  2.6868e-02
 2.8138e+00  2.6851e-02
 2.8168e+00  2.6834e-02
 2.8198e+00  2.6817e-02
 2.8228e+00  2.6800e-02
 2.8258e+00  2.6784e-02
 2.8288e+00  2.6767e-02
 2.8318e+00  2.6751e-02
 2.8348e+00  2.6735e-02
 2.8378e+00  2.6719e-02
 2.8408e+00  2.6704e-02
 2.8438e+00  2.6688e-02
 2.8468e+00  2.6673e-02
 2.8498e+00  2.6658e-02
 2.8529e+00  2.6643e-02
 2.8559e+00  2.6628e-02
 2.8589e+00  2.6613e-02
 2.8619e+00  2.6599e-02
 2.8649e+00  2.6584e-02
 2.8679e+00  2.6570e-02
 2.8709e+00  2.6556e-02
 2.8739e+00  2.6542e-02
 2.8769e+00  2.6528e-02
 2.8799e+00  2.6514e-02
 2.8829e+00  2.6500e-02
 2.8859e+00  2.6487e-02
 2.8889e+00  2.6474e-02
 2.8919e+00  2.6460e-02
 2.8949e+00  2.6447e-02
 2.8979e+00  2.6434e-02
 2.9009e+00  2.6421e-02
 2.9039e+00  2.6408e-02
 2.9069e+00  2.6396e-02
 2.9099e+00  2.6383e-02
 2.9129e+00  2.6371e-02
 2.9159e+00  2.6359e-02
 2.9189e+00  2.6346e-02
 2.9219e+00  2.6334e-02
 2.9249e+00  2.6322e-02
 2.9279e+00  2.6310e-02
 2.9309e+00  2.6299e-02
 2.9339e+00  2.6287e-02
 2.9369e+00  2.6275e-02
 2.9399e+00  2.6264e-02
 2.9429e+00  2.6252e-02
 2.9459e+00  2.6241e-02
 2.9489e+00  2.6230e-02
 2.9520e+00  2.6219e-02
 2.9550e+00  2.6208e-02
 2.9580e+00  2.6197e-02
 2.9610e+00  2.6186e-02
 2.9640e+00  2.6175e-02
 2.9670e+00  2.6165e-02
 2.9700e+00  2.6154e-02
 2.9730e+00  2.6144e-02
 2.9760e+00  2.6133e-02
 2.9790e+00  2.6123e-02
 2.9820e+00  2.6113e-02
 2.9850e+00  2.6103e-02
 2.9880e+00  2.6093e-02
 2.9910e+00  2.6083e-02
 2.9940e+00  2.6073e-02
 2.9970e+00  2.6063e-02
 3.0000e+00  2.6053e-02
