 1.0000e-02  3.3332e-01
 2.0000e-02  3.3333e-01
 3.0000e-02  3.3333e-01
 4.0000e-02  3.3333e-01
 5.0000e-02  3.3333e-01
 6.0000e-02  3.3333e-01
 7.0000e-02  3.3333e-01
 8.0000e-02  3.3333e-01
 9.0000e-02  3.3333e-01
 1.0000e-01  3.3333e-01
 1.1000e-01  3.3333e-01
 1.2000e-01  3.3333e-01
 1.3000e-01  3.3333e-01
 1.4000e-01  3.3333e-01
 1.5000e-01  3.3333e-01
 1.6000e-01  3.3333e-01
 1.7000e-01  3.3333e-01
 1.8000e-01  3.3333e-01
 1.9000e-01  3.3333e-01
 2.0000e-01  3.3333e-01
 2.1000e-01  3.3333e-01
 2.2000e-01  2.9356e-01
 2.3000e-01  2.8079e-01
 2.4000e-01  2.7339e-01
 2.5000e-01  2.6844e-01
 2.6000e-01  2.6490e-01
 2.7000e-01  2.6225e-01
 2.8000e-01  2.6022e-01
 2.9000e-01  2.5862e-01
 3.0000e-01  2.5734e-01
 3.1000e-01  2.5630e-01
 3.2000e-01  2.5545e-01
 3.3000e-01  2.5474e-01
 3.4000e-01  2.5415e-01
 3.5000e-01  2.5365e-01
 3.6000e-01  2.5322e-01
 3.7000e-01  2.5286e-01
 3.8000e-01  2.5255e-01
 3.9000e-01  2.5228e-01
 4.0000e-01  2.5204e-01
 4.1000e-01  2.5184e-01
 4.2000e-01  2.5166e-01
 4.3000e-01  2.5150e-01
 4.4000e-01  2.5136e-01
 4.5000e-01  2.5124e-01
 4.6000e-01  2.5113e-01
 4.7000e-01  2.5103e-01
 4.8000e-01  2.5095e-01
 4.9000e-01  2.5087e-01
 5.0000e-01  2.5080e-01
 5.1000e-01  2.5074e-01
 5.2000e-01  2.5068e-01
 5.3000e-01  2.5063e-01
 5.4000e-01  2.5058e-01
 5.5000e-01  2.5054e-01
 5.6000e-01  2.5050e-01
 5.7000e-01  2.5046e-01
 5.8000e-01  2.5043e-01
 5.9000e-01  2.5040e-01
 6.0000e-01  2.5038e-01
 6.1000e-01  2.5035e-01
 6.2000e-01  2.5033e-01
 6.3000e-01  2.5031e-01
 6.4000e-01  2.5029e-01
 6.5000e-01  2.5027e-01
 6.6000e-01  2.5025e-01
 6.7000e-01  2.5024e-01
 6.8000e-01  2.5022e-01
 6.9000e-01  2.5021e-01
 7.0000e-01  2.5020e-01
 7.1000e-01  2.5018e-01
 7.2000e-01  2.5017e-01
 7.3000e-01  2.5016e-01
 7.4000e-01  2.5015e-01
 7.5000e-01  2.5014e-01
 7.6000e-01  2.5014e-01
 7.7000e-01  2.5013e-01
 7.8000e-01  2.5012e-01
 7.9000e-01  2.5012e-01
 8.0000e-01  2.5011e-01
 8.1000e-01  2.5011e-01
 8.2000e-01  2.5010e-01
 8.3000e-01  2.5010e-01
 8.4000e-01  2.5009e-01
 8.5000e-01  2.5009e-01
 8.6000e-01  2.5009e-01
 8.7000e-01  2.5008e-01
 8.8000e-01  2.5008e-01
 8.9000e-01  2.5007e-01
 9.0000e-01  2.5007e-01
 9.1000e-01  2.5007e-01
 9.2000e-01  2.5007e-01
 9.3000e-01  2.5006e-01
 9.4000e-01  2.5006e-01
 9.5000e-01  2.5006e-01
 9.6000e-01  2.5006e-01
 9.7000e-01  2.5005e-01
 9.8000e-01  2.5005e-01
 9.9000e-01  2.5005e-01
 1.0000e+00  2.5005e-01
 1.0100e+00  2.5004e-01
 1.0200e+00  2.5001e-01
 1.0300e+00  2.5004e-01
 1.0400e+00  2.5004e-01
 1.0500e+00  2.5004e-01
 1.0600e+00  2.5004e-01
 1.0700e+00  2.5004e-01
 1.0800e+00  2.5003e-01
 1.0900e+00  2.5003e-01
 1.1000e+00  2.5003e-01
 1.1100e+00  2.5003e-01
 1.1200e+00  2.5003e-01
 1.1300e+00  2.5003e-01
 1.1400e+00  2.5003e-01
 1.1500e+00  2.5003e-01
 1.1600e+00  2.5003e-01
 1.1700e+00  2.5002e-01
 1.1800e+00  2.5002e-01
 1.1900e+00  2.5002e-01
 1.2000e+00  2.5002e-01
 1.2100e+00  2.5002e-01
 1.2200e+00  2.5002e-01
 1.2300e+00  2.5002e-01
 1.2400e+00  2.5002e-01
 1.2500e+00  2.5002e-01
 1.2600e+00  2.5002e-01
 1.2700e+00  2.5002e-01
 1.2800e+00  2.5002e-01
 1.2900e+00  2.5002e-01
 1.3000e+00  2.5002e-01
 1.3100e+00  2.5002e-01
 1.3200e+00  2.5001e-01
 1.3300e+00  2.5001e-01
 1.3400e+00  2.5001e-01
 1.3500e+00  2.5001e-01
 1.3600e+00  2.5001e-01
 1.3700e+00  2.5001e-01
 1.3800e+00  2.5001e-01
 1.3900e+00  2.5001e-01
 1.4000e+00  2.5001e-01
 1.4100e+00  2.5001e-01
 1.4200e+00  2.5001e-01
 1.4300e+00  2.5001e-01
 1.4400e+00  2.5001e-01
 1.4500e+00  2.5001e-01
 1.4600e+00  2.5001e-01
 1.4700e+00  2.5001e-01
 1.4800e+00  2.5001e-01
 1.4900e+00  2.5001e-01
 1.5000e+00  2.5001e-01
 1.5100e+00  2.5001e-01
 1.5200e+00  2.5001e-01
 1.5300e+00  2.5001e-01
 1.5400e+00  2.5001e-01
 1.5500e+00  2.5001e-01
 1.5600e+00  2.5001e-01
 1.5700e+00  2.5001e-01
 1.5800e+00  2.5001e-01
 1.5900e+00  2.5001e-01
 1.6000e+00  2.5001e-01
 1.6100e+00  2.5001e-01
 1.6200e+00  2.5001e-01
 1.6300e+00  2.5001e-01
 1.6400e+00  2.5001e-01
 1.6500e+00  2.5001e-01
 1.6600e+00  2.5000e-01
 1.6700e+00  2.5000e-01
 1.6800e+00  2.5000e-01
 1.6900e+00  2.5000e-01
 1.7000e+00  2.5000e-01
 1.7100e+00  2.5000e-01
 1.7200e+00  2.5000e-01
 1.7300e+00  2.5000e-01
 1.7400e+00  2.5000e-01
 1.7500e+00  2.5000e-01
 1.7600e+00  2.5000e-01
 1.7700e+00  2.5000e-01
 1.7800e+00  2.5000e-01
 1.7900e+00  2.5000e-01
 1.8000e+00  2.5000e-01
 1.8100e+00  2.5000e-01
 1.8200e+00  2.5000e-01
 1.8300e+00  2.5000e-01
 1.8400e+00  2.5000e-01
 1.8500e+00  2.5000e-01
 1.8600e+00  2.5000e-01
 1.8700e+00  2.5000e-01
 1.8800e+00  2.5000e-01
 1.8900e+00  2.5000e-01
 1.9000e+00  2.5000e-01
 1.9100e+00  2.5000e-01
 1.9200e+00  2.5000e-01
 1.9300e+00  2.5000e-01
 1.9400e+00  2.5000e-01
 1.9500e+00  2.5000e-01
 1.9600e+00  2.5000e-01
 1.9700e+00  2.5000e-01
 1.9800e+00  2.5000e-01
 1.9900e+00  2.5000e-01
