 1.0000e-02  0.0000e+00
 1.0069e-02  0.0000e+00
 1.0139e-02  0.0000e+00
 1.0210e-02  0.0000e+00
 1.0280e-02  0.0000e+00
 1.0352e-02  0.0000e+00
 1.0424e-02  0.0000e+00
 1.0496e-02  0.0000e+00
 1.0569e-02  0.0000e+00
 1.0642e-02  0.0000e+00
 1.0716e-02  0.0000e+00
 1.0790e-02  0.0000e+00
 1.0865e-02  0.0000e+00
 1.0941e-02  0.0000e+00
 1.1016e-02  0.0000e+00
 1.1093e-02  0.0000e+00
 1.1170e-02  0.0000e+00
 1.1247e-02  0.0000e+00
 1.1325e-02  0.0000e+00
 1.1404e-02  0.0000e+00
 1.1483e-02  0.0000e+00
 1.1563e-02  0.0000e+00
 1.1643e-02  0.0000e+00
 1.1724e-02  0.0000e+00
 1.1805e-02  0.0000e+00
 1.1887e-02  0.0000e+00
 1.1970e-02  0.0000e+00
 1.2053e-02  0.0000e+00
 1.2136e-02  0.0000e+00
 1.2220e-02  0.0000e+00
 1.2305e-02  0.0000e+00
 1.2391e-02  0.0000e+00
 1.2477e-02  0.0000e+00
 1.2563e-02  0.0000e+00
 1.2650e-02  0.0000e+00
 1.2738e-02  0.0000e+00
 1.2826e-02  0.0000e+00
 1.2915e-02  0.0000e+00
 1.3005e-02  0.0000e+00
 1.3095e-02  0.0000e+00
 1.3186e-02  0.0000e+00
 1.3278e-02  0.0000e+00
 1.3370e-02  0.0000e+00
 1.3463e-02  0.0000e+00
 1.3556e-02  0.0000e+00
 1.3650e-02  0.0000e+00
 1.3745e-02  0.0000e+00
 1.3840e-02  0.0000e+00
 1.3936e-02  0.0000e+00
 1.4033e-02  0.0000e+00
 1.4130e-02  0.0000e+00
 1.4228e-02  0.0000e+00
 1.4327e-02  0.0000e+00
 1.4426e-02  0.0000e+00
 1.4527e-02  0.0000e+00
 1.4627e-02  0.0000e+00
 1.4729e-02  0.0000e+00
 1.4831e-02  0.0000e+00
 1.4934e-02  0.0000e+00
 1.5038e-02  0.0000e+00
 1.5142e-02  0.0000e+00
 1.5247e-02  0.0000e+00
 1.5353e-02  0.0000e+00
 1.5459e-02  0.0000e+00
 1.5567e-02  0.0000e+00
 1.5675e-02  0.0000e+00
 1.5783e-02  0.0000e+00
 1.5893e-02  0.0000e+00
 1.6003e-02  0.0000e+00
 1.6114e-02  0.0000e+00
 1.6226e-02  0.0000e+00
 1.6339e-02  0.0000e+00
 1.6452e-02  0.0000e+00
 1.6566e-02  0.0000e+00
 1.6681e-02  0.0000e+00
 1.6797e-02  0.0000e+00
 1.6913e-02  0.0000e+00
 1.7031e-02  0.0000e+00
 1.7149e-02  0.0000e+00
 1.7268e-02  0.0000e+00
 1.7388e-02  0.0000e+00
 1.7508e-02  0.0000e+00
 1.7630e-02  0.0000e+00
 1.7752e-02  0.0000e+00
 1.7875e-02  0.0000e+00
 1.7999e-02  0.0000e+00
 1.8124e-02  0.0000e+00
 1.8250e-02  0.0000e+00
 1.8377e-02  0.0000e+00
 1.8504e-02  0.0000e+00
 1.8632e-02  0.0000e+00
 1.8762e-02  0.0000e+00
 1.8892e-02  0.0000e+00
 1.9023e-02  0.0000e+00
 1.9155e-02  0.0000e+00
 1.9288e-02  0.0000e+00
 1.9422e-02  0.0000e+00
 1.9557e-02  0.0000e+00
 1.9692e-02  0.0000e+00
 1.9829e-02  0.0000e+00
 1.9966e-02  0.0000e+00
 2.0105e-02  0.0000e+00
 2.0244e-02  0.0000e+00
 2.0385e-02  0.0000e+00
 2.0526e-02  0.0000e+00
 2.0669e-02  0.0000e+00
 2.0812e-02  0.0000e+00
 2.0957e-02  0.0000e+00
 2.1102e-02  0.0000e+00
 2.1248e-02  0.0000e+00
 2.1396e-02  0.0000e+00
 2.1544e-02  0.0000e+00
 2.1694e-02  0.0000e+00
 2.1844e-02  0.0000e+00
 2.1996e-02  0.0000e+00
 2.2149e-02  0.0000e+00
 2.2302e-02  0.0000e+00
 2.2457e-02  0.0000e+00
 2.2613e-02  0.0000e+00
 2.2770e-02  0.0000e+00
 2.2928e-02  0.0000e+00
 2.3087e-02  0.0000e+00
 2.3247e-02  0.0000e+00
 2.3408e-02  0.0000e+00
 2.3571e-02  0.0000e+00
 2.3734e-02  0.0000e+00
 2.3899e-02  0.0000e+00
 2.4065e-02  0.0000e+00
 2.4232e-02  0.0000e+00
 2.4400e-02  0.0000e+00
 2.4569e-02  0.0000e+00
 2.4740e-02  0.0000e+00
 2.4911e-02  0.0000e+00
 2.5084e-02  0.0000e+00
 2.5258e-02  0.0000e+00
 2.5433e-02  0.0000e+00
 2.5610e-02  0.0000e+00
 2.5788e-02  0.0000e+00
 2.5967e-02  0.0000e+00
 2.6147e-02  0.0000e+00
 2.6328e-02  0.0000e+00
 2.6511e-02  0.0000e+00
 2.6695e-02  0.0000e+00
 2.6880e-02  0.0000e+00
 2.7067e-02  0.0000e+00
 2.7254e-02  0.0000e+00
 2.7443e-02  0.0000e+00
 2.7634e-02  0.0000e+00
 2.7826e-02  0.0000e+00
 2.8019e-02  0.0000e+00
 2.8213e-02  0.0000e+00
 2.8409e-02  0.0000e+00
 2.8606e-02  0.0000e+00
 2.8804e-02  0.0000e+00
 2.9004e-02  0.0000e+00
 2.9206e-02  0.0000e+00
 2.9408e-02  0.0000e+00
 2.9612e-02  0.0000e+00
 2.9818e-02  0.0000e+00
 3.0025e-02  0.0000e+00
 3.0233e-02  0.0000e+00
 3.0443e-02  0.0000e+00
 3.0654e-02  0.0000e+00
 3.0867e-02  0.0000e+00
 3.1081e-02  0.0000e+00
 3.1296e-02  0.0000e+00
 3.1514e-02  0.0000e+00
 3.1732e-02  0.0000e+00
 3.1952e-02  0.0000e+00
 3.2174e-02  0.0000e+00
 3.2397e-02  0.0000e+00
 3.2622e-02  0.0000e+00
 3.2849e-02  0.0000e+00
 3.3076e-02  0.0000e+00
 3.3306e-02  0.0000e+00
 3.3537e-02  0.0000e+00
 3.3770e-02  0.0000e+00
 3.4004e-02  0.0000e+00
 3.4240e-02  0.0000e+00
 3.4478e-02  0.0000e+00
 3.4717e-02  0.0000e+00
 3.4958e-02  0.0000e+00
 3.5200e-02  0.0000e+00
 3.5445e-02  0.0000e+00
 3.5690e-02  0.0000e+00
 3.5938e-02  0.0000e+00
 3.6187e-02  0.0000e+00
 3.6439e-02  0.0000e+00
 3.6691e-02  0.0000e+00
 3.6946e-02  0.0000e+00
 3.7202e-02  0.0000e+00
 3.7461e-02  0.0000e+00
 3.7720e-02  0.0000e+00
 3.7982e-02  0.0000e+00
 3.8246e-02  0.0000e+00
 3.8511e-02  0.0000e+00
 3.8778e-02  0.0000e+00
 3.9047e-02  0.0000e+00
 3.9318e-02  0.0000e+00
 3.9591e-02  0.0000e+00
 3.9866e-02  0.0000e+00
 4.0142e-02  0.0000e+00
 4.0421e-02  0.0000e+00
 4.0701e-02  0.0000e+00
 4.0984e-02  0.0000e+00
 4.1268e-02  0.0000e+00
 4.1555e-02  0.0000e+00
 4.1843e-02  0.0000e+00
 4.2133e-02  0.0000e+00
 4.2426e-02  0.0000e+00
 4.2720e-02  0.0000e+00
 4.3016e-02  0.0000e+00
 4.3315e-02  0.0000e+00
 4.3615e-02  0.0000e+00
 4.3918e-02  0.0000e+00
 4.4223e-02  0.0000e+00
 4.4530e-02  0.0000e+00
 4.4839e-02  0.0000e+00
 4.5150e-02  0.0000e+00
 4.5463e-02  0.0000e+00
 4.5778e-02  0.0000e+00
 4.6096e-02  0.0000e+00
 4.6416e-02  0.0000e+00
 4.6738e-02  0.0000e+00
 4.7062e-02  0.0000e+00
 4.7389e-02  0.0000e+00
 4.7718e-02  0.0000e+00
 4.8049e-02  0.0000e+00
 4.8382e-02  0.0000e+00
 4.8718e-02  0.0000e+00
 4.9056e-02  0.0000e+00
 4.9396e-02  0.0000e+00
 4.9739e-02  0.0000e+00
 5.0084e-02  0.0000e+00
 5.0432e-02  0.0000e+00
 5.0782e-02  0.0000e+00
 5.1134e-02  0.0000e+00
 5.1489e-02  0.0000e+00
 5.1846e-02  0.0000e+00
 5.2206e-02  0.0000e+00
 5.2568e-02  0.0000e+00
 5.2933e-02  0.0000e+00
 5.3300e-02  0.0000e+00
 5.3670e-02  0.0000e+00
 5.4042e-02  0.0000e+00
 5.4417e-02  0.0000e+00
 5.4795e-02  0.0000e+00
 5.5175e-02  0.0000e+00
 5.5558e-02  0.0000e+00
 5.5943e-02  0.0000e+00
 5.6331e-02  0.0000e+00
 5.6722e-02  0.0000e+00
 5.7116e-02  0.0000e+00
 5.7512e-02  0.0000e+00
 5.7911e-02  0.0000e+00
 5.8313e-02  0.0000e+00
 5.8718e-02  0.0000e+00
 5.9125e-02  0.0000e+00
 5.9535e-02  0.0000e+00
 5.9948e-02  0.0000e+00
 6.0364e-02  0.0000e+00
 6.0783e-02  0.0000e+00
 6.1205e-02  0.0000e+00
 6.1630e-02  0.0000e+00
 6.2057e-02  0.0000e+00
 6.2488e-02  0.0000e+00
 6.2921e-02  0.0000e+00
 6.3358e-02  0.0000e+00
 6.3798e-02  0.0000e+00
 6.4240e-02  0.0000e+00
 6.4686e-02  0.0000e+00
 6.5135e-02  0.0000e+00
 6.5587e-02  0.0000e+00
 6.6042e-02  0.0000e+00
 6.6500e-02  0.0000e+00
 6.6962e-02  0.0000e+00
 6.7426e-02  0.0000e+00
 6.7894e-02  0.0000e+00
 6.8365e-02  0.0000e+00
 6.8840e-02  0.0000e+00
 6.9317e-02  0.0000e+00
 6.9798e-02  0.0000e+00
 7.0282e-02  0.0000e+00
 7.0770e-02  0.0000e+00
 7.1261e-02  0.0000e+00
 7.1756e-02  0.0000e+00
 7.2253e-02  0.0000e+00
 7.2755e-02  0.0000e+00
 7.3260e-02  0.0000e+00
 7.3768e-02  0.0000e+00
 7.4280e-02  0.0000e+00
 7.4795e-02  0.0000e+00
 7.5314e-02  0.0000e+00
 7.5837e-02  0.0000e+00
 7.6363e-02  0.0000e+00
 7.6893e-02  0.0000e+00
 7.7426e-02  0.0000e+00
 7.7964e-02  0.0000e+00
 7.8505e-02  0.0000e+00
 7.9049e-02  0.0000e+00
 7.9598e-02  0.0000e+00
 8.0150e-02  0.0000e+00
 8.0706e-02  0.0000e+00
 8.1266e-02  0.0000e+00
 8.1830e-02  0.0000e+00
 8.2398e-02  0.0000e+00
 8.2970e-02  0.0000e+00
 8.3545e-02  0.0000e+00
 8.4125e-02  0.0000e+00
 8.4709e-02  0.0000e+00
 8.5296e-02  0.0000e+00
 8.5888e-02  0.0000e+00
 8.6484e-02  0.0000e+00
 8.7084e-02  0.0000e+00
 8.7689e-02  0.0000e+00
 8.8297e-02  0.0000e+00
 8.8910e-02  0.0000e+00
 8.9527e-02  0.0000e+00
 9.0148e-02  0.0000e+00
 9.0773e-02  0.0000e+00
 9.1403e-02  0.0000e+00
 9.2037e-02  0.0000e+00
 9.2676e-02  0.0000e+00
 9.3319e-02  0.0000e+00
 9.3966e-02  0.0000e+00
 9.4618e-02  0.0000e+00
 9.5275e-02  0.0000e+00
 9.5936e-02  0.0000e+00
 9.6602e-02  0.0000e+00
 9.7272e-02  0.0000e+00
 9.7947e-02  0.0000e+00
 9.8627e-02  0.0000e+00
 9.9311e-02  0.0000e+00
 1.0000e-01  0.0000e+00
 1.0069e-01  0.0000e+00
 1.0139e-01  0.0000e+00
 1.0210e-01  0.0000e+00
 1.0280e-01  0.0000e+00
 1.0352e-01  0.0000e+00
 1.0424e-01  0.0000e+00
 1.0496e-01  0.0000e+00
 1.0569e-01  0.0000e+00
 1.0642e-01  0.0000e+00
 1.0716e-01  0.0000e+00
 1.0790e-01  0.0000e+00
 1.0865e-01  0.0000e+00
 1.0941e-01  0.0000e+00
 1.1016e-01  0.0000e+00
 1.1093e-01  0.0000e+00
 1.1170e-01  0.0000e+00
 1.1247e-01  0.0000e+00
 1.1325e-01  0.0000e+00
 1.1404e-01  0.0000e+00
 1.1483e-01  0.0000e+00
 1.1563e-01  0.0000e+00
 1.1643e-01  0.0000e+00
 1.1724e-01  0.0000e+00
 1.1805e-01  0.0000e+00
 1.1887e-01  0.0000e+00
 1.1970e-01  0.0000e+00
 1.2053e-01  0.0000e+00
 1.2136e-01  0.0000e+00
 1.2220e-01  0.0000e+00
 1.2305e-01  0.0000e+00
 1.2391e-01  0.0000e+00
 1.2477e-01  0.0000e+00
 1.2563e-01  0.0000e+00
 1.2650e-01  0.0000e+00
 1.2738e-01  0.0000e+00
 1.2826e-01  0.0000e+00
 1.2915e-01  0.0000e+00
 1.3005e-01  0.0000e+00
 1.3095e-01  0.0000e+00
 1.3186e-01  0.0000e+00
 1.3278e-01  0.0000e+00
 1.3370e-01  0.0000e+00
 1.3463e-01  0.0000e+00
 1.3556e-01  0.0000e+00
 1.3650e-01  0.0000e+00
 1.3745e-01  0.0000e+00
 1.3840e-01  0.0000e+00
 1.3936e-01  0.0000e+00
 1.4033e-01  0.0000e+00
 1.4130e-01  0.0000e+00
 1.4228e-01  0.0000e+00
 1.4327e-01  0.0000e+00
 1.4426e-01  0.0000e+00
 1.4527e-01  0.0000e+00
 1.4627e-01  0.0000e+00
 1.4729e-01  0.0000e+00
 1.4831e-01  0.0000e+00
 1.4934e-01  0.0000e+00
 1.5038e-01  0.0000e+00
 1.5142e-01  0.0000e+00
 1.5247e-01  0.0000e+00
 1.5353e-01  0.0000e+00
 1.5459e-01  0.0000e+00
 1.5567e-01  0.0000e+00
 1.5675e-01  0.0000e+00
 1.5783e-01  0.0000e+00
 1.5893e-01  0.0000e+00
 1.6003e-01  0.0000e+00
 1.6114e-01  0.0000e+00
 1.6226e-01  0.0000e+00
 1.6339e-01  0.0000e+00
 1.6452e-01  0.0000e+00
 1.6566e-01  0.0000e+00
 1.6681e-01  0.0000e+00
 1.6797e-01  0.0000e+00
 1.6913e-01  0.0000e+00
 1.7031e-01  0.0000e+00
 1.7149e-01  0.0000e+00
 1.7268e-01  0.0000e+00
 1.7388e-01  0.0000e+00
 1.7508e-01  0.0000e+00
 1.7630e-01  0.0000e+00
 1.7752e-01  0.0000e+00
 1.7875e-01  0.0000e+00
 1.7999e-01  0.0000e+00
 1.8124e-01  0.0000e+00
 1.8250e-01  0.0000e+00
 1.8377e-01  0.0000e+00
 1.8504e-01  0.0000e+00
 1.8632e-01  0.0000e+00
 1.8762e-01  0.0000e+00
 1.8892e-01  0.0000e+00
 1.9023e-01  0.0000e+00
 1.9155e-01  0.0000e+00
 1.9288e-01  0.0000e+00
 1.9422e-01  0.0000e+00
 1.9557e-01  0.0000e+00
 1.9692e-01  0.0000e+00
 1.9829e-01  0.0000e+00
 1.9966e-01  0.0000e+00
 2.0105e-01  0.0000e+00
 2.0244e-01  0.0000e+00
 2.0385e-01  0.0000e+00
 2.0526e-01  0.0000e+00
 2.0669e-01  0.0000e+00
 2.0812e-01  0.0000e+00
 2.0957e-01  0.0000e+00
 2.1102e-01  0.0000e+00
 2.1248e-01  0.0000e+00
 2.1396e-01  0.0000e+00
 2.1544e-01  0.0000e+00
 2.1694e-01  0.0000e+00
 2.1844e-01  0.0000e+00
 2.1996e-01  0.0000e+00
 2.2149e-01  0.0000e+00
 2.2302e-01  0.0000e+00
 2.2457e-01  0.0000e+00
 2.2613e-01  0.0000e+00
 2.2770e-01  0.0000e+00
 2.2928e-01  0.0000e+00
 2.3087e-01  0.0000e+00
 2.3247e-01  0.0000e+00
 2.3408e-01  0.0000e+00
 2.3571e-01  0.0000e+00
 2.3734e-01  0.0000e+00
 2.3899e-01  0.0000e+00
 2.4065e-01  0.0000e+00
 2.4232e-01  0.0000e+00
 2.4400e-01  0.0000e+00
 2.4569e-01  0.0000e+00
 2.4740e-01  0.0000e+00
 2.4911e-01  0.0000e+00
 2.5084e-01  0.0000e+00
 2.5258e-01  0.0000e+00
 2.5433e-01  0.0000e+00
 2.5610e-01  0.0000e+00
 2.5788e-01  0.0000e+00
 2.5967e-01  0.0000e+00
 2.6147e-01  0.0000e+00
 2.6328e-01  0.0000e+00
 2.6511e-01  0.0000e+00
 2.6695e-01  0.0000e+00
 2.6880e-01  0.0000e+00
 2.7067e-01  0.0000e+00
 2.7254e-01  0.0000e+00
 2.7443e-01  0.0000e+00
 2.7634e-01  0.0000e+00
 2.7826e-01  0.0000e+00
 2.8019e-01  0.0000e+00
 2.8213e-01  0.0000e+00
 2.8409e-01  0.0000e+00
 2.8606e-01  0.0000e+00
 2.8804e-01  0.0000e+00
 2.9004e-01  0.0000e+00
 2.9206e-01  0.0000e+00
 2.9408e-01  0.0000e+00
 2.9612e-01  0.0000e+00
 2.9818e-01  0.0000e+00
 3.0025e-01  0.0000e+00
 3.0233e-01  0.0000e+00
 3.0443e-01  0.0000e+00
 3.0654e-01  0.0000e+00
 3.0867e-01  0.0000e+00
 3.1081e-01  0.0000e+00
 3.1296e-01  0.0000e+00
 3.1514e-01  0.0000e+00
 3.1732e-01  0.0000e+00
 3.1952e-01  0.0000e+00
 3.2174e-01  0.0000e+00
 3.2397e-01  0.0000e+00
 3.2622e-01  0.0000e+00
 3.2849e-01  0.0000e+00
 3.3076e-01  0.0000e+00
 3.3306e-01  0.0000e+00
 3.3537e-01  0.0000e+00
 3.3770e-01  0.0000e+00
 3.4004e-01  0.0000e+00
 3.4240e-01  0.0000e+00
 3.4478e-01  0.0000e+00
 3.4717e-01  0.0000e+00
 3.4958e-01  0.0000e+00
 3.5200e-01  0.0000e+00
 3.5445e-01  0.0000e+00
 3.5690e-01  0.0000e+00
 3.5938e-01  0.0000e+00
 3.6187e-01  0.0000e+00
 3.6439e-01  0.0000e+00
 3.6691e-01  0.0000e+00
 3.6946e-01  0.0000e+00
 3.7202e-01  0.0000e+00
 3.7461e-01  0.0000e+00
 3.7720e-01  0.0000e+00
 3.7982e-01  0.0000e+00
 3.8246e-01  0.0000e+00
 3.8511e-01  0.0000e+00
 3.8778e-01  0.0000e+00
 3.9047e-01  0.0000e+00
 3.9318e-01  0.0000e+00
 3.9591e-01  0.0000e+00
 3.9866e-01  0.0000e+00
 4.0142e-01  0.0000e+00
 4.0421e-01  0.0000e+00
 4.0701e-01  0.0000e+00
 4.0984e-01  0.0000e+00
 4.1268e-01  0.0000e+00
 4.1555e-01  0.0000e+00
 4.1843e-01  0.0000e+00
 4.2133e-01  0.0000e+00
 4.2426e-01  0.0000e+00
 4.2720e-01  0.0000e+00
 4.3016e-01  0.0000e+00
 4.3315e-01  0.0000e+00
 4.3615e-01  0.0000e+00
 4.3918e-01  0.0000e+00
 4.4223e-01  0.0000e+00
 4.4530e-01  0.0000e+00
 4.4839e-01  0.0000e+00
 4.5150e-01  0.0000e+00
 4.5463e-01  0.0000e+00
 4.5778e-01  0.0000e+00
 4.6096e-01  0.0000e+00
 4.6416e-01  0.0000e+00
 4.6738e-01  0.0000e+00
 4.7062e-01  0.0000e+00
 4.7389e-01  0.0000e+00
 4.7718e-01  0.0000e+00
 4.8049e-01  0.0000e+00
 4.8382e-01  0.0000e+00
 4.8718e-01  0.0000e+00
 4.9056e-01  0.0000e+00
 4.9396e-01  0.0000e+00
 4.9739e-01  0.0000e+00
 5.0084e-01  0.0000e+00
 5.0432e-01  0.0000e+00
 5.0782e-01  0.0000e+00
 5.1134e-01  0.0000e+00
 5.1489e-01  0.0000e+00
 5.1846e-01  0.0000e+00
 5.2206e-01  0.0000e+00
 5.2568e-01  0.0000e+00
 5.2933e-01  0.0000e+00
 5.3300e-01  0.0000e+00
 5.3670e-01  0.0000e+00
 5.4042e-01  0.0000e+00
 5.4417e-01  0.0000e+00
 5.4795e-01  0.0000e+00
 5.5175e-01  0.0000e+00
 5.5558e-01  0.0000e+00
 5.5943e-01  0.0000e+00
 5.6331e-01  0.0000e+00
 5.6722e-01  0.0000e+00
 5.7116e-01  0.0000e+00
 5.7512e-01  0.0000e+00
 5.7911e-01  0.0000e+00
 5.8313e-01  0.0000e+00
 5.8718e-01  0.0000e+00
 5.9125e-01  0.0000e+00
 5.9535e-01  0.0000e+00
 5.9948e-01  0.0000e+00
 6.0364e-01  0.0000e+00
 6.0783e-01  0.0000e+00
 6.1205e-01  0.0000e+00
 6.1630e-01  0.0000e+00
 6.2057e-01  0.0000e+00
 6.2488e-01  0.0000e+00
 6.2921e-01  0.0000e+00
 6.3358e-01  0.0000e+00
 6.3798e-01  0.0000e+00
 6.4240e-01  0.0000e+00
 6.4686e-01  0.0000e+00
 6.5135e-01  0.0000e+00
 6.5587e-01  0.0000e+00
 6.6042e-01  0.0000e+00
 6.6500e-01  0.0000e+00
 6.6962e-01  0.0000e+00
 6.7426e-01  0.0000e+00
 6.7894e-01  0.0000e+00
 6.8365e-01  0.0000e+00
 6.8840e-01  0.0000e+00
 6.9317e-01  0.0000e+00
 6.9798e-01  0.0000e+00
 7.0282e-01  0.0000e+00
 7.0770e-01  0.0000e+00
 7.1261e-01  0.0000e+00
 7.1756e-01  0.0000e+00
 7.2253e-01  0.0000e+00
 7.2755e-01  0.0000e+00
 7.3260e-01  0.0000e+00
 7.3768e-01  0.0000e+00
 7.4280e-01  0.0000e+00
 7.4795e-01  0.0000e+00
 7.5314e-01  0.0000e+00
 7.5837e-01  0.0000e+00
 7.6363e-01  0.0000e+00
 7.6893e-01  0.0000e+00
 7.7426e-01  0.0000e+00
 7.7964e-01  0.0000e+00
 7.8505e-01  0.0000e+00
 7.9049e-01  0.0000e+00
 7.9598e-01  0.0000e+00
 8.0150e-01  0.0000e+00
 8.0706e-01  0.0000e+00
 8.1266e-01  0.0000e+00
 8.1830e-01  0.0000e+00
 8.2398e-01  0.0000e+00
 8.2970e-01  0.0000e+00
 8.3545e-01  0.0000e+00
 8.4125e-01  0.0000e+00
 8.4709e-01  0.0000e+00
 8.5296e-01  0.0000e+00
 8.5888e-01  0.0000e+00
 8.6484e-01  0.0000e+00
 8.7084e-01  0.0000e+00
 8.7689e-01  0.0000e+00
 8.8297e-01  0.0000e+00
 8.8910e-01  0.0000e+00
 8.9527e-01  0.0000e+00
 9.0148e-01  0.0000e+00
 9.0773e-01  0.0000e+00
 9.1403e-01  0.0000e+00
 9.2037e-01  0.0000e+00
 9.2676e-01  0.0000e+00
 9.3319e-01  0.0000e+00
 9.3966e-01  0.0000e+00
 9.4618e-01  0.0000e+00
 9.5275e-01  0.0000e+00
 9.5936e-01  0.0000e+00
 9.6602e-01  0.0000e+00
 9.7272e-01  0.0000e+00
 9.7947e-01  0.0000e+00
 9.8627e-01  0.0000e+00
 9.9311e-01  0.0000e+00
 1.0000e+00  0.0000e+00
 1.0069e+00  0.0000e+00
 1.0139e+00  0.0000e+00
 1.0210e+00  0.0000e+00
 1.0280e+00  0.0000e+00
 1.0352e+00  0.0000e+00
 1.0424e+00  0.0000e+00
 1.0496e+00  0.0000e+00
 1.0569e+00  0.0000e+00
 1.0642e+00  0.0000e+00
 1.0716e+00  0.0000e+00
 1.0790e+00  0.0000e+00
 1.0865e+00  0.0000e+00
 1.0941e+00  0.0000e+00
 1.1016e+00  0.0000e+00
 1.1093e+00  0.0000e+00
 1.1170e+00  0.0000e+00
 1.1247e+00  0.0000e+00
 1.1325e+00  0.0000e+00
 1.1404e+00  0.0000e+00
 1.1483e+00  0.0000e+00
 1.1563e+00  0.0000e+00
 1.1643e+00  0.0000e+00
 1.1724e+00  0.0000e+00
 1.1805e+00  0.0000e+00
 1.1887e+00  0.0000e+00
 1.1970e+00  0.0000e+00
 1.2053e+00  0.0000e+00
 1.2136e+00  0.0000e+00
 1.2220e+00  0.0000e+00
 1.2305e+00  0.0000e+00
 1.2391e+00  0.0000e+00
 1.2477e+00  0.0000e+00
 1.2563e+00  0.0000e+00
 1.2650e+00  0.0000e+00
 1.2738e+00  0.0000e+00
 1.2826e+00  0.0000e+00
 1.2915e+00  0.0000e+00
 1.3005e+00  0.0000e+00
 1.3095e+00  0.0000e+00
 1.3186e+00  0.0000e+00
 1.3278e+00  0.0000e+00
 1.3370e+00  0.0000e+00
 1.3463e+00  0.0000e+00
 1.3556e+00  0.0000e+00
 1.3650e+00  0.0000e+00
 1.3745e+00  0.0000e+00
 1.3840e+00  0.0000e+00
 1.3936e+00  0.0000e+00
 1.4033e+00  0.0000e+00
 1.4130e+00  0.0000e+00
 1.4228e+00  0.0000e+00
 1.4327e+00  0.0000e+00
 1.4426e+00  0.0000e+00
 1.4527e+00  0.0000e+00
 1.4627e+00  0.0000e+00
 1.4729e+00  0.0000e+00
 1.4831e+00  0.0000e+00
 1.4934e+00  0.0000e+00
 1.5038e+00  0.0000e+00
 1.5142e+00  0.0000e+00
 1.5247e+00  0.0000e+00
 1.5353e+00  0.0000e+00
 1.5459e+00  0.0000e+00
 1.5567e+00  0.0000e+00
 1.5675e+00  0.0000e+00
 1.5783e+00  0.0000e+00
 1.5893e+00  0.0000e+00
 1.6003e+00  0.0000e+00
 1.6114e+00  0.0000e+00
 1.6226e+00  0.0000e+00
 1.6339e+00  0.0000e+00
 1.6452e+00  0.0000e+00
 1.6566e+00  0.0000e+00
 1.6681e+00  0.0000e+00
 1.6797e+00  0.0000e+00
 1.6913e+00  0.0000e+00
 1.7031e+00  0.0000e+00
 1.7149e+00  0.0000e+00
 1.7268e+00  0.0000e+00
 1.7388e+00  0.0000e+00
 1.7508e+00  0.0000e+00
 1.7630e+00  0.0000e+00
 1.7752e+00  0.0000e+00
 1.7875e+00  0.0000e+00
 1.7999e+00  0.0000e+00
 1.8124e+00  0.0000e+00
 1.8250e+00  0.0000e+00
 1.8377e+00  0.0000e+00
 1.8504e+00  0.0000e+00
 1.8632e+00  0.0000e+00
 1.8762e+00  0.0000e+00
 1.8892e+00  0.0000e+00
 1.9023e+00  0.0000e+00
 1.9155e+00  0.0000e+00
 1.9288e+00  0.0000e+00
 1.9422e+00  0.0000e+00
 1.9557e+00  0.0000e+00
 1.9692e+00  0.0000e+00
 1.9829e+00  0.0000e+00
 1.9966e+00  0.0000e+00
 2.0105e+00  0.0000e+00
 2.0244e+00  0.0000e+00
 2.0385e+00  0.0000e+00
 2.0526e+00  0.0000e+00
 2.0669e+00  0.0000e+00
 2.0812e+00  0.0000e+00
 2.0957e+00  0.0000e+00
 2.1102e+00  0.0000e+00
 2.1248e+00  0.0000e+00
 2.1396e+00  0.0000e+00
 2.1544e+00  0.0000e+00
 2.1694e+00  0.0000e+00
 2.1844e+00  0.0000e+00
 2.1996e+00  0.0000e+00
 2.2149e+00  0.0000e+00
 2.2302e+00  0.0000e+00
 2.2457e+00  0.0000e+00
 2.2613e+00  0.0000e+00
 2.2770e+00  0.0000e+00
 2.2928e+00  0.0000e+00
 2.3087e+00  0.0000e+00
 2.3247e+00  0.0000e+00
 2.3408e+00  0.0000e+00
 2.3571e+00  0.0000e+00
 2.3734e+00  0.0000e+00
 2.3899e+00  0.0000e+00
 2.4065e+00  0.0000e+00
 2.4232e+00  0.0000e+00
 2.4400e+00  0.0000e+00
 2.4569e+00  0.0000e+00
 2.4740e+00  0.0000e+00
 2.4911e+00  0.0000e+00
 2.5084e+00  0.0000e+00
 2.5258e+00  0.0000e+00
 2.5433e+00  4.3317e-03
 2.5610e+00  1.0677e-02
 2.5788e+00  1.4315e-02
 2.5967e+00  1.7091e-02
 2.6147e+00  1.9388e-02
 2.6328e+00  2.1367e-02
 2.6511e+00  2.3112e-02
 2.6695e+00  2.4677e-02
 2.6880e+00  2.6098e-02
 2.7067e+00  2.7398e-02
 2.7254e+00  2.8597e-02
 2.7443e+00  2.9708e-02
 2.7634e+00  3.0743e-02
 2.7826e+00  3.1710e-02
 2.8019e+00  3.2617e-02
 2.8213e+00  3.3470e-02
 2.8409e+00  3.4275e-02
 2.8606e+00  3.5034e-02
 2.8804e+00  3.5754e-02
 2.9004e+00  3.6435e-02
 2.9206e+00  3.7083e-02
 2.9408e+00  3.7698e-02
 2.9612e+00  3.8284e-02
 2.9818e+00  3.8843e-02
 3.0025e+00  3.9375e-02
 3.0233e+00  3.9884e-02
 3.0443e+00  4.0370e-02
 3.0654e+00  4.0835e-02
 3.0867e+00  4.1280e-02
 3.1081e+00  4.1707e-02
 3.1296e+00  4.2115e-02
 3.1514e+00  4.2507e-02
 3.1732e+00  4.2883e-02
 3.1952e+00  4.3244e-02
 3.2174e+00  4.3591e-02
 3.2397e+00  4.3924e-02
 3.2622e+00  4.4245e-02
 3.2849e+00  4.4553e-02
 3.3076e+00  4.4849e-02
 3.3306e+00  4.5135e-02
 3.3537e+00  4.5409e-02
 3.3770e+00  4.5674e-02
 3.4004e+00  4.5929e-02
 3.4240e+00  4.6175e-02
 3.4478e+00  4.6412e-02
 3.4717e+00  4.6640e-02
 3.4958e+00  4.6860e-02
 3.5200e+00  4.7073e-02
 3.5445e+00  4.7278e-02
 3.5690e+00  4.6436e-02
 3.5938e+00  4.6017e-02
 3.6187e+00  4.5781e-02
 3.6439e+00  4.5624e-02
 3.6691e+00  4.5513e-02
 3.6946e+00  4.5431e-02
 3.7202e+00  4.5371e-02
 3.7461e+00  4.5326e-02
 3.7720e+00  4.5293e-02
 3.7982e+00  4.5270e-02
 3.8246e+00  4.5254e-02
 3.8511e+00  4.5243e-02
 3.8778e+00  4.5238e-02
 3.9047e+00  4.5236e-02
 3.9318e+00  4.5238e-02
 3.9591e+00  4.5242e-02
 3.9866e+00  4.5249e-02
 4.0142e+00  4.5258e-02
 4.0421e+00  4.5267e-02
 4.0701e+00  4.5279e-02
 4.0984e+00  4.5291e-02
 4.1268e+00  4.5304e-02
 4.1555e+00  4.5318e-02
 4.1843e+00  4.5332e-02
 4.2133e+00  4.5347e-02
 4.2426e+00  4.5362e-02
 4.2720e+00  4.5377e-02
 4.3016e+00  4.5393e-02
 4.3315e+00  4.5408e-02
 4.3615e+00  4.5424e-02
 4.3918e+00  4.5439e-02
 4.4223e+00  4.5455e-02
 4.4530e+00  4.5470e-02
 4.4839e+00  4.5486e-02
 4.5150e+00  4.5501e-02
 4.5463e+00  4.5516e-02
 4.5778e+00  4.5531e-02
 4.6096e+00  4.5545e-02
 4.6416e+00  4.5560e-02
 4.6738e+00  4.5574e-02
 4.7062e+00  4.5588e-02
 4.7389e+00  4.5602e-02
 4.7718e+00  4.5616e-02
 4.8049e+00  4.5629e-02
 4.8382e+00  4.5642e-02
 4.8718e+00  4.5655e-02
 4.9056e+00  4.5667e-02
 4.9396e+00  4.5680e-02
 4.9739e+00  4.5692e-02
 5.0084e+00  4.5703e-02
 5.0432e+00  4.5715e-02
 5.0782e+00  4.5726e-02
 5.1134e+00  4.5737e-02
 5.1489e+00  4.5748e-02
 5.1846e+00  4.5759e-02
 5.2206e+00  4.5769e-02
 5.2568e+00  4.5779e-02
 5.2933e+00  4.5789e-02
 5.3300e+00  4.5798e-02
 5.3670e+00  4.5808e-02
 5.4042e+00  4.5817e-02
 5.4417e+00  4.5826e-02
 5.4795e+00  4.5835e-02
 5.5175e+00  4.5843e-02
 5.5558e+00  4.5851e-02
 5.5943e+00  4.5859e-02
 5.6331e+00  4.5867e-02
 5.6722e+00  4.5875e-02
 5.7116e+00  4.5882e-02
 5.7512e+00  4.5890e-02
 5.7911e+00  4.5897e-02
 5.8313e+00  4.5904e-02
 5.8718e+00  4.5911e-02
 5.9125e+00  4.5917e-02
 5.9535e+00  4.5924e-02
 5.9948e+00  4.5930e-02
 6.0364e+00  4.5936e-02
 6.0783e+00  4.5942e-02
 6.1205e+00  4.5948e-02
 6.1630e+00  4.5953e-02
 6.2057e+00  4.5959e-02
 6.2488e+00  4.5964e-02
 6.2921e+00  4.5969e-02
 6.3358e+00  4.5975e-02
 6.3798e+00  4.5980e-02
 6.4240e+00  4.5984e-02
 6.4686e+00  4.5989e-02
 6.5135e+00  4.5994e-02
 6.5587e+00  4.5998e-02
 6.6042e+00  4.6002e-02
 6.6500e+00  4.6007e-02
 6.6962e+00  4.6011e-02
 6.7426e+00  4.6015e-02
 6.7894e+00  4.6019e-02
 6.8365e+00  4.6022e-02
 6.8840e+00  4.6026e-02
 6.9317e+00  4.6030e-02
 6.9798e+00  4.6033e-02
 7.0282e+00  4.6037e-02
 7.0770e+00  4.6040e-02
 7.1261e+00  4.6043e-02
 7.1756e+00  4.6046e-02
 7.2253e+00  4.6049e-02
 7.2755e+00  4.6052e-02
 7.3260e+00  4.6055e-02
 7.3768e+00  4.6058e-02
 7.4280e+00  4.6061e-02
 7.4795e+00  4.6063e-02
 7.5314e+00  4.6066e-02
 7.5837e+00  4.6069e-02
 7.6363e+00  4.6071e-02
 7.6893e+00  4.6073e-02
 7.7426e+00  4.6076e-02
 7.7964e+00  4.6078e-02
 7.8505e+00  4.6080e-02
 7.9049e+00  4.6082e-02
 7.9598e+00  4.6084e-02
 8.0150e+00  4.6087e-02
 8.0706e+00  4.6088e-02
 8.1266e+00  4.6090e-02
 8.1830e+00  4.6092e-02
 8.2398e+00  4.6094e-02
 8.2970e+00  4.6096e-02
 8.3545e+00  4.6098e-02
 8.4125e+00  5.3394e-02
 8.4709e+00  5.6563e-02
 8.5296e+00  5.8887e-02
 8.5888e+00  6.0780e-02
 8.6484e+00  6.2396e-02
 8.7084e+00  6.3814e-02
 8.7689e+00  6.5082e-02
 8.8297e+00  6.6229e-02
 8.8910e+00  6.7278e-02
 8.9527e+00  6.8243e-02
 9.0148e+00  6.9137e-02
 9.0773e+00  6.9968e-02
 9.1403e+00  7.0745e-02
 9.2037e+00  7.1473e-02
 9.2676e+00  7.2157e-02
 9.3319e+00  7.2802e-02
 9.3966e+00  7.3411e-02
 9.4618e+00  7.3988e-02
 9.5275e+00  7.4534e-02
 9.5936e+00  7.5052e-02
 9.6602e+00  7.5545e-02
 9.7272e+00  7.6014e-02
 9.7947e+00  7.6461e-02
 9.8627e+00  7.6888e-02
 9.9311e+00  7.7295e-02
 1.0000e+01  7.7684e-02
