 1.0000e-02  6.6668e-01
 2.0000e-02  6.6667e-01
 3.0000e-02  6.6667e-01
 4.0000e-02  6.6667e-01
 5.0000e-02  6.6667e-01
 6.0000e-02  6.6667e-01
 7.0000e-02  6.6667e-01
 8.0000e-02  6.6667e-01
 9.0000e-02  6.6667e-01
 1.0000e-01  6.6667e-01
 1.1000e-01  6.6667e-01
 1.2000e-01  6.6667e-01
 1.3000e-01  6.6667e-01
 1.4000e-01  6.6667e-01
 1.5000e-01  6.6667e-01
 1.6000e-01  6.6667e-01
 1.7000e-01  6.6667e-01
 1.8000e-01  6.6667e-01
 1.9000e-01  6.6667e-01
 2.0000e-01  6.6667e-01
 2.1000e-01  6.6667e-01
 2.2000e-01  5.8713e-01
 2.3000e-01  5.6158e-01
 2.4000e-01  5.4678e-01
 2.5000e-01  5.3688e-01
 2.6000e-01  5.2980e-01
 2.7000e-01  5.2451e-01
 2.8000e-01  5.2044e-01
 2.9000e-01  5.1724e-01
 3.0000e-01  5.1468e-01
 3.1000e-01  5.1260e-01
 3.2000e-01  5.1090e-01
 3.3000e-01  5.0948e-01
 3.4000e-01  5.0830e-01
 3.5000e-01  5.0730e-01
 3.6000e-01  5.0645e-01
 3.7000e-01  5.0572e-01
 3.8000e-01  5.0510e-01
 3.9000e-01  5.0456e-01
 4.0000e-01  5.0409e-01
 4.1000e-01  5.0368e-01
 4.2000e-01  5.0332e-01
 4.3000e-01  5.0301e-01
 4.4000e-01  5.0273e-01
 4.5000e-01  5.0248e-01
 4.6000e-01  5.0226e-01
 4.7000e-01  5.0207e-01
 4.8000e-01  5.0190e-01
 4.9000e-01  5.0174e-01
 5.0000e-01  5.0160e-01
 5.1000e-01  5.0147e-01
 5.2000e-01  5.0136e-01
 5.3000e-01  5.0126e-01
 5.4000e-01  5.0116e-01
 5.5000e-01  5.0108e-01
 5.6000e-01  5.0100e-01
 5.7000e-01  5.0093e-01
 5.8000e-01  5.0086e-01
 5.9000e-01  5.0081e-01
 6.0000e-01  5.0075e-01
 6.1000e-01  5.0070e-01
 6.2000e-01  5.0066e-01
 6.3000e-01  5.0061e-01
 6.4000e-01  5.0058e-01
 6.5000e-01  5.0054e-01
 6.6000e-01  5.0051e-01
 6.7000e-01  5.0047e-01
 6.8000e-01  5.0045e-01
 6.9000e-01  5.0042e-01
 7.0000e-01  5.0039e-01
 7.1000e-01  5.0037e-01
 7.2000e-01  5.0035e-01
 7.3000e-01  5.0033e-01
 7.4000e-01  5.0031e-01
 7.5000e-01  5.0029e-01
 7.6000e-01  5.0027e-01
 7.7000e-01  5.0026e-01
 7.8000e-01  5.0023e-01
 7.9000e-01  5.0023e-01
 8.0000e-01  5.0022e-01
 8.1000e-01  5.0021e-01
 8.2000e-01  5.0020e-01
 8.3000e-01  5.0019e-01
 8.4000e-01  5.0019e-01
 8.5000e-01  5.0018e-01
 8.6000e-01  5.0017e-01
 8.7000e-01  5.0016e-01
 8.8000e-01  5.0016e-01
 8.9000e-01  5.0015e-01
 9.0000e-01  5.0014e-01
 9.1000e-01  5.0014e-01
 9.2000e-01  5.0013e-01
 9.3000e-01  5.0013e-01
 9.4000e-01  5.0012e-01
 9.5000e-01  5.0012e-01
 9.6000e-01  5.0011e-01
 9.7000e-01  5.0011e-01
 9.8000e-01  5.0010e-01
 9.9000e-01  5.0010e-01
 1.0000e+00  5.0009e-01
 1.0100e+00  5.0009e-01
 1.0200e+00  5.0003e-01
 1.0300e+00  5.0008e-01
 1.0400e+00  5.0008e-01
 1.0500e+00  5.0008e-01
 1.0600e+00  5.0007e-01
 1.0700e+00  5.0007e-01
 1.0800e+00  5.0007e-01
 1.0900e+00  5.0007e-01
 1.1000e+00  5.0006e-01
 1.1100e+00  5.0006e-01
 1.1200e+00  5.0006e-01
 1.1300e+00  5.0006e-01
 1.1400e+00  5.0005e-01
 1.1500e+00  5.0005e-01
 1.1600e+00  5.0005e-01
 1.1700e+00  5.0005e-01
 1.1800e+00  5.0005e-01
 1.1900e+00  5.0005e-01
 1.2000e+00  5.0004e-01
 1.2100e+00  5.0004e-01
 1.2200e+00  5.0004e-01
 1.2300e+00  5.0004e-01
 1.2400e+00  5.0004e-01
 1.2500e+00  5.0004e-01
 1.2600e+00  5.0004e-01
 1.2700e+00  5.0003e-01
 1.2800e+00  5.0003e-01
 1.2900e+00  5.0003e-01
 1.3000e+00  5.0003e-01
 1.3100e+00  5.0003e-01
 1.3200e+00  5.0003e-01
 1.3300e+00  5.0003e-01
 1.3400e+00  5.0003e-01
 1.3500e+00  5.0003e-01
 1.3600e+00  5.0003e-01
 1.3700e+00  5.0003e-01
 1.3800e+00  5.0002e-01
 1.3900e+00  5.0002e-01
 1.4000e+00  5.0002e-01
 1.4100e+00  5.0002e-01
 1.4200e+00  5.0002e-01
 1.4300e+00  5.0002e-01
 1.4400e+00  5.0002e-01
 1.4500e+00  5.0002e-01
 1.4600e+00  5.0002e-01
 1.4700e+00  5.0002e-01
 1.4800e+00  5.0002e-01
 1.4900e+00  5.0002e-01
 1.5000e+00  5.0002e-01
 1.5100e+00  5.0002e-01
 1.5200e+00  5.0002e-01
 1.5300e+00  5.0001e-01
 1.5400e+00  5.0001e-01
 1.5500e+00  5.0001e-01
 1.5600e+00  5.0001e-01
 1.5700e+00  5.0001e-01
 1.5800e+00  5.0001e-01
 1.5900e+00  5.0001e-01
 1.6000e+00  5.0001e-01
 1.6100e+00  5.0001e-01
 1.6200e+00  5.0001e-01
 1.6300e+00  5.0001e-01
 1.6400e+00  5.0001e-01
 1.6500e+00  5.0001e-01
 1.6600e+00  5.0001e-01
 1.6700e+00  5.0001e-01
 1.6800e+00  5.0001e-01
 1.6900e+00  5.0001e-01
 1.7000e+00  5.0001e-01
 1.7100e+00  5.0001e-01
 1.7200e+00  5.0001e-01
 1.7300e+00  5.0001e-01
 1.7400e+00  5.0001e-01
 1.7500e+00  5.0001e-01
 1.7600e+00  5.0001e-01
 1.7700e+00  5.0001e-01
 1.7800e+00  5.0001e-01
 1.7900e+00  5.0001e-01
 1.8000e+00  5.0001e-01
 1.8100e+00  5.0001e-01
 1.8200e+00  5.0001e-01
 1.8300e+00  5.0001e-01
 1.8400e+00  5.0001e-01
 1.8500e+00  5.0001e-01
 1.8600e+00  5.0001e-01
 1.8700e+00  5.0001e-01
 1.8800e+00  5.0001e-01
 1.8900e+00  5.0001e-01
 1.9000e+00  5.0001e-01
 1.9100e+00  5.0001e-01
 1.9200e+00  5.0001e-01
 1.9300e+00  5.0001e-01
 1.9400e+00  5.0000e-01
 1.9500e+00  5.0000e-01
 1.9600e+00  5.0000e-01
 1.9700e+00  5.0000e-01
 1.9800e+00  5.0000e-01
 1.9900e+00  5.0000e-01
