 0.0000e+00  0.0000e+00
 3.0030e-03  0.0000e+00
 6.0060e-03  0.0000e+00
 9.0090e-03  0.0000e+00
 1.2012e-02  0.0000e+00
 1.5015e-02  0.0000e+00
 1.8018e-02  0.0000e+00
 2.1021e-02  0.0000e+00
 2.4024e-02  0.0000e+00
 2.7027e-02  0.0000e+00
 3.0030e-02  0.0000e+00
 3.3033e-02  0.0000e+00
 3.6036e-02  0.0000e+00
 3.9039e-02  0.0000e+00
 4.2042e-02  0.0000e+00
 4.5045e-02  0.0000e+00
 4.8048e-02  0.0000e+00
 5.1051e-02  0.0000e+00
 5.4054e-02  0.0000e+00
 5.7057e-02  0.0000e+00
 6.0060e-02  0.0000e+00
 6.3063e-02  0.0000e+00
 6.6066e-02  0.0000e+00
 6.9069e-02  0.0000e+00
 7.2072e-02  0.0000e+00
 7.5075e-02  0.0000e+00
 7.8078e-02  0.0000e+00
 8.1081e-02  0.0000e+00
 8.4084e-02  0.0000e+00
 8.7087e-02  0.0000e+00
 9.0090e-02  0.0000e+00
 9.3093e-02  0.0000e+00
 9.6096e-02  0.0000e+00
 9.9099e-02  0.0000e+00
 1.0210e-01  0.0000e+00
 1.0511e-01  0.0000e+00
 1.0811e-01  0.0000e+00
 1.1111e-01  0.0000e+00
 1.1411e-01  0.0000e+00
 1.1712e-01  0.0000e+00
 1.2012e-01  0.0000e+00
 1.2312e-01  0.0000e+00
 1.2613e-01  0.0000e+00
 1.2913e-01  0.0000e+00
 1.3213e-01  0.0000e+00
 1.3514e-01  0.0000e+00
 1.3814e-01  0.0000e+00
 1.4114e-01  0.0000e+00
 1.4414e-01  0.0000e+00
 1.4715e-01  0.0000e+00
 1.5015e-01  0.0000e+00
 1.5315e-01  0.0000e+00
 1.5616e-01  0.0000e+00
 1.5916e-01  0.0000e+00
 1.6216e-01  0.0000e+00
 1.6517e-01  0.0000e+00
 1.6817e-01  0.0000e+00
 1.7117e-01  0.0000e+00
 1.7417e-01  0.0000e+00
 1.7718e-01  0.0000e+00
 1.8018e-01  0.0000e+00
 1.8318e-01  0.0000e+00
 1.8619e-01  0.0000e+00
 1.8919e-01  0.0000e+00
 1.9219e-01  0.0000e+00
 1.9520e-01  0.0000e+00
 1.9820e-01  0.0000e+00
 2.0120e-01  0.0000e+00
 2.0420e-01  0.0000e+00
 2.0721e-01  0.0000e+00
 2.1021e-01  0.0000e+00
 2.1321e-01  0.0000e+00
 2.1622e-01  0.0000e+00
 2.1922e-01  0.0000e+00
 2.2222e-01  0.0000e+00
 2.2523e-01  0.0000e+00
 2.2823e-01  0.0000e+00
 2.3123e-01  0.0000e+00
 2.3423e-01  0.0000e+00
 2.3724e-01  0.0000e+00
 2.4024e-01  0.0000e+00
 2.4324e-01  0.0000e+00
 2.4625e-01  0.0000e+00
 2.4925e-01  0.0000e+00
 2.5225e-01  0.0000e+00
 2.5526e-01  0.0000e+00
 2.5826e-01  0.0000e+00
 2.6126e-01  0.0000e+00
 2.6426e-01  0.0000e+00
 2.6727e-01  0.0000e+00
 2.7027e-01  0.0000e+00
 2.7327e-01  0.0000e+00
 2.7628e-01  0.0000e+00
 2.7928e-01  0.0000e+00
 2.8228e-01  0.0000e+00
 2.8529e-01  0.0000e+00
 2.8829e-01  0.0000e+00
 2.9129e-01  0.0000e+00
 2.9429e-01  0.0000e+00
 2.9730e-01  0.0000e+00
 3.0030e-01  0.0000e+00
 3.0330e-01  0.0000e+00
 3.0631e-01  0.0000e+00
 3.0931e-01  0.0000e+00
 3.1231e-01  0.0000e+00
 3.1532e-01  0.0000e+00
 3.1832e-01  0.0000e+00
 3.2132e-01  0.0000e+00
 3.2432e-01  0.0000e+00
 3.2733e-01  0.0000e+00
 3.3033e-01  0.0000e+00
 3.3333e-01  0.0000e+00
 3.3634e-01  0.0000e+00
 3.3934e-01  0.0000e+00
 3.4234e-01  0.0000e+00
 3.4535e-01  0.0000e+00
 3.4835e-01  0.0000e+00
 3.5135e-01  0.0000e+00
 3.5435e-01  0.0000e+00
 3.5736e-01  0.0000e+00
 3.6036e-01  0.0000e+00
 3.6336e-01  0.0000e+00
 3.6637e-01  0.0000e+00
 3.6937e-01  0.0000e+00
 3.7237e-01  0.0000e+00
 3.7538e-01  0.0000e+00
 3.7838e-01  0.0000e+00
 3.8138e-01  0.0000e+00
 3.8438e-01  0.0000e+00
 3.8739e-01  0.0000e+00
 3.9039e-01  0.0000e+00
 3.9339e-01  0.0000e+00
 3.9640e-01  0.0000e+00
 3.9940e-01  0.0000e+00
 4.0240e-01  0.0000e+00
 4.0541e-01  0.0000e+00
 4.0841e-01  0.0000e+00
 4.1141e-01  0.0000e+00
 4.1441e-01  0.0000e+00
 4.1742e-01  0.0000e+00
 4.2042e-01  0.0000e+00
 4.2342e-01  0.0000e+00
 4.2643e-01  0.0000e+00
 4.2943e-01  0.0000e+00
 4.3243e-01  0.0000e+00
 4.3544e-01  0.0000e+00
 4.3844e-01  0.0000e+00
 4.4144e-01  0.0000e+00
 4.4444e-01  0.0000e+00
 4.4745e-01  0.0000e+00
 4.5045e-01  0.0000e+00
 4.5345e-01  0.0000e+00
 4.5646e-01  0.0000e+00
 4.5946e-01  0.0000e+00
 4.6246e-01  0.0000e+00
 4.6547e-01  0.0000e+00
 4.6847e-01  0.0000e+00
 4.7147e-01  0.0000e+00
 4.7447e-01  0.0000e+00
 4.7748e-01  0.0000e+00
 4.8048e-01  0.0000e+00
 4.8348e-01  0.0000e+00
 4.8649e-01  0.0000e+00
 4.8949e-01  0.0000e+00
 4.9249e-01  0.0000e+00
 4.9550e-01  0.0000e+00
 4.9850e-01  0.0000e+00
 5.0150e-01  0.0000e+00
 5.0450e-01  0.0000e+00
 5.0751e-01  0.0000e+00
 5.1051e-01  0.0000e+00
 5.1351e-01  0.0000e+00
 5.1652e-01  0.0000e+00
 5.1952e-01  0.0000e+00
 5.2252e-01  0.0000e+00
 5.2553e-01  0.0000e+00
 5.2853e-01  0.0000e+00
 5.3153e-01  0.0000e+00
 5.3453e-01  0.0000e+00
 5.3754e-01  0.0000e+00
 5.4054e-01  0.0000e+00
 5.4354e-01  0.0000e+00
 5.4655e-01  0.0000e+00
 5.4955e-01  0.0000e+00
 5.5255e-01  0.0000e+00
 5.5556e-01  0.0000e+00
 5.5856e-01  0.0000e+00
 5.6156e-01  0.0000e+00
 5.6456e-01  0.0000e+00
 5.6757e-01  0.0000e+00
 5.7057e-01  0.0000e+00
 5.7357e-01  0.0000e+00
 5.7658e-01  0.0000e+00
 5.7958e-01  0.0000e+00
 5.8258e-01  0.0000e+00
 5.8559e-01  0.0000e+00
 5.8859e-01  0.0000e+00
 5.9159e-01  0.0000e+00
 5.9459e-01  0.0000e+00
 5.9760e-01  0.0000e+00
 6.0060e-01  0.0000e+00
 6.0360e-01  0.0000e+00
 6.0661e-01  0.0000e+00
 6.0961e-01  0.0000e+00
 6.1261e-01  0.0000e+00
 6.1562e-01  0.0000e+00
 6.1862e-01  0.0000e+00
 6.2162e-01  0.0000e+00
 6.2462e-01  0.0000e+00
 6.2763e-01  0.0000e+00
 6.3063e-01  0.0000e+00
 6.3363e-01  0.0000e+00
 6.3664e-01  0.0000e+00
 6.3964e-01  0.0000e+00
 6.4264e-01  0.0000e+00
 6.4565e-01  0.0000e+00
 6.4865e-01  0.0000e+00
 6.5165e-01  0.0000e+00
 6.5465e-01  0.0000e+00
 6.5766e-01  0.0000e+00
 6.6066e-01  0.0000e+00
 6.6366e-01  0.0000e+00
 6.6667e-01  0.0000e+00
 6.6967e-01  0.0000e+00
 6.7267e-01  0.0000e+00
 6.7568e-01  0.0000e+00
 6.7868e-01  0.0000e+00
 6.8168e-01  0.0000e+00
 6.8468e-01  0.0000e+00
 6.8769e-01  0.0000e+00
 6.9069e-01  0.0000e+00
 6.9369e-01  0.0000e+00
 6.9670e-01  0.0000e+00
 6.9970e-01  0.0000e+00
 7.0270e-01  0.0000e+00
 7.0571e-01  0.0000e+00
 7.0871e-01  0.0000e+00
 7.1171e-01  0.0000e+00
 7.1471e-01  0.0000e+00
 7.1772e-01  0.0000e+00
 7.2072e-01  0.0000e+00
 7.2372e-01  0.0000e+00
 7.2673e-01  0.0000e+00
 7.2973e-01  0.0000e+00
 7.3273e-01  0.0000e+00
 7.3574e-01  0.0000e+00
 7.3874e-01  0.0000e+00
 7.4174e-01  0.0000e+00
 7.4474e-01  0.0000e+00
 7.4775e-01  0.0000e+00
 7.5075e-01  0.0000e+00
 7.5375e-01  0.0000e+00
 7.5676e-01  0.0000e+00
 7.5976e-01  0.0000e+00
 7.6276e-01  0.0000e+00
 7.6577e-01  0.0000e+00
 7.6877e-01  0.0000e+00
 7.7177e-01  0.0000e+00
 7.7477e-01  0.0000e+00
 7.7778e-01  0.0000e+00
 7.8078e-01  0.0000e+00
 7.8378e-01  0.0000e+00
 7.8679e-01  0.0000e+00
 7.8979e-01  0.0000e+00
 7.9279e-01  0.0000e+00
 7.9580e-01  0.0000e+00
 7.9880e-01  0.0000e+00
 8.0180e-01  0.0000e+00
 8.0480e-01  0.0000e+00
 8.0781e-01  0.0000e+00
 8.1081e-01  0.0000e+00
 8.1381e-01  0.0000e+00
 8.1682e-01  0.0000e+00
 8.1982e-01  0.0000e+00
 8.2282e-01  0.0000e+00
 8.2583e-01  0.0000e+00
 8.2883e-01  0.0000e+00
 8.3183e-01  0.0000e+00
 8.3483e-01  0.0000e+00
 8.3784e-01  0.0000e+00
 8.4084e-01  0.0000e+00
 8.4384e-01  0.0000e+00
 8.4685e-01  0.0000e+00
 8.4985e-01  0.0000e+00
 8.5285e-01  0.0000e+00
 8.5586e-01  0.0000e+00
 8.5886e-01  0.0000e+00
 8.6186e-01  0.0000e+00
 8.6486e-01  0.0000e+00
 8.6787e-01  0.0000e+00
 8.7087e-01  0.0000e+00
 8.7387e-01  0.0000e+00
 8.7688e-01  0.0000e+00
 8.7988e-01  0.0000e+00
 8.8288e-01  0.0000e+00
 8.8589e-01  0.0000e+00
 8.8889e-01  0.0000e+00
 8.9189e-01  0.0000e+00
 8.9489e-01  0.0000e+00
 8.9790e-01  0.0000e+00
 9.0090e-01  0.0000e+00
 9.0390e-01  0.0000e+00
 9.0691e-01  0.0000e+00
 9.0991e-01  0.0000e+00
 9.1291e-01  0.0000e+00
 9.1592e-01  0.0000e+00
 9.1892e-01  0.0000e+00
 9.2192e-01  0.0000e+00
 9.2492e-01  0.0000e+00
 9.2793e-01  0.0000e+00
 9.3093e-01  0.0000e+00
 9.3393e-01  0.0000e+00
 9.3694e-01  0.0000e+00
 9.3994e-01  0.0000e+00
 9.4294e-01  0.0000e+00
 9.4595e-01  0.0000e+00
 9.4895e-01  0.0000e+00
 9.5195e-01  0.0000e+00
 9.5495e-01  0.0000e+00
 9.5796e-01  0.0000e+00
 9.6096e-01  0.0000e+00
 9.6396e-01  0.0000e+00
 9.6697e-01  0.0000e+00
 9.6997e-01  0.0000e+00
 9.7297e-01  0.0000e+00
 9.7598e-01  0.0000e+00
 9.7898e-01  0.0000e+00
 9.8198e-01  0.0000e+00
 9.8498e-01  0.0000e+00
 9.8799e-01  0.0000e+00
 9.9099e-01  0.0000e+00
 9.9399e-01  0.0000e+00
 9.9700e-01  0.0000e+00
 1.0000e+00  0.0000e+00
 1.0030e+00  0.0000e+00
 1.0060e+00  0.0000e+00
 1.0090e+00  0.0000e+00
 1.0120e+00  0.0000e+00
 1.0150e+00  0.0000e+00
 1.0180e+00  0.0000e+00
 1.0210e+00  0.0000e+00
 1.0240e+00  0.0000e+00
 1.0270e+00  0.0000e+00
 1.0300e+00  0.0000e+00
 1.0330e+00  0.0000e+00
 1.0360e+00  0.0000e+00
 1.0390e+00  0.0000e+00
 1.0420e+00  0.0000e+00
 1.0450e+00  0.0000e+00
 1.0480e+00  0.0000e+00
 1.0511e+00  0.0000e+00
 1.0541e+00  0.0000e+00
 1.0571e+00  0.0000e+00
 1.0601e+00  0.0000e+00
 1.0631e+00  0.0000e+00
 1.0661e+00  0.0000e+00
 1.0691e+00  0.0000e+00
 1.0721e+00  0.0000e+00
 1.0751e+00  0.0000e+00
 1.0781e+00  0.0000e+00
 1.0811e+00  0.0000e+00
 1.0841e+00  0.0000e+00
 1.0871e+00  0.0000e+00
 1.0901e+00  0.0000e+00
 1.0931e+00  0.0000e+00
 1.0961e+00  0.0000e+00
 1.0991e+00  0.0000e+00
 1.1021e+00  0.0000e+00
 1.1051e+00  0.0000e+00
 1.1081e+00  0.0000e+00
 1.1111e+00  0.0000e+00
 1.1141e+00  0.0000e+00
 1.1171e+00  0.0000e+00
 1.1201e+00  0.0000e+00
 1.1231e+00  0.0000e+00
 1.1261e+00  0.0000e+00
 1.1291e+00  0.0000e+00
 1.1321e+00  0.0000e+00
 1.1351e+00  0.0000e+00
 1.1381e+00  0.0000e+00
 1.1411e+00  0.0000e+00
 1.1441e+00  0.0000e+00
 1.1471e+00  0.0000e+00
 1.1502e+00  0.0000e+00
 1.1532e+00  0.0000e+00
 1.1562e+00  0.0000e+00
 1.1592e+00  0.0000e+00
 1.1622e+00  0.0000e+00
 1.1652e+00  0.0000e+00
 1.1682e+00  0.0000e+00
 1.1712e+00  0.0000e+00
 1.1742e+00  0.0000e+00
 1.1772e+00  0.0000e+00
 1.1802e+00  0.0000e+00
 1.1832e+00  0.0000e+00
 1.1862e+00  0.0000e+00
 1.1892e+00  0.0000e+00
 1.1922e+00  0.0000e+00
 1.1952e+00  0.0000e+00
 1.1982e+00  0.0000e+00
 1.2012e+00  0.0000e+00
 1.2042e+00  0.0000e+00
 1.2072e+00  0.0000e+00
 1.2102e+00  0.0000e+00
 1.2132e+00  0.0000e+00
 1.2162e+00  0.0000e+00
 1.2192e+00  0.0000e+00
 1.2222e+00  0.0000e+00
 1.2252e+00  0.0000e+00
 1.2282e+00  0.0000e+00
 1.2312e+00  0.0000e+00
 1.2342e+00  0.0000e+00
 1.2372e+00  0.0000e+00
 1.2402e+00  0.0000e+00
 1.2432e+00  0.0000e+00
 1.2462e+00  0.0000e+00
 1.2492e+00  0.0000e+00
 1.2523e+00  0.0000e+00
 1.2553e+00  0.0000e+00
 1.2583e+00  0.0000e+00
 1.2613e+00  0.0000e+00
 1.2643e+00  0.0000e+00
 1.2673e+00  0.0000e+00
 1.2703e+00  0.0000e+00
 1.2733e+00  0.0000e+00
 1.2763e+00  0.0000e+00
 1.2793e+00  0.0000e+00
 1.2823e+00  0.0000e+00
 1.2853e+00  0.0000e+00
 1.2883e+00  0.0000e+00
 1.2913e+00  0.0000e+00
 1.2943e+00  0.0000e+00
 1.2973e+00  0.0000e+00
 1.3003e+00  0.0000e+00
 1.3033e+00  0.0000e+00
 1.3063e+00  0.0000e+00
 1.3093e+00  0.0000e+00
 1.3123e+00  0.0000e+00
 1.3153e+00  0.0000e+00
 1.3183e+00  0.0000e+00
 1.3213e+00  0.0000e+00
 1.3243e+00  0.0000e+00
 1.3273e+00  0.0000e+00
 1.3303e+00  0.0000e+00
 1.3333e+00  0.0000e+00
 1.3363e+00  0.0000e+00
 1.3393e+00  0.0000e+00
 1.3423e+00  0.0000e+00
 1.3453e+00  0.0000e+00
 1.3483e+00  0.0000e+00
 1.3514e+00  0.0000e+00
 1.3544e+00  0.0000e+00
 1.3574e+00  0.0000e+00
 1.3604e+00  0.0000e+00
 1.3634e+00  0.0000e+00
 1.3664e+00  0.0000e+00
 1.3694e+00  0.0000e+00
 1.3724e+00  0.0000e+00
 1.3754e+00  0.0000e+00
 1.3784e+00  0.0000e+00
 1.3814e+00  0.0000e+00
 1.3844e+00  0.0000e+00
 1.3874e+00  0.0000e+00
 1.3904e+00  0.0000e+00
 1.3934e+00  0.0000e+00
 1.3964e+00  0.0000e+00
 1.3994e+00  0.0000e+00
 1.4024e+00  5.1769e-03
 1.4054e+00  9.1809e-03
 1.4084e+00  1.3368e-02
 1.4114e+00  1.7697e-02
 1.4144e+00  2.2121e-02
 1.4174e+00  2.6595e-02
 1.4204e+00  3.1075e-02
 1.4234e+00  3.5509e-02
 1.4264e+00  3.9851e-02
 1.4294e+00  4.4050e-02
 1.4324e+00  4.8057e-02
 1.4354e+00  5.1816e-02
 1.4384e+00  5.5283e-02
 1.4414e+00  5.8395e-02
 1.4444e+00  6.1113e-02
 1.4474e+00  6.3373e-02
 1.4505e+00  6.5127e-02
 1.4535e+00  6.6356e-02
 1.4565e+00  6.7095e-02
 1.4595e+00  6.7418e-02
 1.4625e+00  6.7380e-02
 1.4655e+00  6.7047e-02
 1.4685e+00  6.6486e-02
 1.4715e+00  6.5765e-02
 1.4745e+00  6.4951e-02
 1.4775e+00  6.6217e-02
 1.4805e+00  6.5783e-02
 1.4835e+00  6.5082e-02
 1.4865e+00  6.4584e-02
 1.4895e+00  6.4357e-02
 1.4925e+00  6.4470e-02
 1.4955e+00  6.4986e-02
 1.4985e+00  6.5969e-02
 1.5015e+00  6.7575e-02
 1.5045e+00  6.9809e-02
 1.5075e+00  7.2516e-02
 1.5105e+00  7.5635e-02
 1.5135e+00  7.9105e-02
 1.5165e+00  8.2874e-02
 1.5195e+00  8.6885e-02
 1.5225e+00  9.1089e-02
 1.5255e+00  9.5437e-02
 1.5285e+00  9.9884e-02
 1.5315e+00  1.0439e-01
 1.5345e+00  1.0892e-01
 1.5375e+00  1.1344e-01
 1.5405e+00  1.1792e-01
 1.5435e+00  1.2235e-01
 1.5465e+00  1.2668e-01
 1.5495e+00  1.3092e-01
 1.5526e+00  1.3506e-01
 1.5556e+00  1.3906e-01
 1.5586e+00  1.4296e-01
 1.5616e+00  1.4675e-01
 1.5646e+00  1.5042e-01
 1.5676e+00  1.5399e-01
 1.5706e+00  1.5746e-01
 1.5736e+00  1.6083e-01
 1.5766e+00  1.6411e-01
 1.5796e+00  1.6731e-01
 1.5826e+00  1.7043e-01
 1.5856e+00  1.7347e-01
 1.5886e+00  1.7645e-01
 1.5916e+00  1.7937e-01
 1.5946e+00  1.8225e-01
 1.5976e+00  1.8509e-01
 1.6006e+00  1.8791e-01
 1.6036e+00  1.9072e-01
 1.6066e+00  1.9355e-01
 1.6096e+00  1.9644e-01
 1.6126e+00  1.9941e-01
 1.6156e+00  2.0249e-01
 1.6186e+00  2.0570e-01
 1.6216e+00  2.0908e-01
 1.6246e+00  2.1267e-01
 1.6276e+00  2.1649e-01
 1.6306e+00  2.2058e-01
 1.6336e+00  2.2498e-01
 1.6366e+00  2.2868e-01
 1.6396e+00  2.3108e-01
 1.6426e+00  2.3365e-01
 1.6456e+00  2.3640e-01
 1.6486e+00  2.3935e-01
 1.6517e+00  2.4251e-01
 1.6547e+00  2.4584e-01
 1.6577e+00  2.4930e-01
 1.6607e+00  2.5281e-01
 1.6637e+00  2.5632e-01
 1.6667e+00  2.5976e-01
 1.6697e+00  2.6308e-01
 1.6727e+00  2.6622e-01
 1.6757e+00  2.6911e-01
 1.6787e+00  2.7170e-01
 1.6817e+00  2.7392e-01
 1.6847e+00  2.7571e-01
 1.6877e+00  2.7702e-01
 1.6907e+00  2.7778e-01
 1.6937e+00  2.7794e-01
 1.6967e+00  2.7745e-01
 1.6997e+00  2.7629e-01
 1.7027e+00  2.7438e-01
 1.7057e+00  2.7176e-01
 1.7087e+00  2.6850e-01
 1.7117e+00  2.6304e-01
 1.7147e+00  2.5646e-01
 1.7177e+00  2.4934e-01
 1.7207e+00  2.4180e-01
 1.7237e+00  2.3391e-01
 1.7267e+00  2.2578e-01
 1.7297e+00  2.1750e-01
 1.7327e+00  2.0916e-01
 1.7357e+00  2.0086e-01
 1.7387e+00  1.9270e-01
 1.7417e+00  1.8478e-01
 1.7447e+00  1.7720e-01
 1.7477e+00  1.7006e-01
 1.7508e+00  1.6346e-01
 1.7538e+00  1.5746e-01
 1.7568e+00  1.5201e-01
 1.7598e+00  1.4708e-01
 1.7628e+00  1.4262e-01
 1.7658e+00  1.3856e-01
 1.7688e+00  1.3488e-01
 1.7718e+00  1.3152e-01
 1.7748e+00  1.2842e-01
 1.7778e+00  1.2554e-01
 1.7808e+00  1.2283e-01
 1.7838e+00  1.2024e-01
 1.7868e+00  1.1770e-01
 1.7898e+00  1.1518e-01
 1.7928e+00  1.1261e-01
 1.7958e+00  1.0994e-01
 1.7988e+00  1.0713e-01
 1.8018e+00  1.0412e-01
 1.8048e+00  1.0090e-01
 1.8078e+00  9.7516e-02
 1.8108e+00  9.3994e-02
 1.8138e+00  9.0372e-02
 1.8168e+00  8.6684e-02
 1.8198e+00  8.2972e-02
 1.8228e+00  7.9265e-02
 1.8258e+00  7.5604e-02
 1.8288e+00  7.2027e-02
 1.8318e+00  6.8571e-02
 1.8348e+00  6.5270e-02
 1.8378e+00  6.2166e-02
 1.8408e+00  5.9295e-02
 1.8438e+00  5.6695e-02
 1.8468e+00  5.4407e-02
 1.8498e+00  5.2469e-02
 1.8529e+00  5.0909e-02
 1.8559e+00  4.9711e-02
 1.8589e+00  4.8844e-02
 1.8619e+00  4.7222e-02
 1.8649e+00  4.6308e-02
 1.8679e+00  4.5818e-02
 1.8709e+00  4.5608e-02
 1.8739e+00  4.5607e-02
 1.8769e+00  4.5770e-02
 1.8799e+00  4.6051e-02
 1.8829e+00  4.6418e-02
 1.8859e+00  4.6832e-02
 1.8889e+00  4.7260e-02
 1.8919e+00  4.7670e-02
 1.8949e+00  4.8028e-02
 1.8979e+00  4.8305e-02
 1.9009e+00  4.8467e-02
 1.9039e+00  4.8499e-02
 1.9069e+00  4.8402e-02
 1.9099e+00  4.8184e-02
 1.9129e+00  4.7852e-02
 1.9159e+00  4.7412e-02
 1.9189e+00  4.6871e-02
 1.9219e+00  4.6235e-02
 1.9249e+00  4.5509e-02
 1.9279e+00  4.4701e-02
 1.9309e+00  4.3818e-02
 1.9339e+00  4.2864e-02
 1.9369e+00  4.1848e-02
 1.9399e+00  4.0775e-02
 1.9429e+00  3.9652e-02
 1.9459e+00  3.8485e-02
 1.9489e+00  3.7280e-02
 1.9520e+00  3.6043e-02
 1.9550e+00  3.4784e-02
 1.9580e+00  3.3513e-02
 1.9610e+00  3.2240e-02
 1.9640e+00  3.0972e-02
 1.9670e+00  2.9722e-02
 1.9700e+00  2.8501e-02
 1.9730e+00  2.7315e-02
 1.9760e+00  2.6177e-02
 1.9790e+00  2.5097e-02
 1.9820e+00  2.4084e-02
 1.9850e+00  2.3148e-02
 1.9880e+00  2.2299e-02
 1.9910e+00  2.1548e-02
 1.9940e+00  2.0905e-02
 1.9970e+00  2.0379e-02
 2.0000e+00  1.9981e-02
 2.0030e+00  1.9956e-02
 2.0060e+00  1.9930e-02
 2.0090e+00  1.9906e-02
 2.0120e+00  1.9881e-02
 2.0150e+00  1.9857e-02
 2.0180e+00  1.9834e-02
 2.0210e+00  1.9811e-02
 2.0240e+00  1.9789e-02
 2.0270e+00  1.9766e-02
 2.0300e+00  1.9745e-02
 2.0330e+00  1.9723e-02
 2.0360e+00  1.9702e-02
 2.0390e+00  1.9681e-02
 2.0420e+00  1.9661e-02
 2.0450e+00  1.9641e-02
 2.0480e+00  1.9621e-02
 2.0511e+00  1.9602e-02
 2.0541e+00  1.9583e-02
 2.0571e+00  1.9564e-02
 2.0601e+00  1.9546e-02
 2.0631e+00  1.9528e-02
 2.0661e+00  1.9510e-02
 2.0691e+00  1.9492e-02
 2.0721e+00  1.9475e-02
 2.0751e+00  1.9458e-02
 2.0781e+00  1.9441e-02
 2.0811e+00  1.9424e-02
 2.0841e+00  1.9408e-02
 2.0871e+00  1.9392e-02
 2.0901e+00  1.9376e-02
 2.0931e+00  1.9360e-02
 2.0961e+00  1.9345e-02
 2.0991e+00  1.9329e-02
 2.1021e+00  1.9314e-02
 2.1051e+00  1.9299e-02
 2.1081e+00  1.9285e-02
 2.1111e+00  1.9270e-02
 2.1141e+00  1.9256e-02
 2.1171e+00  1.9242e-02
 2.1201e+00  1.9228e-02
 2.1231e+00  1.9215e-02
 2.1261e+00  1.9201e-02
 2.1291e+00  1.9188e-02
 2.1321e+00  1.9175e-02
 2.1351e+00  1.9162e-02
 2.1381e+00  1.9149e-02
 2.1411e+00  1.9136e-02
 2.1441e+00  1.9124e-02
 2.1471e+00  1.9111e-02
 2.1502e+00  1.9099e-02
 2.1532e+00  1.9087e-02
 2.1562e+00  1.9075e-02
 2.1592e+00  1.9064e-02
 2.1622e+00  1.9052e-02
 2.1652e+00  1.9040e-02
 2.1682e+00  1.9029e-02
 2.1712e+00  1.9018e-02
 2.1742e+00  1.9007e-02
 2.1772e+00  1.8996e-02
 2.1802e+00  1.8985e-02
 2.1832e+00  1.8975e-02
 2.1862e+00  1.8964e-02
 2.1892e+00  1.8954e-02
 2.1922e+00  1.8943e-02
 2.1952e+00  1.8933e-02
 2.1982e+00  1.8923e-02
 2.2012e+00  1.8913e-02
 2.2042e+00  1.8903e-02
 2.2072e+00  1.8893e-02
 2.2102e+00  1.8884e-02
 2.2132e+00  1.8874e-02
 2.2162e+00  1.8865e-02
 2.2192e+00  1.8856e-02
 2.2222e+00  1.8846e-02
 2.2252e+00  1.8837e-02
 2.2282e+00  1.8828e-02
 2.2312e+00  1.8819e-02
 2.2342e+00  1.8810e-02
 2.2372e+00  1.8802e-02
 2.2402e+00  1.8793e-02
 2.2432e+00  1.8785e-02
 2.2462e+00  1.8776e-02
 2.2492e+00  1.8768e-02
 2.2523e+00  1.8759e-02
 2.2553e+00  1.8751e-02
 2.2583e+00  1.8743e-02
 2.2613e+00  1.8735e-02
 2.2643e+00  1.8727e-02
 2.2673e+00  1.8719e-02
 2.2703e+00  1.8712e-02
 2.2733e+00  1.8704e-02
 2.2763e+00  1.8696e-02
 2.2793e+00  1.8689e-02
 2.2823e+00  1.8681e-02
 2.2853e+00  1.8674e-02
 2.2883e+00  1.8666e-02
 2.2913e+00  1.8659e-02
 2.2943e+00  1.8652e-02
 2.2973e+00  1.8645e-02
 2.3003e+00  1.8638e-02
 2.3033e+00  1.8631e-02
 2.3063e+00  1.8624e-02
 2.3093e+00  1.8617e-02
 2.3123e+00  1.8610e-02
 2.3153e+00  1.8604e-02
 2.3183e+00  1.8597e-02
 2.3213e+00  1.8590e-02
 2.3243e+00  1.8584e-02
 2.3273e+00  1.8577e-02
 2.3303e+00  1.8571e-02
 2.3333e+00  1.8565e-02
 2.3363e+00  1.8558e-02
 2.3393e+00  1.8552e-02
 2.3423e+00  1.8546e-02
 2.3453e+00  1.8540e-02
 2.3483e+00  1.8534e-02
 2.3514e+00  1.8528e-02
 2.3544e+00  1.8522e-02
 2.3574e+00  1.8516e-02
 2.3604e+00  1.8510e-02
 2.3634e+00  1.8504e-02
 2.3664e+00  1.8499e-02
 2.3694e+00  1.8493e-02
 2.3724e+00  1.8487e-02
 2.3754e+00  1.8482e-02
 2.3784e+00  1.8476e-02
 2.3814e+00  1.8471e-02
 2.3844e+00  1.8465e-02
 2.3874e+00  1.8460e-02
 2.3904e+00  1.8454e-02
 2.3934e+00  1.8449e-02
 2.3964e+00  1.8444e-02
 2.3994e+00  1.8439e-02
 2.4024e+00  1.8434e-02
 2.4054e+00  1.8428e-02
 2.4084e+00  1.8423e-02
 2.4114e+00  1.8418e-02
 2.4144e+00  1.8413e-02
 2.4174e+00  1.8408e-02
 2.4204e+00  1.8404e-02
 2.4234e+00  1.8399e-02
 2.4264e+00  1.8394e-02
 2.4294e+00  1.8389e-02
 2.4324e+00  1.8384e-02
 2.4354e+00  1.8380e-02
 2.4384e+00  1.8375e-02
 2.4414e+00  1.8370e-02
 2.4444e+00  1.8366e-02
 2.4474e+00  1.8361e-02
 2.4505e+00  1.8357e-02
 2.4535e+00  1.8352e-02
 2.4565e+00  1.8348e-02
 2.4595e+00  1.8344e-02
 2.4625e+00  1.8339e-02
 2.4655e+00  1.8335e-02
 2.4685e+00  1.8331e-02
 2.4715e+00  1.8326e-02
 2.4745e+00  1.8322e-02
 2.4775e+00  1.8318e-02
 2.4805e+00  1.8314e-02
 2.4835e+00  1.8310e-02
 2.4865e+00  1.8306e-02
 2.4895e+00  1.8302e-02
 2.4925e+00  1.8298e-02
 2.4955e+00  1.8294e-02
 2.4985e+00  1.8290e-02
 2.5015e+00  1.8286e-02
 2.5045e+00  1.8282e-02
 2.5075e+00  1.8278e-02
 2.5105e+00  1.8274e-02
 2.5135e+00  1.8270e-02
 2.5165e+00  1.8267e-02
 2.5195e+00  1.8263e-02
 2.5225e+00  1.8259e-02
 2.5255e+00  1.8255e-02
 2.5285e+00  1.8252e-02
 2.5315e+00  1.8248e-02
 2.5345e+00  1.8245e-02
 2.5375e+00  1.8241e-02
 2.5405e+00  1.8093e-02
 2.5435e+00  1.7868e-02
 2.5465e+00  1.7738e-02
 2.5495e+00  1.7637e-02
 2.5526e+00  1.7551e-02
 2.5556e+00  1.7476e-02
 2.5586e+00  1.7409e-02
 2.5616e+00  1.7347e-02
 2.5646e+00  1.7290e-02
 2.5676e+00  1.7237e-02
 2.5706e+00  1.7187e-02
 2.5736e+00  1.7140e-02
 2.5766e+00  1.7095e-02
 2.5796e+00  1.7053e-02
 2.5826e+00  1.7012e-02
 2.5856e+00  1.6973e-02
 2.5886e+00  1.6936e-02
 2.5916e+00  1.6900e-02
 2.5946e+00  1.6865e-02
 2.5976e+00  1.6831e-02
 2.6006e+00  1.6799e-02
 2.6036e+00  1.6767e-02
 2.6066e+00  1.6737e-02
 2.6096e+00  1.6707e-02
 2.6126e+00  1.6678e-02
 2.6156e+00  1.6650e-02
 2.6186e+00  1.6623e-02
 2.6216e+00  1.6596e-02
 2.6246e+00  1.6570e-02
 2.6276e+00  1.6545e-02
 2.6306e+00  1.6520e-02
 2.6336e+00  1.6496e-02
 2.6366e+00  1.6472e-02
 2.6396e+00  1.6449e-02
 2.6426e+00  1.6426e-02
 2.6456e+00  1.6404e-02
 2.6486e+00  1.6382e-02
 2.6517e+00  1.6361e-02
 2.6547e+00  1.6340e-02
 2.6577e+00  1.6319e-02
 2.6607e+00  1.6299e-02
 2.6637e+00  1.6279e-02
 2.6667e+00  1.6260e-02
 2.6697e+00  1.6241e-02
 2.6727e+00  1.6222e-02
 2.6757e+00  1.6204e-02
 2.6787e+00  1.6186e-02
 2.6817e+00  1.6168e-02
 2.6847e+00  1.6150e-02
 2.6877e+00  1.6133e-02
 2.6907e+00  1.6116e-02
 2.6937e+00  1.6100e-02
 2.6967e+00  1.6083e-02
 2.6997e+00  1.6067e-02
 2.7027e+00  1.6051e-02
 2.7057e+00  1.6036e-02
 2.7087e+00  1.6020e-02
 2.7117e+00  1.6005e-02
 2.7147e+00  1.5990e-02
 2.7177e+00  1.5975e-02
 2.7207e+00  1.5960e-02
 2.7237e+00  1.5946e-02
 2.7267e+00  1.5932e-02
 2.7297e+00  1.5918e-02
 2.7327e+00  1.5904e-02
 2.7357e+00  1.5891e-02
 2.7387e+00  1.5877e-02
 2.7417e+00  1.5864e-02
 2.7447e+00  1.5851e-02
 2.7477e+00  1.5838e-02
 2.7508e+00  1.5825e-02
 2.7538e+00  1.5812e-02
 2.7568e+00  1.5800e-02
 2.7598e+00  1.5788e-02
 2.7628e+00  1.5776e-02
 2.7658e+00  1.5764e-02
 2.7688e+00  1.5752e-02
 2.7718e+00  1.5740e-02
 2.7748e+00  1.5729e-02
 2.7778e+00  1.5717e-02
 2.7808e+00  1.5706e-02
 2.7838e+00  1.5695e-02
 2.7868e+00  1.5684e-02
 2.7898e+00  1.5673e-02
 2.7928e+00  1.5662e-02
 2.7958e+00  1.5651e-02
 2.7988e+00  1.5641e-02
 2.8018e+00  1.5630e-02
 2.8048e+00  1.5620e-02
 2.8078e+00  1.5610e-02
 2.8108e+00  1.5600e-02
 2.8138e+00  1.5590e-02
 2.8168e+00  1.5580e-02
 2.8198e+00  1.5570e-02
 2.8228e+00  1.5560e-02
 2.8258e+00  1.5551e-02
 2.8288e+00  1.5541e-02
 2.8318e+00  1.5532e-02
 2.8348e+00  1.5523e-02
 2.8378e+00  1.5514e-02
 2.8408e+00  1.5505e-02
 2.8438e+00  1.5496e-02
 2.8468e+00  1.5487e-02
 2.8498e+00  1.5478e-02
 2.8529e+00  1.5469e-02
 2.8559e+00  1.5460e-02
 2.8589e+00  1.5452e-02
 2.8619e+00  1.5443e-02
 2.8649e+00  1.5435e-02
 2.8679e+00  1.5427e-02
 2.8709e+00  1.5419e-02
 2.8739e+00  1.5410e-02
 2.8769e+00  1.5402e-02
 2.8799e+00  1.5394e-02
 2.8829e+00  1.5386e-02
 2.8859e+00  1.5379e-02
 2.8889e+00  1.5371e-02
 2.8919e+00  1.5363e-02
 2.8949e+00  1.5356e-02
 2.8979e+00  1.5348e-02
 2.9009e+00  1.5340e-02
 2.9039e+00  1.5333e-02
 2.9069e+00  1.5326e-02
 2.9099e+00  1.5318e-02
 2.9129e+00  1.5311e-02
 2.9159e+00  1.5304e-02
 2.9189e+00  1.5297e-02
 2.9219e+00  1.5290e-02
 2.9249e+00  1.5283e-02
 2.9279e+00  1.5276e-02
 2.9309e+00  1.5269e-02
 2.9339e+00  1.5262e-02
 2.9369e+00  1.5256e-02
 2.9399e+00  1.5249e-02
 2.9429e+00  1.5242e-02
 2.9459e+00  1.5236e-02
 2.9489e+00  1.5229e-02
 2.9520e+00  1.5223e-02
 2.9550e+00  1.5217e-02
 2.9580e+00  1.5210e-02
 2.9610e+00  1.5204e-02
 2.9640e+00  1.5198e-02
 2.9670e+00  1.5191e-02
 2.9700e+00  1.5185e-02
 2.9730e+00  1.5179e-02
 2.9760e+00  1.5173e-02
 2.9790e+00  1.5167e-02
 2.9820e+00  1.5161e-02
 2.9850e+00  1.5155e-02
 2.9880e+00  1.5150e-02
 2.9910e+00  1.5144e-02
 2.9940e+00  1.5138e-02
 2.9970e+00  1.5132e-02
 3.0000e+00  1.5127e-02
