 1.0000e-02  0.0000e+00
 2.0000e-02  0.0000e+00
 3.0000e-02  0.0000e+00
 4.0000e-02  0.0000e+00
 5.0000e-02  0.0000e+00
 6.0000e-02  0.0000e+00
 7.0000e-02  0.0000e+00
 8.0000e-02  0.0000e+00
 9.0000e-02  0.0000e+00
 1.0000e-01  0.0000e+00
 1.1000e-01  0.0000e+00
 1.2000e-01  0.0000e+00
 1.3000e-01  0.0000e+00
 1.4000e-01  0.0000e+00
 1.5000e-01  2.8505e-14
 1.6000e-01  2.1747e-13
 1.7000e-01  7.1103e-13
 1.8000e-01  1.6614e-12
 1.9000e-01  3.2688e-12
 2.0000e-01  5.8876e-12
 2.1000e-01  1.0849e-11
 2.2000e-01  1.3849e-11
 2.3000e-01  1.6942e-11
 2.4000e-01  2.0655e-11
 2.5000e-01  2.4915e-11
 2.6000e-01  2.9723e-11
 2.7000e-01  3.5102e-11
 2.8000e-01  4.1083e-11
 2.9000e-01  6.1695e-08
 3.0000e-01  1.6497e-07
 3.1000e-01  2.8631e-07
 3.2000e-01  4.1641e-07
 3.3000e-01  5.5008e-07
 3.4000e-01  6.8426e-07
 3.5000e-01  8.1721e-07
 3.6000e-01  9.4811e-07
 3.7000e-01  1.0768e-06
 3.8000e-01  1.2036e-06
 3.9000e-01  1.3291e-06
 4.0000e-01  1.4543e-06
 4.1000e-01  1.5802e-06
 4.2000e-01  1.7084e-06
 4.3000e-01  1.8403e-06
 4.4000e-01  1.9777e-06
 4.5000e-01  2.1225e-06
 4.6000e-01  2.2768e-06
 4.7000e-01  2.4425e-06
 4.8000e-01  2.6211e-06
 4.9000e-01  2.8149e-06
 5.0000e-01  3.0261e-06
 5.1000e-01  3.2572e-06
 5.2000e-01  3.5112e-06
 5.3000e-01  3.7915e-06
 5.4000e-01  4.1019e-06
 5.5000e-01  4.4475e-06
 5.6000e-01  4.8336e-06
 5.7000e-01  5.2676e-06
 5.8000e-01  5.7579e-06
 5.9000e-01  6.3154e-06
 6.0000e-01  6.9524e-06
 6.1000e-01  7.6846e-06
 6.2000e-01  8.5299e-06
 6.3000e-01  9.5105e-06
 6.4000e-01  1.0654e-05
 6.5000e-01  1.1991e-05
 6.6000e-01  1.3557e-05
 6.7000e-01  1.5389e-05
 6.8000e-01  1.7521e-05
 6.9000e-01  1.9982e-05
 7.0000e-01  2.2778e-05
 7.1000e-01  2.5875e-05
 7.2000e-01  2.9166e-05
 7.3000e-01  3.2444e-05
 7.4000e-01  3.5414e-05
 7.5000e-01  3.7797e-05
 7.6000e-01  3.9736e-05
 7.7000e-01  4.3732e-05
 7.8000e-01  7.6717e-05
 7.9000e-01  3.9964e-05
 8.0000e-01  2.8008e-05
 8.1000e-01  2.3604e-05
 8.2000e-01  2.0288e-05
 8.3000e-01  1.7513e-05
 8.4000e-01  1.5167e-05
 8.5000e-01  1.3184e-05
 8.6000e-01  1.1510e-05
 8.7000e-01  1.0094e-05
 8.8000e-01  8.8951e-06
 8.9000e-01  7.8786e-06
 9.0000e-01  7.0226e-06
 9.1000e-01  6.2974e-06
 9.2000e-01  5.6807e-06
 9.3000e-01  5.1586e-06
 9.4000e-01  4.7202e-06
 9.5000e-01  4.3570e-06
 9.6000e-01  4.0645e-06
 9.7000e-01  3.8417e-06
 9.8000e-01  3.6974e-06
 9.9000e-01  3.6716e-06
 1.0000e+00  4.2194e-06
 1.0100e+00  1.0043e-05
 1.0200e+00  1.5603e-04
 1.0300e+00  1.2699e-05
 1.0400e+00  6.2584e-06
 1.0500e+00  4.6919e-06
 1.0600e+00  4.0754e-06
 1.0700e+00  3.7864e-06
 1.0800e+00  3.6368e-06
 1.0900e+00  3.5392e-06
 1.1000e+00  3.4480e-06
 1.1100e+00  3.3558e-06
 1.1200e+00  3.2674e-06
 1.1300e+00  3.1918e-06
 1.1400e+00  3.1397e-06
 1.1500e+00  3.1174e-06
 1.1600e+00  3.1190e-06
 1.1700e+00  3.1378e-06
 1.1800e+00  3.1670e-06
 1.1900e+00  3.1992e-06
 1.2000e+00  3.2296e-06
 1.2100e+00  3.2603e-06
 1.2200e+00  3.2942e-06
 1.2300e+00  3.3346e-06
 1.2400e+00  3.3846e-06
 1.2500e+00  3.4457e-06
 1.2600e+00  3.5155e-06
 1.2700e+00  3.5904e-06
 1.2800e+00  3.6668e-06
 1.2900e+00  3.7410e-06
 1.3000e+00  3.8108e-06
 1.3100e+00  3.8779e-06
 1.3200e+00  3.9447e-06
 1.3300e+00  4.0139e-06
 1.3400e+00  4.0878e-06
 1.3500e+00  4.1678e-06
 1.3600e+00  4.2519e-06
 1.3700e+00  4.3381e-06
 1.3800e+00  4.4242e-06
 1.3900e+00  4.5082e-06
 1.4000e+00  4.5926e-06
 1.4100e+00  4.6952e-06
 1.4200e+00  4.7969e-06
 1.4300e+00  4.8946e-06
 1.4400e+00  4.9847e-06
 1.4500e+00  5.0637e-06
 1.4600e+00  5.1280e-06
 1.4700e+00  5.1800e-06
 1.4800e+00  5.2573e-06
 1.4900e+00  5.7263e-06
 1.5000e+00  6.0005e-06
 1.5100e+00  6.1212e-06
 1.5200e+00  6.1181e-06
 1.5300e+00  6.0394e-06
 1.5400e+00  5.9324e-06
 1.5500e+00  5.8437e-06
 1.5600e+00  5.8099e-06
 1.5700e+00  5.8304e-06
 1.5800e+00  5.8955e-06
 1.5900e+00  5.9961e-06
 1.6000e+00  6.1225e-06
 1.6100e+00  6.2645e-06
 1.6200e+00  6.4068e-06
 1.6300e+00  6.5331e-06
 1.6400e+00  6.6272e-06
 1.6500e+00  6.6734e-06
 1.6600e+00  6.6619e-06
 1.6700e+00  6.6071e-06
 1.6800e+00  6.5287e-06
 1.6900e+00  6.4464e-06
 1.7000e+00  6.3793e-06
 1.7100e+00  6.3413e-06
 1.7200e+00  6.3247e-06
 1.7300e+00  6.3172e-06
 1.7400e+00  6.3062e-06
 1.7500e+00  6.2794e-06
 1.7600e+00  6.2271e-06
 1.7700e+00  6.1484e-06
 1.7800e+00  6.0447e-06
 1.7900e+00  5.9174e-06
 1.8000e+00  5.7677e-06
 1.8100e+00  5.5979e-06
 1.8200e+00  5.4147e-06
 1.8300e+00  5.2256e-06
 1.8400e+00  5.0379e-06
 1.8500e+00  4.8590e-06
 1.8600e+00  4.6958e-06
 1.8700e+00  4.5540e-06
 1.8800e+00  4.4390e-06
 1.8900e+00  4.3561e-06
 1.9000e+00  4.3104e-06
 1.9100e+00  4.3064e-06
 1.9200e+00  4.3449e-06
 1.9300e+00  4.4258e-06
 1.9400e+00  4.5493e-06
 1.9500e+00  4.7152e-06
 1.9600e+00  4.9132e-06
 1.9700e+00  5.0905e-06
 1.9800e+00  5.1846e-06
 1.9900e+00  5.1337e-06
