 1.0000e-04  5.0000e-01
 1.0077e-04  5.0000e-01
 1.0155e-04  5.0000e-01
 1.0233e-04  5.0000e-01
 1.0312e-04  5.0000e-01
 1.0391e-04  5.0000e-01
 1.0472e-04  5.0000e-01
 1.0552e-04  5.0000e-01
 1.0634e-04  5.0000e-01
 1.0716e-04  5.0000e-01
 1.0798e-04  5.0000e-01
 1.0882e-04  5.0000e-01
 1.0965e-04  5.0000e-01
 1.1050e-04  5.0000e-01
 1.1135e-04  5.0000e-01
 1.1221e-04  5.0000e-01
 1.1308e-04  5.0000e-01
 1.1395e-04  5.0000e-01
 1.1483e-04  5.0000e-01
 1.1571e-04  5.0000e-01
 1.1660e-04  5.0000e-01
 1.1750e-04  5.0000e-01
 1.1841e-04  5.0000e-01
 1.1932e-04  5.0000e-01
 1.2024e-04  5.0000e-01
 1.2117e-04  5.0000e-01
 1.2210e-04  5.0000e-01
 1.2304e-04  5.0000e-01
 1.2399e-04  5.0000e-01
 1.2495e-04  5.0000e-01
 1.2591e-04  5.0000e-01
 1.2688e-04  5.0000e-01
 1.2786e-04  5.0000e-01
 1.2885e-04  5.0000e-01
 1.2984e-04  5.0000e-01
 1.3084e-04  5.0000e-01
 1.3185e-04  5.0000e-01
 1.3287e-04  5.0000e-01
 1.3389e-04  5.0000e-01
 1.3492e-04  5.0000e-01
 1.3596e-04  5.0000e-01
 1.3701e-04  5.0000e-01
 1.3807e-04  5.0000e-01
 1.3913e-04  5.0000e-01
 1.4021e-04  5.0000e-01
 1.4129e-04  5.0000e-01
 1.4238e-04  5.0000e-01
 1.4347e-04  5.0000e-01
 1.4458e-04  5.0000e-01
 1.4569e-04  5.0000e-01
 1.4682e-04  5.0000e-01
 1.4795e-04  5.0000e-01
 1.4909e-04  5.0000e-01
 1.5024e-04  5.0000e-01
 1.5140e-04  5.0000e-01
 1.5257e-04  5.0000e-01
 1.5374e-04  5.0000e-01
 1.5493e-04  5.0000e-01
 1.5612e-04  5.0000e-01
 1.5733e-04  5.0000e-01
 1.5854e-04  5.0000e-01
 1.5976e-04  5.0000e-01
 1.6099e-04  5.0000e-01
 1.6223e-04  5.0000e-01
 1.6348e-04  5.0000e-01
 1.6474e-04  5.0000e-01
 1.6601e-04  5.0000e-01
 1.6729e-04  5.0000e-01
 1.6858e-04  5.0000e-01
 1.6988e-04  5.0000e-01
 1.7119e-04  5.0000e-01
 1.7251e-04  5.0000e-01
 1.7384e-04  5.0000e-01
 1.7518e-04  5.0000e-01
 1.7654e-04  5.0000e-01
 1.7790e-04  5.0000e-01
 1.7927e-04  5.0000e-01
 1.8065e-04  5.0000e-01
 1.8204e-04  5.0000e-01
 1.8345e-04  5.0000e-01
 1.8486e-04  5.0000e-01
 1.8629e-04  5.0000e-01
 1.8772e-04  5.0000e-01
 1.8917e-04  5.0000e-01
 1.9063e-04  5.0000e-01
 1.9210e-04  5.0000e-01
 1.9358e-04  5.0000e-01
 1.9507e-04  5.0000e-01
 1.9658e-04  5.0000e-01
 1.9809e-04  5.0000e-01
 1.9962e-04  5.0000e-01
 2.0116e-04  5.0000e-01
 2.0271e-04  5.0000e-01
 2.0427e-04  5.0000e-01
 2.0585e-04  5.0000e-01
 2.0743e-04  5.0000e-01
 2.0903e-04  5.0000e-01
 2.1064e-04  5.0000e-01
 2.1227e-04  5.0000e-01
 2.1390e-04  5.0000e-01
 2.1555e-04  5.0000e-01
 2.1722e-04  5.0000e-01
 2.1889e-04  5.0000e-01
 2.2058e-04  5.0000e-01
 2.2228e-04  5.0000e-01
 2.2399e-04  5.0000e-01
 2.2572e-04  5.0000e-01
 2.2746e-04  5.0000e-01
 2.2921e-04  5.0000e-01
 2.3098e-04  5.0000e-01
 2.3276e-04  5.0000e-01
 2.3456e-04  5.0000e-01
 2.3636e-04  5.0000e-01
 2.3819e-04  5.0000e-01
 2.4002e-04  5.0000e-01
 2.4187e-04  5.0000e-01
 2.4374e-04  5.0000e-01
 2.4562e-04  5.0000e-01
 2.4751e-04  5.0000e-01
 2.4942e-04  5.0000e-01
 2.5134e-04  5.0000e-01
 2.5328e-04  5.0000e-01
 2.5523e-04  5.0000e-01
 2.5720e-04  5.0000e-01
 2.5918e-04  5.0000e-01
 2.6118e-04  5.0000e-01
 2.6320e-04  5.0000e-01
 2.6523e-04  5.0000e-01
 2.6727e-04  5.0000e-01
 2.6933e-04  5.0000e-01
 2.7141e-04  5.0000e-01
 2.7350e-04  5.0000e-01
 2.7561e-04  5.0000e-01
 2.7773e-04  5.0000e-01
 2.7988e-04  5.0000e-01
 2.8203e-04  5.0000e-01
 2.8421e-04  5.0000e-01
 2.8640e-04  5.0000e-01
 2.8861e-04  5.0000e-01
 2.9083e-04  5.0000e-01
 2.9307e-04  5.0000e-01
 2.9533e-04  5.0000e-01
 2.9761e-04  5.0000e-01
 2.9991e-04  5.0000e-01
 3.0222e-04  5.0000e-01
 3.0455e-04  5.0000e-01
 3.0690e-04  5.0000e-01
 3.0926e-04  5.0000e-01
 3.1165e-04  5.0000e-01
 3.1405e-04  5.0000e-01
 3.1647e-04  5.0000e-01
 3.1891e-04  5.0000e-01
 3.2137e-04  5.0000e-01
 3.2385e-04  5.0000e-01
 3.2634e-04  5.0000e-01
 3.2886e-04  5.0000e-01
 3.3140e-04  5.0000e-01
 3.3395e-04  5.0000e-01
 3.3653e-04  5.0000e-01
 3.3912e-04  5.0000e-01
 3.4173e-04  5.0000e-01
 3.4437e-04  5.0000e-01
 3.4702e-04  5.0000e-01
 3.4970e-04  5.0000e-01
 3.5240e-04  5.0000e-01
 3.5511e-04  5.0000e-01
 3.5785e-04  5.0000e-01
 3.6061e-04  5.0000e-01
 3.6339e-04  5.0000e-01
 3.6619e-04  5.0000e-01
 3.6902e-04  5.0000e-01
 3.7186e-04  5.0000e-01
 3.7473e-04  5.0000e-01
 3.7762e-04  5.0000e-01
 3.8053e-04  5.0000e-01
 3.8346e-04  5.0000e-01
 3.8642e-04  5.0000e-01
 3.8940e-04  5.0000e-01
 3.9240e-04  5.0000e-01
 3.9543e-04  5.0000e-01
 3.9847e-04  5.0000e-01
 4.0155e-04  5.0000e-01
 4.0464e-04  5.0000e-01
 4.0776e-04  5.0000e-01
 4.1091e-04  5.0000e-01
 4.1407e-04  5.0000e-01
 4.1727e-04  5.0000e-01
 4.2048e-04  5.0000e-01
 4.2373e-04  5.0000e-01
 4.2699e-04  5.0000e-01
 4.3028e-04  5.0000e-01
 4.3360e-04  5.0000e-01
 4.3695e-04  5.0000e-01
 4.4031e-04  5.0000e-01
 4.4371e-04  5.0000e-01
 4.4713e-04  5.0000e-01
 4.5058e-04  5.0000e-01
 4.5405e-04  5.0000e-01
 4.5755e-04  5.0000e-01
 4.6108e-04  5.0000e-01
 4.6463e-04  5.0000e-01
 4.6822e-04  5.0000e-01
 4.7183e-04  5.0000e-01
 4.7546e-04  5.0000e-01
 4.7913e-04  5.0000e-01
 4.8282e-04  5.0000e-01
 4.8655e-04  5.0000e-01
 4.9030e-04  5.0000e-01
 4.9408e-04  5.0000e-01
 4.9789e-04  5.0000e-01
 5.0173e-04  5.0000e-01
 5.0559e-04  5.0000e-01
 5.0949e-04  5.0000e-01
 5.1342e-04  5.0000e-01
 5.1738e-04  5.0000e-01
 5.2137e-04  5.0000e-01
 5.2539e-04  5.0000e-01
 5.2944e-04  5.0000e-01
 5.3352e-04  5.0000e-01
 5.3763e-04  5.0000e-01
 5.4178e-04  5.0000e-01
 5.4596e-04  5.0000e-01
 5.5017e-04  5.0000e-01
 5.5441e-04  5.0000e-01
 5.5868e-04  5.0000e-01
 5.6299e-04  5.0000e-01
 5.6733e-04  5.0000e-01
 5.7170e-04  5.0000e-01
 5.7611e-04  5.0000e-01
 5.8055e-04  5.0000e-01
 5.8503e-04  5.0000e-01
 5.8954e-04  5.0000e-01
 5.9409e-04  5.0000e-01
 5.9867e-04  5.0000e-01
 6.0328e-04  5.0000e-01
 6.0793e-04  5.0000e-01
 6.1262e-04  5.0000e-01
 6.1734e-04  5.0000e-01
 6.2210e-04  5.0000e-01
 6.2690e-04  5.0000e-01
 6.3173e-04  5.0000e-01
 6.3660e-04  5.0000e-01
 6.4151e-04  5.0000e-01
 6.4646e-04  5.0000e-01
 6.5144e-04  5.0000e-01
 6.5646e-04  5.0000e-01
 6.6153e-04  5.0000e-01
 6.6663e-04  5.0000e-01
 6.7177e-04  5.0000e-01
 6.7695e-04  5.0000e-01
 6.8216e-04  5.0000e-01
 6.8742e-04  5.0000e-01
 6.9272e-04  5.0000e-01
 6.9807e-04  5.0000e-01
 7.0345e-04  5.0000e-01
 7.0887e-04  5.0000e-01
 7.1434e-04  5.0000e-01
 7.1984e-04  5.0000e-01
 7.2539e-04  5.0000e-01
 7.3099e-04  5.0000e-01
 7.3662e-04  5.0000e-01
 7.4230e-04  5.0000e-01
 7.4802e-04  5.0000e-01
 7.5379e-04  5.0000e-01
 7.5960e-04  5.0000e-01
 7.6546e-04  5.0000e-01
 7.7136e-04  5.0000e-01
 7.7731e-04  5.0000e-01
 7.8330e-04  5.0000e-01
 7.8934e-04  5.0000e-01
 7.9543e-04  5.0000e-01
 8.0156e-04  5.0000e-01
 8.0774e-04  5.0000e-01
 8.1397e-04  5.0000e-01
 8.2024e-04  5.0000e-01
 8.2657e-04  5.0000e-01
 8.3294e-04  5.0000e-01
 8.3936e-04  5.0000e-01
 8.4583e-04  5.0000e-01
 8.5235e-04  5.0000e-01
 8.5893e-04  5.0000e-01
 8.6555e-04  5.0000e-01
 8.7222e-04  5.0000e-01
 8.7895e-04  5.0000e-01
 8.8572e-04  5.0000e-01
 8.9255e-04  5.0000e-01
 8.9943e-04  5.0000e-01
 9.0637e-04  5.0000e-01
 9.1336e-04  5.0000e-01
 9.2040e-04  5.0000e-01
 9.2749e-04  5.0000e-01
 9.3465e-04  5.0000e-01
 9.4185e-04  5.0000e-01
 9.4911e-04  5.0000e-01
 9.5643e-04  5.0000e-01
 9.6381e-04  5.0000e-01
 9.7124e-04  5.0000e-01
 9.7872e-04  5.0000e-01
 9.8627e-04  5.0000e-01
 9.9387e-04  5.0000e-01
 1.0015e-03  5.0000e-01
 1.0093e-03  5.0000e-01
 1.0170e-03  5.0000e-01
 1.0249e-03  4.6816e-01
 1.0328e-03  4.4191e-01
 1.0407e-03  4.2620e-01
 1.0488e-03  4.1434e-01
 1.0569e-03  4.0464e-01
 1.0650e-03  3.9636e-01
 1.0732e-03  3.8910e-01
 1.0815e-03  3.8262e-01
 1.0898e-03  3.7675e-01
 1.0982e-03  3.7138e-01
 1.1067e-03  3.6643e-01
 1.1152e-03  3.6184e-01
 1.1238e-03  3.5755e-01
 1.1325e-03  3.5353e-01
 1.1412e-03  3.4975e-01
 1.1500e-03  3.4617e-01
 1.1589e-03  3.4279e-01
 1.1678e-03  3.3958e-01
 1.1768e-03  3.3652e-01
 1.1859e-03  3.3360e-01
 1.1950e-03  3.3082e-01
 1.2043e-03  3.2815e-01
 1.2135e-03  3.2559e-01
 1.2229e-03  3.2314e-01
 1.2323e-03  3.2078e-01
 1.2418e-03  3.1851e-01
 1.2514e-03  3.1633e-01
 1.2611e-03  3.1422e-01
 1.2708e-03  3.1219e-01
 1.2806e-03  3.1023e-01
 1.2904e-03  3.0833e-01
 1.3004e-03  3.0650e-01
 1.3104e-03  3.0472e-01
 1.3205e-03  3.0300e-01
 1.3307e-03  3.0134e-01
 1.3410e-03  2.9972e-01
 1.3513e-03  2.9815e-01
 1.3617e-03  2.9663e-01
 1.3722e-03  2.9515e-01
 1.3828e-03  2.9372e-01
 1.3935e-03  2.9232e-01
 1.4042e-03  2.9097e-01
 1.4150e-03  2.8965e-01
 1.4259e-03  2.8836e-01
 1.4369e-03  2.8712e-01
 1.4480e-03  2.8590e-01
 1.4592e-03  2.8471e-01
 1.4704e-03  2.8356e-01
 1.4818e-03  2.8243e-01
 1.4932e-03  2.8134e-01
 1.5047e-03  2.8027e-01
 1.5163e-03  2.7922e-01
 1.5280e-03  2.7820e-01
 1.5398e-03  2.7721e-01
 1.5517e-03  2.7624e-01
 1.5636e-03  2.7529e-01
 1.5757e-03  2.7437e-01
 1.5878e-03  2.7346e-01
 1.6001e-03  2.7258e-01
 1.6124e-03  2.7172e-01
 1.6248e-03  2.7088e-01
 1.6374e-03  2.7005e-01
 1.6500e-03  2.6925e-01
 1.6627e-03  2.6846e-01
 1.6755e-03  2.6769e-01
 1.6884e-03  2.6693e-01
 1.7015e-03  2.6620e-01
 1.7146e-03  2.6548e-01
 1.7278e-03  2.6477e-01
 1.7411e-03  2.6408e-01
 1.7545e-03  2.6340e-01
 1.7681e-03  2.6274e-01
 1.7817e-03  2.6209e-01
 1.7954e-03  2.6146e-01
 1.8093e-03  2.6084e-01
 1.8232e-03  2.6023e-01
 1.8373e-03  2.5963e-01
 1.8514e-03  2.5905e-01
 1.8657e-03  2.5847e-01
 1.8801e-03  2.5791e-01
 1.8946e-03  2.5736e-01
 1.9092e-03  2.5683e-01
 1.9239e-03  2.5630e-01
 1.9388e-03  2.5578e-01
 1.9537e-03  2.5527e-01
 1.9688e-03  2.5477e-01
 1.9840e-03  2.5429e-01
 1.9993e-03  2.5381e-01
 2.0147e-03  2.5334e-01
 2.0302e-03  2.5288e-01
 2.0459e-03  2.5243e-01
 2.0616e-03  2.5199e-01
 2.0775e-03  2.5155e-01
 2.0935e-03  2.5112e-01
 2.1097e-03  2.5071e-01
 2.1259e-03  2.5030e-01
 2.1423e-03  2.4989e-01
 2.1589e-03  2.4950e-01
 2.1755e-03  2.4911e-01
 2.1923e-03  2.4873e-01
 2.2092e-03  2.4836e-01
 2.2262e-03  2.4799e-01
 2.2434e-03  2.4763e-01
 2.2607e-03  2.4728e-01
 2.2781e-03  2.4693e-01
 2.2957e-03  2.4659e-01
 2.3134e-03  2.4626e-01
 2.3312e-03  2.4593e-01
 2.3492e-03  2.4561e-01
 2.3673e-03  2.4529e-01
 2.3855e-03  2.4498e-01
 2.4039e-03  2.4467e-01
 2.4225e-03  2.4437e-01
 2.4411e-03  2.4408e-01
 2.4600e-03  2.4379e-01
 2.4789e-03  2.4351e-01
 2.4980e-03  2.4323e-01
 2.5173e-03  2.4295e-01
 2.5367e-03  2.4268e-01
 2.5563e-03  2.4242e-01
 2.5760e-03  2.4216e-01
 2.5958e-03  2.4190e-01
 2.6158e-03  2.4165e-01
 2.6360e-03  2.4141e-01
 2.6563e-03  2.4116e-01
 2.6768e-03  2.4092e-01
 2.6975e-03  2.4069e-01
 2.7183e-03  2.4046e-01
 2.7392e-03  2.4023e-01
 2.7603e-03  2.4001e-01
 2.7816e-03  2.3979e-01
 2.8031e-03  2.3958e-01
 2.8247e-03  2.3937e-01
 2.8464e-03  2.3916e-01
 2.8684e-03  2.3896e-01
 2.8905e-03  2.3876e-01
 2.9128e-03  2.3856e-01
 2.9353e-03  2.3837e-01
 2.9579e-03  2.3818e-01
 2.9807e-03  2.3799e-01
 3.0037e-03  2.3780e-01
 3.0268e-03  2.3762e-01
 3.0502e-03  2.3745e-01
 3.0737e-03  2.3727e-01
 3.0974e-03  2.3710e-01
 3.1213e-03  2.3693e-01
 3.1453e-03  2.3676e-01
 3.1696e-03  2.3660e-01
 3.1940e-03  2.3644e-01
 3.2186e-03  2.3628e-01
 3.2435e-03  2.3612e-01
 3.2685e-03  2.3597e-01
 3.2937e-03  2.3582e-01
 3.3191e-03  2.3567e-01
 3.3446e-03  2.3553e-01
 3.3704e-03  2.3539e-01
 3.3964e-03  2.3524e-01
 3.4226e-03  2.3511e-01
 3.4490e-03  2.3497e-01
 3.4756e-03  2.3484e-01
 3.5024e-03  2.3470e-01
 3.5294e-03  2.3457e-01
 3.5566e-03  2.3445e-01
 3.5840e-03  2.3432e-01
 3.6116e-03  2.3420e-01
 3.6395e-03  2.3408e-01
 3.6676e-03  2.3396e-01
 3.6958e-03  2.3384e-01
 3.7243e-03  2.3373e-01
 3.7530e-03  2.3361e-01
 3.7820e-03  2.3350e-01
 3.8111e-03  2.3339e-01
 3.8405e-03  2.3328e-01
 3.8701e-03  2.3318e-01
 3.9000e-03  2.3307e-01
 3.9300e-03  2.3297e-01
 3.9603e-03  2.3287e-01
 3.9909e-03  2.3277e-01
 4.0216e-03  2.3267e-01
 4.0526e-03  2.3257e-01
 4.0839e-03  2.3248e-01
 4.1154e-03  2.3238e-01
 4.1471e-03  2.3229e-01
 4.1791e-03  2.3220e-01
 4.2113e-03  2.3211e-01
 4.2438e-03  2.3202e-01
 4.2765e-03  2.3194e-01
 4.3095e-03  2.3185e-01
 4.3427e-03  2.3177e-01
 4.3762e-03  2.3169e-01
 4.4099e-03  2.3161e-01
 4.4439e-03  2.3153e-01
 4.4782e-03  2.3145e-01
 4.5127e-03  2.3137e-01
 4.5475e-03  2.3130e-01
 4.5826e-03  2.3122e-01
 4.6179e-03  2.3115e-01
 4.6535e-03  2.3108e-01
 4.6894e-03  2.3100e-01
 4.7255e-03  2.3093e-01
 4.7620e-03  2.3087e-01
 4.7987e-03  2.3080e-01
 4.8357e-03  2.3073e-01
 4.8729e-03  2.3067e-01
 4.9105e-03  2.3060e-01
 4.9484e-03  2.3054e-01
 4.9865e-03  2.3047e-01
 5.0250e-03  2.3041e-01
 5.0637e-03  2.3035e-01
 5.1028e-03  2.3029e-01
 5.1421e-03  2.3023e-01
 5.1817e-03  2.3018e-01
 5.2217e-03  2.3012e-01
 5.2620e-03  2.3006e-01
 5.3025e-03  2.3001e-01
 5.3434e-03  2.2995e-01
 5.3846e-03  2.2990e-01
 5.4261e-03  2.2985e-01
 5.4680e-03  2.2980e-01
 5.5101e-03  2.2975e-01
 5.5526e-03  2.2970e-01
 5.5954e-03  2.2965e-01
 5.6386e-03  2.2960e-01
 5.6820e-03  2.2955e-01
 5.7258e-03  2.2950e-01
 5.7700e-03  2.2946e-01
 5.8145e-03  2.2941e-01
 5.8593e-03  2.2937e-01
 5.9045e-03  2.2932e-01
 5.9500e-03  2.2928e-01
 5.9959e-03  2.2924e-01
 6.0421e-03  2.2919e-01
 6.0887e-03  2.2915e-01
 6.1356e-03  2.2911e-01
 6.1829e-03  2.2907e-01
 6.2306e-03  2.2903e-01
 6.2786e-03  2.2899e-01
 6.3270e-03  2.2895e-01
 6.3758e-03  2.2892e-01
 6.4250e-03  2.2888e-01
 6.4745e-03  2.2884e-01
 6.5244e-03  2.2881e-01
 6.5747e-03  2.2877e-01
 6.6254e-03  2.2874e-01
 6.6765e-03  2.2870e-01
 6.7280e-03  2.2867e-01
 6.7799e-03  2.2863e-01
 6.8321e-03  2.2860e-01
 6.8848e-03  2.2857e-01
 6.9379e-03  2.2854e-01
 6.9914e-03  2.2851e-01
 7.0453e-03  2.2848e-01
 7.0996e-03  2.2845e-01
 7.1543e-03  2.2842e-01
 7.2095e-03  2.2839e-01
 7.2651e-03  2.2836e-01
 7.3211e-03  2.2833e-01
 7.3775e-03  2.2830e-01
 7.4344e-03  2.2827e-01
 7.4917e-03  2.2825e-01
 7.5495e-03  2.2822e-01
 7.6077e-03  2.2819e-01
 7.6664e-03  2.2817e-01
 7.7255e-03  2.2814e-01
 7.7850e-03  2.2812e-01
 7.8451e-03  2.2809e-01
 7.9055e-03  2.2807e-01
 7.9665e-03  2.2804e-01
 8.0279e-03  2.2802e-01
 8.0898e-03  2.2800e-01
 8.1522e-03  2.2797e-01
 8.2150e-03  2.2795e-01
 8.2784e-03  2.2793e-01
 8.3422e-03  2.2791e-01
 8.4065e-03  2.2788e-01
 8.4713e-03  2.2786e-01
 8.5367e-03  2.2784e-01
 8.6025e-03  2.2782e-01
 8.6688e-03  2.2780e-01
 8.7356e-03  2.2778e-01
 8.8030e-03  2.2776e-01
 8.8709e-03  2.2774e-01
 8.9392e-03  2.2772e-01
 9.0082e-03  2.2771e-01
 9.0776e-03  2.2769e-01
 9.1476e-03  2.2767e-01
 9.2181e-03  2.2765e-01
 9.2892e-03  2.2763e-01
 9.3608e-03  2.2762e-01
 9.4330e-03  2.2760e-01
 9.5057e-03  2.2758e-01
 9.5790e-03  2.2757e-01
 9.6529e-03  2.2755e-01
 9.7273e-03  2.2753e-01
 9.8023e-03  2.2752e-01
 9.8779e-03  2.2750e-01
 9.9540e-03  2.2749e-01
 1.0031e-02  2.2747e-01
 1.0108e-02  2.2746e-01
 1.0186e-02  2.2744e-01
 1.0265e-02  2.2743e-01
 1.0344e-02  2.2741e-01
 1.0423e-02  2.2740e-01
 1.0504e-02  2.2739e-01
 1.0585e-02  2.2737e-01
 1.0666e-02  2.2736e-01
 1.0749e-02  2.2735e-01
 1.0832e-02  2.2733e-01
 1.0915e-02  2.2732e-01
 1.0999e-02  2.2731e-01
 1.1084e-02  2.2730e-01
 1.1169e-02  2.2728e-01
 1.1256e-02  2.2727e-01
 1.1342e-02  2.2726e-01
 1.1430e-02  2.2725e-01
 1.1518e-02  2.2724e-01
 1.1607e-02  2.2723e-01
 1.1696e-02  2.2721e-01
 1.1786e-02  2.2720e-01
 1.1877e-02  2.2719e-01
 1.1969e-02  2.2718e-01
 1.2061e-02  2.2717e-01
 1.2154e-02  2.2716e-01
 1.2248e-02  2.2715e-01
 1.2342e-02  2.2714e-01
 1.2437e-02  2.2713e-01
 1.2533e-02  2.2712e-01
 1.2630e-02  2.2711e-01
 1.2727e-02  2.2710e-01
 1.2825e-02  2.2709e-01
 1.2924e-02  2.2709e-01
 1.3024e-02  2.2708e-01
 1.3124e-02  2.2707e-01
 1.3226e-02  2.2706e-01
 1.3328e-02  2.2705e-01
 1.3430e-02  2.2704e-01
 1.3534e-02  2.2703e-01
 1.3638e-02  2.2703e-01
 1.3743e-02  2.2702e-01
 1.3849e-02  2.2701e-01
 1.3956e-02  2.2700e-01
 1.4064e-02  2.2699e-01
 1.4172e-02  2.2699e-01
 1.4281e-02  2.2698e-01
 1.4391e-02  2.2697e-01
 1.4502e-02  2.2697e-01
 1.4614e-02  2.2696e-01
 1.4727e-02  2.2695e-01
 1.4840e-02  2.2694e-01
 1.4955e-02  2.2694e-01
 1.5070e-02  2.2693e-01
 1.5186e-02  2.2692e-01
 1.5303e-02  2.2692e-01
 1.5421e-02  2.2691e-01
 1.5540e-02  2.2691e-01
 1.5660e-02  2.2690e-01
 1.5781e-02  2.2689e-01
 1.5903e-02  2.2689e-01
 1.6025e-02  2.2688e-01
 1.6149e-02  2.2688e-01
 1.6273e-02  2.2687e-01
 1.6399e-02  2.2686e-01
 1.6525e-02  2.2686e-01
 1.6653e-02  2.2685e-01
 1.6781e-02  2.2685e-01
 1.6910e-02  2.2684e-01
 1.7041e-02  2.2684e-01
 1.7172e-02  2.2683e-01
 1.7304e-02  2.2683e-01
 1.7438e-02  2.2682e-01
 1.7572e-02  2.2682e-01
 1.7708e-02  2.2681e-01
 1.7844e-02  2.2681e-01
 1.7982e-02  2.2680e-01
 1.8121e-02  2.2680e-01
 1.8260e-02  2.2679e-01
 1.8401e-02  2.2679e-01
 1.8543e-02  2.2679e-01
 1.8686e-02  2.2678e-01
 1.8830e-02  2.2678e-01
 1.8975e-02  2.2677e-01
 1.9121e-02  2.2677e-01
 1.9269e-02  2.2676e-01
 1.9417e-02  2.2676e-01
 1.9567e-02  2.2676e-01
 1.9718e-02  2.2675e-01
 1.9870e-02  2.2675e-01
 2.0023e-02  2.2675e-01
 2.0178e-02  2.2674e-01
 2.0333e-02  2.2674e-01
 2.0490e-02  2.2673e-01
 2.0648e-02  2.2673e-01
 2.0807e-02  2.2673e-01
 2.0968e-02  2.2672e-01
 2.1129e-02  2.2672e-01
 2.1292e-02  2.2672e-01
 2.1456e-02  2.2671e-01
 2.1622e-02  2.2671e-01
 2.1788e-02  2.2671e-01
 2.1956e-02  2.2670e-01
 2.2126e-02  2.2670e-01
 2.2296e-02  2.2670e-01
 2.2468e-02  2.2670e-01
 2.2641e-02  2.2669e-01
 2.2816e-02  2.2669e-01
 2.2992e-02  2.2669e-01
 2.3169e-02  2.2668e-01
 2.3348e-02  2.2668e-01
 2.3528e-02  2.2668e-01
 2.3709e-02  2.2668e-01
 2.3892e-02  2.2667e-01
 2.4076e-02  2.2667e-01
 2.4262e-02  2.2667e-01
 2.4449e-02  2.2667e-01
 2.4637e-02  2.2666e-01
 2.4827e-02  2.2666e-01
 2.5019e-02  2.2666e-01
 2.5212e-02  2.2666e-01
 2.5406e-02  2.2665e-01
 2.5602e-02  2.2665e-01
 2.5799e-02  2.2665e-01
 2.5998e-02  2.2665e-01
 2.6199e-02  2.2664e-01
 2.6401e-02  2.2664e-01
 2.6604e-02  2.2664e-01
 2.6809e-02  2.2664e-01
 2.7016e-02  2.2664e-01
 2.7224e-02  2.2663e-01
 2.7434e-02  2.2663e-01
 2.7646e-02  2.2663e-01
 2.7859e-02  2.2663e-01
 2.8074e-02  2.2663e-01
 2.8290e-02  2.2662e-01
 2.8508e-02  2.2662e-01
 2.8728e-02  2.2662e-01
 2.8950e-02  2.2662e-01
 2.9173e-02  2.2662e-01
 2.9398e-02  2.2662e-01
 2.9624e-02  2.2661e-01
 2.9853e-02  2.2661e-01
 3.0083e-02  2.2661e-01
 3.0315e-02  2.2661e-01
 3.0549e-02  2.2661e-01
 3.0784e-02  2.2661e-01
 3.1021e-02  2.2660e-01
 3.1261e-02  2.2660e-01
 3.1502e-02  2.2660e-01
 3.1744e-02  2.2660e-01
 3.1989e-02  2.2660e-01
 3.2236e-02  2.2660e-01
 3.2484e-02  2.2659e-01
 3.2735e-02  2.2659e-01
 3.2987e-02  2.2659e-01
 3.3242e-02  2.2659e-01
 3.3498e-02  2.2659e-01
 3.3756e-02  2.2659e-01
 3.4016e-02  2.2659e-01
 3.4279e-02  2.2659e-01
 3.4543e-02  2.2658e-01
 3.4809e-02  2.2658e-01
 3.5078e-02  2.2658e-01
 3.5348e-02  2.2658e-01
 3.5621e-02  2.2658e-01
 3.5895e-02  2.2658e-01
 3.6172e-02  2.2658e-01
 3.6451e-02  2.2658e-01
 3.6732e-02  2.2657e-01
 3.7015e-02  2.2657e-01
 3.7300e-02  2.2657e-01
 3.7588e-02  2.2657e-01
 3.7878e-02  2.2657e-01
 3.8170e-02  2.2657e-01
 3.8464e-02  2.2657e-01
 3.8761e-02  2.2657e-01
 3.9060e-02  2.2657e-01
 3.9361e-02  2.2657e-01
 3.9664e-02  2.2656e-01
 3.9970e-02  2.2656e-01
 4.0278e-02  2.2656e-01
 4.0589e-02  2.2656e-01
 4.0902e-02  2.2656e-01
 4.1217e-02  2.2656e-01
 4.1535e-02  2.2656e-01
 4.1855e-02  2.2656e-01
 4.2178e-02  2.2656e-01
 4.2503e-02  2.2656e-01
 4.2831e-02  2.2656e-01
 4.3161e-02  2.2656e-01
 4.3494e-02  2.2655e-01
 4.3829e-02  2.2655e-01
 4.4167e-02  2.2655e-01
 4.4507e-02  2.2655e-01
 4.4851e-02  2.2655e-01
 4.5196e-02  2.2655e-01
 4.5545e-02  2.2655e-01
 4.5896e-02  2.2655e-01
 4.6250e-02  2.2655e-01
 4.6606e-02  2.2655e-01
 4.6966e-02  2.2655e-01
 4.7328e-02  2.2655e-01
 4.7693e-02  2.2655e-01
 4.8060e-02  2.2654e-01
 4.8431e-02  2.2654e-01
 4.8804e-02  2.2654e-01
 4.9181e-02  2.2654e-01
 4.9560e-02  2.2654e-01
 4.9942e-02  2.2654e-01
 5.0327e-02  2.2654e-01
 5.0715e-02  2.2654e-01
 5.1106e-02  2.2654e-01
 5.1500e-02  2.2654e-01
 5.1897e-02  2.2654e-01
 5.2297e-02  2.2654e-01
 5.2700e-02  2.2654e-01
 5.3107e-02  2.2654e-01
 5.3516e-02  2.2654e-01
 5.3929e-02  2.2654e-01
 5.4345e-02  2.2654e-01
 5.4764e-02  2.2654e-01
 5.5186e-02  2.2653e-01
 5.5611e-02  2.2653e-01
 5.6040e-02  2.2653e-01
 5.6472e-02  2.2653e-01
 5.6908e-02  2.2653e-01
 5.7346e-02  2.2653e-01
 5.7788e-02  2.2653e-01
 5.8234e-02  2.2653e-01
 5.8683e-02  2.2653e-01
 5.9135e-02  2.2653e-01
 5.9591e-02  2.2653e-01
 6.0051e-02  2.2653e-01
 6.0514e-02  2.2653e-01
 6.0980e-02  2.2653e-01
 6.1451e-02  2.2653e-01
 6.1924e-02  2.2653e-01
 6.2402e-02  2.2653e-01
 6.2883e-02  2.2653e-01
 6.3368e-02  2.2653e-01
 6.3856e-02  2.2653e-01
 6.4349e-02  2.2653e-01
 6.4845e-02  2.2653e-01
 6.5345e-02  2.2653e-01
 6.5848e-02  2.2653e-01
 6.6356e-02  2.2653e-01
 6.6868e-02  2.2652e-01
 6.7383e-02  2.2652e-01
 6.7903e-02  2.2652e-01
 6.8426e-02  2.2652e-01
 6.8954e-02  2.2652e-01
 6.9486e-02  2.2652e-01
 7.0021e-02  2.2652e-01
 7.0561e-02  2.2652e-01
 7.1105e-02  2.2652e-01
 7.1653e-02  2.2652e-01
 7.2206e-02  2.2652e-01
 7.2763e-02  2.2652e-01
 7.3324e-02  2.2652e-01
 7.3889e-02  2.2652e-01
 7.4459e-02  2.2652e-01
 7.5033e-02  2.2652e-01
 7.5611e-02  2.2652e-01
 7.6194e-02  2.2652e-01
 7.6782e-02  2.2652e-01
 7.7374e-02  2.2652e-01
 7.7970e-02  2.2652e-01
 7.8571e-02  2.2652e-01
 7.9177e-02  2.2652e-01
 7.9787e-02  2.2652e-01
 8.0403e-02  2.2652e-01
 8.1023e-02  2.2652e-01
 8.1647e-02  2.2652e-01
 8.2277e-02  2.2652e-01
 8.2911e-02  2.2652e-01
 8.3550e-02  2.2652e-01
 8.4194e-02  2.2652e-01
 8.4844e-02  2.2652e-01
 8.5498e-02  2.2652e-01
 8.6157e-02  2.2652e-01
 8.6821e-02  2.2652e-01
 8.7491e-02  2.2652e-01
 8.8165e-02  2.2652e-01
 8.8845e-02  2.2652e-01
 8.9530e-02  2.2652e-01
 9.0220e-02  2.2651e-01
 9.0916e-02  2.2651e-01
 9.1617e-02  2.2651e-01
 9.2323e-02  2.2651e-01
 9.3035e-02  2.2651e-01
 9.3752e-02  2.2651e-01
 9.4475e-02  2.2651e-01
 9.5203e-02  2.2651e-01
 9.5937e-02  2.2651e-01
 9.6677e-02  2.2651e-01
 9.7422e-02  2.2651e-01
 9.8174e-02  2.2651e-01
 9.8931e-02  2.2651e-01
 9.9693e-02  2.2651e-01
 1.0046e-01  2.2651e-01
 1.0124e-01  2.2651e-01
 1.0202e-01  2.2651e-01
 1.0280e-01  2.2651e-01
 1.0360e-01  2.2651e-01
 1.0439e-01  2.2651e-01
 1.0520e-01  2.2651e-01
 1.0601e-01  2.2651e-01
 1.0683e-01  2.2651e-01
 1.0765e-01  2.2651e-01
 1.0848e-01  2.2651e-01
 1.0932e-01  2.2651e-01
 1.1016e-01  2.2651e-01
 1.1101e-01  2.2651e-01
 1.1187e-01  2.2651e-01
 1.1273e-01  2.2651e-01
 1.1360e-01  2.2651e-01
 1.1447e-01  2.2651e-01
 1.1536e-01  2.2651e-01
 1.1625e-01  2.2651e-01
 1.1714e-01  2.2651e-01
 1.1805e-01  2.2651e-01
 1.1896e-01  2.2651e-01
 1.1987e-01  2.2651e-01
 1.2080e-01  2.2651e-01
 1.2173e-01  2.2651e-01
 1.2267e-01  2.2651e-01
 1.2361e-01  2.2651e-01
 1.2457e-01  2.2651e-01
 1.2553e-01  2.2651e-01
 1.2649e-01  2.2651e-01
 1.2747e-01  2.2651e-01
 1.2845e-01  2.2651e-01
 1.2944e-01  2.2651e-01
 1.3044e-01  2.2651e-01
 1.3145e-01  2.2651e-01
 1.3246e-01  2.2651e-01
 1.3348e-01  2.2651e-01
 1.3451e-01  2.2651e-01
 1.3555e-01  2.2651e-01
 1.3659e-01  2.2651e-01
 1.3764e-01  2.2651e-01
 1.3871e-01  2.2651e-01
 1.3978e-01  2.2651e-01
 1.4085e-01  2.2651e-01
 1.4194e-01  2.2651e-01
 1.4303e-01  2.2651e-01
 1.4414e-01  2.2651e-01
 1.4525e-01  2.2651e-01
 1.4637e-01  2.2651e-01
 1.4750e-01  2.2651e-01
 1.4863e-01  2.2651e-01
 1.4978e-01  2.2651e-01
 1.5093e-01  2.2651e-01
 1.5210e-01  2.2651e-01
 1.5327e-01  2.2651e-01
 1.5445e-01  2.2651e-01
 1.5564e-01  2.2651e-01
 1.5684e-01  2.2651e-01
 1.5805e-01  2.2651e-01
 1.5927e-01  2.2651e-01
 1.6050e-01  2.2651e-01
 1.6174e-01  2.2651e-01
 1.6298e-01  2.2651e-01
 1.6424e-01  2.2651e-01
 1.6551e-01  2.2651e-01
 1.6678e-01  2.2651e-01
 1.6807e-01  2.2651e-01
 1.6936e-01  2.2651e-01
 1.7067e-01  2.2651e-01
 1.7198e-01  2.2651e-01
 1.7331e-01  2.2651e-01
 1.7465e-01  2.2651e-01
 1.7599e-01  2.2651e-01
 1.7735e-01  2.2651e-01
 1.7872e-01  2.2651e-01
 1.8010e-01  2.2651e-01
 1.8148e-01  2.2651e-01
 1.8288e-01  2.2651e-01
 1.8429e-01  2.2651e-01
 1.8571e-01  2.2651e-01
 1.8715e-01  2.1599e-01
 1.8859e-01  1.9521e-01
 1.9004e-01  1.8540e-01
 1.9151e-01  1.7841e-01
 1.9299e-01  1.7286e-01
 1.9447e-01  1.6823e-01
 1.9597e-01  1.6424e-01
 1.9748e-01  1.6072e-01
 1.9901e-01  1.5758e-01
 2.0054e-01  1.5473e-01
 2.0209e-01  1.5212e-01
 2.0364e-01  1.4973e-01
 2.0521e-01  1.4751e-01
 2.0680e-01  1.4544e-01
 2.0839e-01  1.4350e-01
 2.1000e-01  1.4169e-01
 2.1162e-01  1.3811e-01
 2.1325e-01  1.3383e-01
 2.1489e-01  1.3087e-01
 2.1655e-01  1.2838e-01
 2.1822e-01  1.2619e-01
 2.1990e-01  1.2420e-01
 2.2160e-01  1.2237e-01
 2.2331e-01  1.2068e-01
 2.2503e-01  1.1910e-01
 2.2676e-01  1.1762e-01
 2.2851e-01  1.1622e-01
 2.3027e-01  1.1490e-01
 2.3205e-01  1.1365e-01
 2.3384e-01  1.1246e-01
 2.3564e-01  1.1132e-01
 2.3746e-01  1.1024e-01
 2.3929e-01  1.0920e-01
 2.4113e-01  1.0821e-01
 2.4299e-01  1.0726e-01
 2.4486e-01  1.0635e-01
 2.4675e-01  1.0547e-01
 2.4865e-01  1.0463e-01
 2.5057e-01  1.0381e-01
 2.5250e-01  1.0303e-01
 2.5445e-01  1.0227e-01
 2.5641e-01  1.0154e-01
 2.5839e-01  1.0083e-01
 2.6038e-01  1.0015e-01
 2.6239e-01  9.9490e-02
 2.6441e-01  9.8851e-02
 2.6645e-01  9.8231e-02
 2.6851e-01  9.7631e-02
 2.7058e-01  9.7049e-02
 2.7266e-01  9.6484e-02
 2.7476e-01  9.5936e-02
 2.7688e-01  9.5404e-02
 2.7902e-01  9.4887e-02
 2.8117e-01  9.4374e-02
 2.8334e-01  9.3845e-02
 2.8552e-01  9.3315e-02
 2.8772e-01  9.2785e-02
 2.8994e-01  9.2259e-02
 2.9218e-01  9.1737e-02
 2.9443e-01  9.1220e-02
 2.9670e-01  9.0708e-02
 2.9899e-01  9.0201e-02
 3.0129e-01  8.9700e-02
 3.0361e-01  8.9204e-02
 3.0595e-01  8.8715e-02
 3.0831e-01  8.8232e-02
 3.1069e-01  8.7754e-02
 3.1309e-01  8.7283e-02
 3.1550e-01  8.6817e-02
 3.1793e-01  8.6358e-02
 3.2038e-01  8.5904e-02
 3.2285e-01  8.5456e-02
 3.2534e-01  8.5014e-02
 3.2785e-01  8.4578e-02
 3.3038e-01  8.4147e-02
 3.3293e-01  8.3722e-02
 3.3549e-01  8.3303e-02
 3.3808e-01  8.2889e-02
 3.4069e-01  8.2480e-02
 3.4331e-01  8.2076e-02
 3.4596e-01  8.1678e-02
 3.4863e-01  8.1284e-02
 3.5132e-01  8.0895e-02
 3.5402e-01  8.0511e-02
 3.5675e-01  8.0132e-02
 3.5950e-01  7.9757e-02
 3.6228e-01  7.9387e-02
 3.6507e-01  7.9020e-02
 3.6788e-01  7.8658e-02
 3.7072e-01  7.8299e-02
 3.7358e-01  7.7944e-02
 3.7646e-01  7.7593e-02
 3.7936e-01  7.7245e-02
 3.8229e-01  7.6901e-02
 3.8523e-01  7.6558e-02
 3.8820e-01  7.6205e-02
 3.9120e-01  7.5853e-02
 3.9421e-01  7.5501e-02
 3.9725e-01  7.5153e-02
 4.0031e-01  7.4807e-02
 4.0340e-01  7.4465e-02
 4.0651e-01  7.4125e-02
 4.0965e-01  7.3788e-02
 4.1280e-01  7.3453e-02
 4.1599e-01  7.3119e-02
 4.1919e-01  7.2787e-02
 4.2243e-01  7.2457e-02
 4.2568e-01  7.2127e-02
 4.2896e-01  7.1797e-02
 4.3227e-01  7.1468e-02
 4.3560e-01  7.1138e-02
 4.3896e-01  7.0808e-02
 4.4235e-01  7.0476e-02
 4.4576e-01  7.0143e-02
 4.4920e-01  6.9808e-02
 4.5266e-01  6.9471e-02
 4.5615e-01  6.9130e-02
 4.5967e-01  6.8787e-02
 4.6321e-01  6.8439e-02
 4.6678e-01  6.8088e-02
 4.7038e-01  6.7731e-02
 4.7401e-01  6.7370e-02
 4.7766e-01  6.7004e-02
 4.8134e-01  6.6631e-02
 4.8505e-01  6.6252e-02
 4.8879e-01  6.5866e-02
 4.9256e-01  6.5473e-02
 4.9636e-01  6.5071e-02
 5.0019e-01  6.4661e-02
 5.0404e-01  6.4241e-02
 5.0793e-01  6.3812e-02
 5.1185e-01  6.3371e-02
 5.1579e-01  6.2920e-02
 5.1977e-01  6.2457e-02
 5.2378e-01  6.1981e-02
 5.2781e-01  6.1492e-02
 5.3188e-01  6.0989e-02
 5.3599e-01  6.0471e-02
 5.4012e-01  5.9936e-02
 5.4428e-01  5.9385e-02
 5.4848e-01  5.8817e-02
 5.5271e-01  5.8230e-02
 5.5697e-01  5.7624e-02
 5.6126e-01  5.6996e-02
 5.6559e-01  5.6347e-02
 5.6995e-01  5.5675e-02
 5.7434e-01  5.4978e-02
 5.7877e-01  5.4257e-02
 5.8324e-01  5.3508e-02
 5.8773e-01  5.2731e-02
 5.9226e-01  5.1926e-02
 5.9683e-01  5.1089e-02
 6.0143e-01  5.0221e-02
 6.0607e-01  4.9320e-02
 6.1074e-01  4.8385e-02
 6.1545e-01  4.7416e-02
 6.2020e-01  4.6411e-02
 6.2498e-01  4.5369e-02
 6.2980e-01  4.4291e-02
 6.3465e-01  4.3177e-02
 6.3954e-01  4.2026e-02
 6.4448e-01  4.0839e-02
 6.4944e-01  3.9618e-02
 6.5445e-01  3.8365e-02
 6.5950e-01  3.7082e-02
 6.6458e-01  3.5775e-02
 6.6971e-01  3.4446e-02
 6.7487e-01  3.3103e-02
 6.8007e-01  3.1751e-02
 6.8532e-01  3.0398e-02
 6.9060e-01  2.9053e-02
 6.9592e-01  2.7725e-02
 7.0129e-01  2.6426e-02
 7.0670e-01  2.5166e-02
 7.1214e-01  2.3959e-02
 7.1764e-01  2.2819e-02
 7.2317e-01  2.1761e-02
 7.2874e-01  2.0798e-02
 7.3436e-01  1.9945e-02
 7.4002e-01  1.9215e-02
 7.4573e-01  1.8616e-02
 7.5148e-01  1.8153e-02
 7.5727e-01  1.7819e-02
 7.6311e-01  1.7584e-02
 7.6900e-01  1.7371e-02
 7.7492e-01  1.7006e-02
 7.8090e-01  1.8079e-02
 7.8692e-01  2.3129e-02
 7.9299e-01  2.3113e-02
 7.9910e-01  2.3551e-02
 8.0526e-01  2.4359e-02
 8.1147e-01  2.5375e-02
 8.1773e-01  2.6518e-02
 8.2403e-01  2.7739e-02
 8.3039e-01  2.8999e-02
 8.3679e-01  3.0270e-02
 8.4324e-01  3.1526e-02
 8.4974e-01  3.2747e-02
 8.5629e-01  3.3911e-02
 8.6289e-01  3.5001e-02
 8.6955e-01  3.6000e-02
 8.7625e-01  3.6889e-02
 8.8301e-01  3.7654e-02
 8.8981e-01  3.8293e-02
 8.9668e-01  3.8796e-02
 9.0359e-01  3.9176e-02
 9.1056e-01  3.9437e-02
 9.1758e-01  3.9590e-02
 9.2465e-01  3.9647e-02
 9.3178e-01  3.9619e-02
 9.3896e-01  3.9517e-02
 9.4620e-01  3.9348e-02
 9.5350e-01  3.9117e-02
 9.6085e-01  3.8827e-02
 9.6826e-01  3.8482e-02
 9.7572e-01  3.8077e-02
 9.8325e-01  3.7599e-02
 9.9083e-01  3.6962e-02
 9.9847e-01  3.4586e-02
 1.0062e+00  2.8721e-02
 1.0139e+00  1.0763e-02
 1.0217e+00  3.5205e-03
 1.0296e+00  1.5213e-02
 1.0376e+00  2.2043e-02
 1.0456e+00  2.5237e-02
 1.0536e+00  2.6778e-02
 1.0617e+00  2.7509e-02
 1.0699e+00  2.7812e-02
 1.0782e+00  2.7885e-02
 1.0865e+00  2.7852e-02
 1.0949e+00  2.7797e-02
 1.1033e+00  2.7753e-02
 1.1118e+00  2.7723e-02
 1.1204e+00  2.7700e-02
 1.1290e+00  2.7674e-02
 1.1377e+00  2.7629e-02
 1.1465e+00  2.7547e-02
 1.1553e+00  2.7434e-02
 1.1642e+00  2.7299e-02
 1.1732e+00  2.7154e-02
 1.1823e+00  2.7007e-02
 1.1914e+00  2.6873e-02
 1.2006e+00  2.6764e-02
 1.2098e+00  2.6679e-02
 1.2192e+00  2.6617e-02
 1.2286e+00  2.6576e-02
 1.2380e+00  2.6553e-02
 1.2476e+00  2.6540e-02
 1.2572e+00  2.6537e-02
 1.2669e+00  2.6548e-02
 1.2766e+00  2.6575e-02
 1.2865e+00  2.6624e-02
 1.2964e+00  2.6700e-02
 1.3064e+00  2.6801e-02
 1.3165e+00  2.6918e-02
 1.3266e+00  2.7043e-02
 1.3369e+00  2.7167e-02
 1.3472e+00  2.7277e-02
 1.3575e+00  2.7372e-02
 1.3680e+00  2.7452e-02
 1.3786e+00  2.7517e-02
 1.3892e+00  2.7571e-02
 1.3999e+00  2.7613e-02
 1.4107e+00  2.7589e-02
 1.4216e+00  2.7572e-02
 1.4325e+00  2.7580e-02
 1.4436e+00  2.7627e-02
 1.4547e+00  2.7723e-02
 1.4659e+00  2.7860e-02
 1.4772e+00  2.8016e-02
 1.4886e+00  2.7592e-02
 1.5001e+00  2.7249e-02
 1.5117e+00  2.7140e-02
 1.5233e+00  2.7130e-02
 1.5351e+00  2.7190e-02
 1.5469e+00  2.7246e-02
 1.5588e+00  2.7208e-02
 1.5708e+00  2.7055e-02
 1.5829e+00  2.6813e-02
 1.5952e+00  2.6507e-02
 1.6074e+00  2.6171e-02
 1.6198e+00  2.5845e-02
 1.6323e+00  2.5573e-02
 1.6449e+00  2.5426e-02
 1.6576e+00  2.5410e-02
 1.6704e+00  2.5491e-02
 1.6833e+00  2.5627e-02
 1.6962e+00  2.5780e-02
 1.7093e+00  2.5925e-02
 1.7225e+00  2.5912e-02
 1.7358e+00  2.5884e-02
 1.7492e+00  2.5882e-02
 1.7626e+00  2.5939e-02
 1.7762e+00  2.6064e-02
 1.7899e+00  2.6256e-02
 1.8037e+00  2.6516e-02
 1.8176e+00  2.6835e-02
 1.8316e+00  2.7192e-02
 1.8458e+00  2.7557e-02
 1.8600e+00  2.7897e-02
 1.8743e+00  2.8180e-02
 1.8888e+00  2.8373e-02
 1.9034e+00  2.8440e-02
 1.9180e+00  2.8355e-02
 1.9328e+00  2.8115e-02
 1.9477e+00  2.7721e-02
 1.9627e+00  2.7215e-02
 1.9779e+00  2.6854e-02
 1.9931e+00  2.6968e-02
 2.0085e+00  2.7272e-02
 2.0240e+00  2.7272e-02
 2.0396e+00  2.7271e-02
 2.0553e+00  2.7270e-02
 2.0711e+00  2.7269e-02
 2.0871e+00  2.7269e-02
 2.1032e+00  2.7268e-02
 2.1194e+00  2.7267e-02
 2.1358e+00  2.7267e-02
 2.1522e+00  2.7266e-02
 2.1688e+00  2.7265e-02
 2.1855e+00  2.7265e-02
 2.2024e+00  2.7264e-02
 2.2194e+00  2.7263e-02
 2.2365e+00  2.7263e-02
 2.2537e+00  2.7262e-02
 2.2711e+00  2.7261e-02
 2.2886e+00  2.7261e-02
 2.3063e+00  2.7260e-02
 2.3240e+00  2.7260e-02
 2.3420e+00  2.7259e-02
 2.3600e+00  2.7259e-02
 2.3782e+00  2.7258e-02
 2.3965e+00  2.7257e-02
 2.4150e+00  2.7257e-02
 2.4336e+00  2.7256e-02
 2.4524e+00  2.7256e-02
 2.4713e+00  2.7255e-02
 2.4904e+00  2.7255e-02
 2.5096e+00  2.7254e-02
 2.5289e+00  2.7254e-02
 2.5484e+00  2.7079e-02
 2.5681e+00  2.6732e-02
 2.5879e+00  2.6541e-02
 2.6078e+00  2.6393e-02
 2.6279e+00  2.6268e-02
 2.6482e+00  2.6159e-02
 2.6686e+00  2.6060e-02
 2.6892e+00  2.5970e-02
 2.7099e+00  2.5886e-02
 2.7308e+00  2.5807e-02
 2.7519e+00  2.5734e-02
 2.7731e+00  2.5664e-02
 2.7945e+00  2.5597e-02
 2.8160e+00  2.5534e-02
 2.8377e+00  2.5474e-02
 2.8596e+00  2.5415e-02
 2.8816e+00  2.5360e-02
 2.9039e+00  2.5306e-02
 2.9262e+00  2.5254e-02
 2.9488e+00  2.5203e-02
 2.9715e+00  2.5155e-02
 2.9945e+00  2.5108e-02
 3.0175e+00  2.5062e-02
 3.0408e+00  2.5017e-02
 3.0643e+00  2.4974e-02
 3.0879e+00  2.4932e-02
 3.1117e+00  2.4891e-02
 3.1357e+00  2.4852e-02
 3.1598e+00  2.4813e-02
 3.1842e+00  2.4775e-02
 3.2088e+00  2.4738e-02
 3.2335e+00  2.4702e-02
 3.2584e+00  2.4667e-02
 3.2836e+00  2.4633e-02
 3.3089e+00  2.4599e-02
 3.3344e+00  2.4566e-02
 3.3601e+00  2.4534e-02
 3.3860e+00  2.4503e-02
 3.4121e+00  2.4472e-02
 3.4384e+00  2.4442e-02
 3.4649e+00  2.4413e-02
 3.4916e+00  2.4384e-02
 3.5186e+00  2.4355e-02
 3.5457e+00  2.4328e-02
 3.5730e+00  2.4190e-02
 3.6006e+00  2.4103e-02
 3.6283e+00  2.4033e-02
 3.6563e+00  2.3971e-02
 3.6845e+00  2.3915e-02
 3.7129e+00  2.3862e-02
 3.7415e+00  2.3813e-02
 3.7704e+00  2.3766e-02
 3.7994e+00  2.3721e-02
 3.8287e+00  2.3678e-02
 3.8583e+00  2.3636e-02
 3.8880e+00  2.3596e-02
 3.9180e+00  2.3557e-02
 3.9482e+00  2.3520e-02
 3.9786e+00  2.3483e-02
 4.0093e+00  2.3448e-02
 4.0402e+00  2.3413e-02
 4.0714e+00  2.3379e-02
 4.1028e+00  2.3347e-02
 4.1344e+00  2.3315e-02
 4.1663e+00  2.3283e-02
 4.1984e+00  2.3253e-02
 4.2308e+00  2.3223e-02
 4.2634e+00  2.3194e-02
 4.2962e+00  2.3165e-02
 4.3294e+00  2.3138e-02
 4.3627e+00  2.3110e-02
 4.3964e+00  2.3084e-02
 4.4303e+00  2.3057e-02
 4.4644e+00  2.3032e-02
 4.4989e+00  2.3007e-02
 4.5335e+00  2.2982e-02
 4.5685e+00  2.2958e-02
 4.6037e+00  2.2934e-02
 4.6392e+00  2.2911e-02
 4.6750e+00  2.2889e-02
 4.7110e+00  2.2866e-02
 4.7473e+00  2.2844e-02
 4.7839e+00  2.2823e-02
 4.8208e+00  2.2802e-02
 4.8580e+00  2.2781e-02
 4.8955e+00  2.2761e-02
 4.9332e+00  2.2741e-02
 4.9712e+00  2.2722e-02
 5.0096e+00  2.2703e-02
 5.0482e+00  2.2684e-02
 5.0871e+00  2.2665e-02
 5.1263e+00  2.2647e-02
 5.1659e+00  2.2629e-02
 5.2057e+00  2.2612e-02
 5.2458e+00  2.2595e-02
 5.2863e+00  2.2578e-02
 5.3270e+00  2.2561e-02
 5.3681e+00  2.2545e-02
 5.4095e+00  2.2529e-02
 5.4512e+00  2.2513e-02
 5.4932e+00  2.2498e-02
 5.5356e+00  2.2482e-02
 5.5782e+00  2.2468e-02
 5.6213e+00  2.2453e-02
 5.6646e+00  2.2438e-02
 5.7083e+00  2.2424e-02
 5.7523e+00  2.2410e-02
 5.7966e+00  2.2397e-02
 5.8413e+00  2.2383e-02
 5.8864e+00  2.2370e-02
 5.9317e+00  2.2357e-02
 5.9775e+00  2.2344e-02
 6.0236e+00  2.2332e-02
 6.0700e+00  2.2319e-02
 6.1168e+00  2.2307e-02
 6.1640e+00  2.2295e-02
 6.2115e+00  2.2283e-02
 6.2594e+00  2.2272e-02
 6.3076e+00  2.2260e-02
 6.3563e+00  2.2249e-02
 6.4053e+00  2.2238e-02
 6.4547e+00  2.2227e-02
 6.5044e+00  2.2217e-02
 6.5546e+00  2.2206e-02
 6.6051e+00  2.2196e-02
 6.6560e+00  2.2186e-02
 6.7074e+00  2.2176e-02
 6.7591e+00  2.2166e-02
 6.8112e+00  2.2157e-02
 6.8637e+00  2.2147e-02
 6.9166e+00  2.2138e-02
 6.9699e+00  2.2129e-02
 7.0237e+00  2.2120e-02
 7.0778e+00  2.2111e-02
 7.1324e+00  2.2102e-02
 7.1874e+00  2.2093e-02
 7.2428e+00  2.2085e-02
 7.2986e+00  2.2077e-02
 7.3549e+00  2.2068e-02
 7.4116e+00  2.2060e-02
 7.4688e+00  2.2052e-02
 7.5263e+00  2.2045e-02
 7.5844e+00  2.2037e-02
 7.6429e+00  2.2029e-02
 7.7018e+00  2.2022e-02
 7.7612e+00  2.2015e-02
 7.8210e+00  2.2008e-02
 7.8813e+00  2.2001e-02
 7.9421e+00  2.1994e-02
 8.0033e+00  2.1987e-02
 8.0650e+00  2.1980e-02
 8.1272e+00  2.1973e-02
 8.1898e+00  2.1967e-02
 8.2530e+00  2.1960e-02
 8.3166e+00  2.1954e-02
 8.3807e+00  2.1794e-02
 8.4454e+00  2.1588e-02
 8.5105e+00  2.1461e-02
 8.5761e+00  2.1361e-02
 8.6422e+00  2.1275e-02
 8.7088e+00  2.1199e-02
 8.7760e+00  2.1130e-02
 8.8436e+00  2.1066e-02
 8.9118e+00  2.1006e-02
 8.9805e+00  2.0950e-02
 9.0498e+00  2.0897e-02
 9.1195e+00  2.0847e-02
 9.1899e+00  2.0799e-02
 9.2607e+00  2.0753e-02
 9.3321e+00  2.0709e-02
 9.4041e+00  2.0666e-02
 9.4766e+00  2.0625e-02
 9.5496e+00  2.0586e-02
 9.6233e+00  2.0548e-02
 9.6975e+00  2.0511e-02
 9.7722e+00  2.0475e-02
 9.8476e+00  2.0440e-02
 9.9235e+00  2.0406e-02
 1.0000e+01  2.0373e-02
