 1.0000e-02  0.0000e+00
 2.0000e-02  0.0000e+00
 3.0000e-02  0.0000e+00
 4.0000e-02  0.0000e+00
 5.0000e-02  0.0000e+00
 6.0000e-02  0.0000e+00
 7.0000e-02  0.0000e+00
 8.0000e-02  0.0000e+00
 9.0000e-02  0.0000e+00
 1.0000e-01  0.0000e+00
 1.1000e-01  0.0000e+00
 1.2000e-01  0.0000e+00
 1.3000e-01  0.0000e+00
 1.4000e-01  0.0000e+00
 1.5000e-01  0.0000e+00
 1.6000e-01  0.0000e+00
 1.7000e-01  0.0000e+00
 1.8000e-01  0.0000e+00
 1.9000e-01  0.0000e+00
 2.0000e-01  0.0000e+00
 2.1000e-01  0.0000e+00
 2.2000e-01  1.1931e-01
 2.3000e-01  1.5763e-01
 2.4000e-01  1.7984e-01
 2.5000e-01  1.9468e-01
 2.6000e-01  2.0530e-01
 2.7000e-01  2.1324e-01
 2.8000e-01  2.1934e-01
 2.9000e-01  2.2414e-01
 3.0000e-01  2.2798e-01
 3.1000e-01  2.3109e-01
 3.2000e-01  2.3365e-01
 3.3000e-01  2.3578e-01
 3.4000e-01  2.3755e-01
 3.5000e-01  2.3905e-01
 3.6000e-01  2.4033e-01
 3.7000e-01  2.4142e-01
 3.8000e-01  2.4235e-01
 3.9000e-01  2.4316e-01
 4.0000e-01  2.4386e-01
 4.1000e-01  2.4448e-01
 4.2000e-01  2.4502e-01
 4.3000e-01  2.4549e-01
 4.4000e-01  2.4590e-01
 4.5000e-01  2.4627e-01
 4.6000e-01  2.4660e-01
 4.7000e-01  2.4689e-01
 4.8000e-01  2.4716e-01
 4.9000e-01  2.4739e-01
 5.0000e-01  2.4760e-01
 5.1000e-01  2.4779e-01
 5.2000e-01  2.4796e-01
 5.3000e-01  2.4811e-01
 5.4000e-01  2.4825e-01
 5.5000e-01  2.4838e-01
 5.6000e-01  2.4850e-01
 5.7000e-01  2.4860e-01
 5.8000e-01  2.4870e-01
 5.9000e-01  2.4879e-01
 6.0000e-01  2.4887e-01
 6.1000e-01  2.4894e-01
 6.2000e-01  2.4901e-01
 6.3000e-01  2.4907e-01
 6.4000e-01  2.4913e-01
 6.5000e-01  2.4918e-01
 6.6000e-01  2.4923e-01
 6.7000e-01  2.4928e-01
 6.8000e-01  2.4932e-01
 6.9000e-01  2.4936e-01
 7.0000e-01  2.4939e-01
 7.1000e-01  2.4943e-01
 7.2000e-01  2.4946e-01
 7.3000e-01  2.4949e-01
 7.4000e-01  2.4951e-01
 7.5000e-01  2.4954e-01
 7.6000e-01  2.4956e-01
 7.7000e-01  2.4958e-01
 7.8000e-01  2.4960e-01
 7.9000e-01  2.4962e-01
 8.0000e-01  2.4964e-01
 8.1000e-01  2.4966e-01
 8.2000e-01  2.4968e-01
 8.3000e-01  2.4969e-01
 8.4000e-01  2.4971e-01
 8.5000e-01  2.4972e-01
 8.6000e-01  2.4974e-01
 8.7000e-01  2.4975e-01
 8.8000e-01  2.4976e-01
 8.9000e-01  2.4977e-01
 9.0000e-01  2.4978e-01
 9.1000e-01  2.4979e-01
 9.2000e-01  2.4980e-01
 9.3000e-01  2.4981e-01
 9.4000e-01  2.4982e-01
 9.5000e-01  2.4982e-01
 9.6000e-01  2.4983e-01
 9.7000e-01  2.4984e-01
 9.8000e-01  2.4984e-01
 9.9000e-01  2.4985e-01
 1.0000e+00  2.4986e-01
 1.0100e+00  2.4986e-01
 1.0200e+00  2.4984e-01
 1.0300e+00  2.4987e-01
 1.0400e+00  2.4988e-01
 1.0500e+00  2.4988e-01
 1.0600e+00  2.4989e-01
 1.0700e+00  2.4989e-01
 1.0800e+00  2.4989e-01
 1.0900e+00  2.4990e-01
 1.1000e+00  2.4990e-01
 1.1100e+00  2.4991e-01
 1.1200e+00  2.4991e-01
 1.1300e+00  2.4991e-01
 1.1400e+00  2.4992e-01
 1.1500e+00  2.4992e-01
 1.1600e+00  2.4992e-01
 1.1700e+00  2.4992e-01
 1.1800e+00  2.4993e-01
 1.1900e+00  2.4993e-01
 1.2000e+00  2.4993e-01
 1.2100e+00  2.4993e-01
 1.2200e+00  2.4994e-01
 1.2300e+00  2.4994e-01
 1.2400e+00  2.4994e-01
 1.2500e+00  2.4994e-01
 1.2600e+00  2.4994e-01
 1.2700e+00  2.4994e-01
 1.2800e+00  2.4995e-01
 1.2900e+00  2.4995e-01
 1.3000e+00  2.4995e-01
 1.3100e+00  2.4995e-01
 1.3200e+00  2.4995e-01
 1.3300e+00  2.4995e-01
 1.3400e+00  2.4996e-01
 1.3500e+00  2.4996e-01
 1.3600e+00  2.4996e-01
 1.3700e+00  2.4996e-01
 1.3800e+00  2.4996e-01
 1.3900e+00  2.4996e-01
 1.4000e+00  2.4996e-01
 1.4100e+00  2.4996e-01
 1.4200e+00  2.4996e-01
 1.4300e+00  2.4997e-01
 1.4400e+00  2.4997e-01
 1.4500e+00  2.4997e-01
 1.4600e+00  2.4997e-01
 1.4700e+00  2.4997e-01
 1.4800e+00  2.4997e-01
 1.4900e+00  2.4997e-01
 1.5000e+00  2.4997e-01
 1.5100e+00  2.4997e-01
 1.5200e+00  2.4997e-01
 1.5300e+00  2.4997e-01
 1.5400e+00  2.4997e-01
 1.5500e+00  2.4997e-01
 1.5600e+00  2.4998e-01
 1.5700e+00  2.4998e-01
 1.5800e+00  2.4998e-01
 1.5900e+00  2.4998e-01
 1.6000e+00  2.4998e-01
 1.6100e+00  2.4998e-01
 1.6200e+00  2.4998e-01
 1.6300e+00  2.4998e-01
 1.6400e+00  2.4998e-01
 1.6500e+00  2.4998e-01
 1.6600e+00  2.4998e-01
 1.6700e+00  2.4998e-01
 1.6800e+00  2.4998e-01
 1.6900e+00  2.4998e-01
 1.7000e+00  2.4998e-01
 1.7100e+00  2.4998e-01
 1.7200e+00  2.4998e-01
 1.7300e+00  2.4998e-01
 1.7400e+00  2.4998e-01
 1.7500e+00  2.4998e-01
 1.7600e+00  2.4998e-01
 1.7700e+00  2.4998e-01
 1.7800e+00  2.4998e-01
 1.7900e+00  2.4999e-01
 1.8000e+00  2.4999e-01
 1.8100e+00  2.4999e-01
 1.8200e+00  2.4999e-01
 1.8300e+00  2.4999e-01
 1.8400e+00  2.4999e-01
 1.8500e+00  2.4999e-01
 1.8600e+00  2.4999e-01
 1.8700e+00  2.4999e-01
 1.8800e+00  2.4999e-01
 1.8900e+00  2.4999e-01
 1.9000e+00  2.4999e-01
 1.9100e+00  2.4999e-01
 1.9200e+00  2.4999e-01
 1.9300e+00  2.4999e-01
 1.9400e+00  2.4999e-01
 1.9500e+00  2.4999e-01
 1.9600e+00  2.4999e-01
 1.9700e+00  2.4999e-01
 1.9800e+00  2.4999e-01
 1.9900e+00  2.4999e-01
