 1.0000e-03  9.0619e-01
 1.0093e-03  9.0619e-01
 1.0186e-03  9.0619e-01
 1.0280e-03  7.8608e-01
 1.0376e-03  7.2954e-01
 1.0472e-03  6.9486e-01
 1.0569e-03  6.6948e-01
 1.0667e-03  6.4948e-01
 1.0765e-03  6.3303e-01
 1.0865e-03  6.1912e-01
 1.0966e-03  6.0713e-01
 1.1067e-03  5.9664e-01
 1.1170e-03  5.8735e-01
 1.1273e-03  5.7905e-01
 1.1378e-03  5.7157e-01
 1.1483e-03  5.6480e-01
 1.1589e-03  5.5863e-01
 1.1697e-03  5.5298e-01
 1.1805e-03  5.4779e-01
 1.1915e-03  5.4300e-01
 1.2025e-03  5.3857e-01
 1.2136e-03  5.3446e-01
 1.2249e-03  5.3064e-01
 1.2362e-03  5.2707e-01
 1.2477e-03  5.2374e-01
 1.2592e-03  5.2062e-01
 1.2709e-03  5.1769e-01
 1.2826e-03  5.1494e-01
 1.2945e-03  5.1236e-01
 1.3065e-03  5.0992e-01
 1.3186e-03  5.0762e-01
 1.3308e-03  5.0545e-01
 1.3432e-03  5.0340e-01
 1.3556e-03  5.0146e-01
 1.3682e-03  4.9962e-01
 1.3808e-03  4.9788e-01
 1.3936e-03  4.9622e-01
 1.4065e-03  4.9465e-01
 1.4196e-03  4.9315e-01
 1.4327e-03  4.9173e-01
 1.4460e-03  4.9038e-01
 1.4594e-03  4.8909e-01
 1.4729e-03  4.8786e-01
 1.4865e-03  4.8669e-01
 1.5003e-03  4.8558e-01
 1.5142e-03  4.8451e-01
 1.5282e-03  4.8349e-01
 1.5424e-03  4.8252e-01
 1.5567e-03  4.8159e-01
 1.5711e-03  4.8070e-01
 1.5856e-03  4.7985e-01
 1.6003e-03  4.7903e-01
 1.6151e-03  4.7825e-01
 1.6301e-03  4.7750e-01
 1.6452e-03  4.7679e-01
 1.6604e-03  4.7610e-01
 1.6758e-03  4.7544e-01
 1.6913e-03  4.7481e-01
 1.7070e-03  4.7420e-01
 1.7228e-03  4.7362e-01
 1.7388e-03  4.7306e-01
 1.7549e-03  4.7252e-01
 1.7711e-03  4.7201e-01
 1.7875e-03  4.7151e-01
 1.8041e-03  4.7104e-01
 1.8208e-03  4.7058e-01
 1.8377e-03  4.7014e-01
 1.8547e-03  4.6971e-01
 1.8719e-03  4.6931e-01
 1.8892e-03  4.6891e-01
 1.9067e-03  4.6854e-01
 1.9244e-03  4.6817e-01
 1.9422e-03  4.6782e-01
 1.9602e-03  4.6749e-01
 1.9783e-03  4.6716e-01
 1.9966e-03  4.6685e-01
 2.0151e-03  4.6655e-01
 2.0338e-03  4.6625e-01
 2.0526e-03  4.6597e-01
 2.0716e-03  4.6570e-01
 2.0908e-03  4.6544e-01
 2.1102e-03  4.6519e-01
 2.1297e-03  4.6495e-01
 2.1495e-03  4.6471e-01
 2.1694e-03  4.6449e-01
 2.1895e-03  4.6427e-01
 2.2098e-03  4.6406e-01
 2.2302e-03  4.6385e-01
 2.2509e-03  4.6366e-01
 2.2717e-03  4.6347e-01
 2.2928e-03  4.6328e-01
 2.3140e-03  4.6311e-01
 2.3354e-03  4.6294e-01
 2.3571e-03  4.6277e-01
 2.3789e-03  4.6261e-01
 2.4009e-03  4.6246e-01
 2.4232e-03  4.6231e-01
 2.4456e-03  4.6216e-01
 2.4683e-03  4.6202e-01
 2.4911e-03  4.6189e-01
 2.5142e-03  4.6175e-01
 2.5375e-03  4.6163e-01
 2.5610e-03  4.6150e-01
 2.5847e-03  4.6139e-01
 2.6087e-03  4.6127e-01
 2.6328e-03  4.6116e-01
 2.6572e-03  4.6105e-01
 2.6818e-03  4.6095e-01
 2.7067e-03  4.6085e-01
 2.7317e-03  4.6075e-01
 2.7570e-03  4.6065e-01
 2.7826e-03  4.6056e-01
 2.8083e-03  4.6047e-01
 2.8343e-03  4.6039e-01
 2.8606e-03  4.6030e-01
 2.8871e-03  4.6022e-01
 2.9138e-03  4.6014e-01
 2.9408e-03  4.6007e-01
 2.9681e-03  4.5999e-01
 2.9955e-03  4.5992e-01
 3.0233e-03  4.5985e-01
 3.0513e-03  4.5978e-01
 3.0796e-03  4.5972e-01
 3.1081e-03  4.5966e-01
 3.1369e-03  4.5959e-01
 3.1659e-03  4.5953e-01
 3.1952e-03  4.5948e-01
 3.2248e-03  4.5942e-01
 3.2547e-03  4.5937e-01
 3.2849e-03  4.5931e-01
 3.3153e-03  4.5926e-01
 3.3460e-03  4.5921e-01
 3.3770e-03  4.5916e-01
 3.4083e-03  4.5911e-01
 3.4398e-03  4.5907e-01
 3.4717e-03  4.5902e-01
 3.5038e-03  4.5898e-01
 3.5363e-03  4.5894e-01
 3.5690e-03  4.5890e-01
 3.6021e-03  4.5886e-01
 3.6355e-03  4.5882e-01
 3.6691e-03  4.5878e-01
 3.7031e-03  4.5875e-01
 3.7374e-03  4.5871e-01
 3.7720e-03  4.5867e-01
 3.8070e-03  4.5864e-01
 3.8422e-03  4.5861e-01
 3.8778e-03  4.5858e-01
 3.9137e-03  4.5855e-01
 3.9500e-03  4.5852e-01
 3.9866e-03  4.5849e-01
 4.0235e-03  4.5846e-01
 4.0608e-03  4.5843e-01
 4.0984e-03  4.5840e-01
 4.1363e-03  4.5838e-01
 4.1747e-03  4.5835e-01
 4.2133e-03  4.5833e-01
 4.2523e-03  4.5830e-01
 4.2917e-03  4.5828e-01
 4.3315e-03  4.5826e-01
 4.3716e-03  4.5823e-01
 4.4121e-03  4.5821e-01
 4.4530e-03  4.5819e-01
 4.4942e-03  4.5817e-01
 4.5358e-03  4.5815e-01
 4.5778e-03  4.5813e-01
 4.6202e-03  4.5811e-01
 4.6630e-03  4.5809e-01
 4.7062e-03  4.5807e-01
 4.7498e-03  4.5805e-01
 4.7938e-03  4.5804e-01
 4.8382e-03  4.5802e-01
 4.8830e-03  4.5800e-01
 4.9282e-03  4.5799e-01
 4.9739e-03  4.5797e-01
 5.0200e-03  4.5796e-01
 5.0665e-03  4.5794e-01
 5.1134e-03  4.5793e-01
 5.1607e-03  4.5791e-01
 5.2085e-03  4.5790e-01
 5.2568e-03  4.5789e-01
 5.3055e-03  4.5787e-01
 5.3546e-03  4.5786e-01
 5.4042e-03  4.5785e-01
 5.4543e-03  4.5784e-01
 5.5048e-03  4.5782e-01
 5.5558e-03  4.5781e-01
 5.6072e-03  4.5780e-01
 5.6592e-03  4.5779e-01
 5.7116e-03  4.5778e-01
 5.7645e-03  4.5777e-01
 5.8179e-03  4.5776e-01
 5.8718e-03  4.5775e-01
 5.9262e-03  4.5774e-01
 5.9810e-03  4.5773e-01
 6.0364e-03  4.5772e-01
 6.0923e-03  4.5771e-01
 6.1488e-03  4.5770e-01
 6.2057e-03  4.5769e-01
 6.2632e-03  4.5768e-01
 6.3212e-03  4.5767e-01
 6.3798e-03  4.5767e-01
 6.4389e-03  4.5766e-01
 6.4985e-03  4.5765e-01
 6.5587e-03  4.5764e-01
 6.6194e-03  4.5763e-01
 6.6807e-03  4.5763e-01
 6.7426e-03  4.5762e-01
 6.8051e-03  4.5761e-01
 6.8681e-03  4.5761e-01
 6.9317e-03  4.5760e-01
 6.9959e-03  4.5759e-01
 7.0607e-03  4.5759e-01
 7.1261e-03  4.5758e-01
 7.1921e-03  4.5757e-01
 7.2587e-03  4.5757e-01
 7.3260e-03  4.5756e-01
 7.3938e-03  4.5756e-01
 7.4623e-03  4.5755e-01
 7.5314e-03  4.5755e-01
 7.6012e-03  4.5754e-01
 7.6716e-03  4.5753e-01
 7.7426e-03  4.5753e-01
 7.8144e-03  4.5752e-01
 7.8867e-03  4.5752e-01
 7.9598e-03  4.5751e-01
 8.0335e-03  4.5751e-01
 8.1079e-03  4.5751e-01
 8.1830e-03  4.5750e-01
 8.2588e-03  4.5750e-01
 8.3353e-03  4.5749e-01
 8.4125e-03  4.5749e-01
 8.4904e-03  4.5748e-01
 8.5691e-03  4.5748e-01
 8.6484e-03  4.5748e-01
 8.7285e-03  4.5747e-01
 8.8094e-03  4.5747e-01
 8.8910e-03  4.5746e-01
 8.9733e-03  4.5746e-01
 9.0564e-03  4.5746e-01
 9.1403e-03  4.5745e-01
 9.2250e-03  4.5745e-01
 9.3104e-03  4.5745e-01
 9.3966e-03  4.5744e-01
 9.4837e-03  4.5744e-01
 9.5715e-03  4.5744e-01
 9.6602e-03  4.5743e-01
 9.7496e-03  4.5743e-01
 9.8400e-03  4.5743e-01
 9.9311e-03  4.5742e-01
 1.0023e-02  4.5742e-01
 1.0116e-02  4.5742e-01
 1.0210e-02  4.5742e-01
 1.0304e-02  4.5741e-01
 1.0400e-02  4.5741e-01
 1.0496e-02  4.5741e-01
 1.0593e-02  4.5741e-01
 1.0691e-02  4.5740e-01
 1.0790e-02  4.5740e-01
 1.0890e-02  4.5740e-01
 1.0991e-02  4.5740e-01
 1.1093e-02  4.5739e-01
 1.1196e-02  4.5739e-01
 1.1299e-02  4.5739e-01
 1.1404e-02  4.5739e-01
 1.1510e-02  4.5739e-01
 1.1616e-02  4.5738e-01
 1.1724e-02  4.5738e-01
 1.1832e-02  4.5738e-01
 1.1942e-02  4.5738e-01
 1.2053e-02  4.5738e-01
 1.2164e-02  4.5737e-01
 1.2277e-02  4.5737e-01
 1.2391e-02  4.5737e-01
 1.2505e-02  4.5737e-01
 1.2621e-02  4.5737e-01
 1.2738e-02  4.5737e-01
 1.2856e-02  4.5736e-01
 1.2975e-02  4.5736e-01
 1.3095e-02  4.5736e-01
 1.3217e-02  4.5736e-01
 1.3339e-02  4.5736e-01
 1.3463e-02  4.5736e-01
 1.3587e-02  4.5735e-01
 1.3713e-02  4.5735e-01
 1.3840e-02  4.5735e-01
 1.3968e-02  4.5735e-01
 1.4098e-02  4.5735e-01
 1.4228e-02  4.5735e-01
 1.4360e-02  4.5735e-01
 1.4493e-02  4.5734e-01
 1.4627e-02  4.5734e-01
 1.4763e-02  4.5734e-01
 1.4900e-02  4.5734e-01
 1.5038e-02  4.5734e-01
 1.5177e-02  4.5734e-01
 1.5317e-02  4.5734e-01
 1.5459e-02  4.5734e-01
 1.5602e-02  4.5734e-01
 1.5747e-02  4.5733e-01
 1.5893e-02  4.5733e-01
 1.6040e-02  4.5733e-01
 1.6189e-02  4.5733e-01
 1.6339e-02  4.5733e-01
 1.6490e-02  4.5733e-01
 1.6643e-02  4.5733e-01
 1.6797e-02  4.5733e-01
 1.6952e-02  4.5733e-01
 1.7109e-02  4.5733e-01
 1.7268e-02  4.5732e-01
 1.7428e-02  4.5732e-01
 1.7589e-02  4.5732e-01
 1.7752e-02  4.5732e-01
 1.7917e-02  4.5732e-01
 1.8082e-02  4.5732e-01
 1.8250e-02  4.5732e-01
 1.8419e-02  4.5732e-01
 1.8590e-02  4.5732e-01
 1.8762e-02  4.5732e-01
 1.8936e-02  4.5732e-01
 1.9111e-02  4.5732e-01
 1.9288e-02  4.5732e-01
 1.9467e-02  4.5731e-01
 1.9647e-02  4.5731e-01
 1.9829e-02  4.5731e-01
 2.0012e-02  4.5731e-01
 2.0198e-02  4.5731e-01
 2.0385e-02  4.5731e-01
 2.0574e-02  4.5731e-01
 2.0764e-02  4.5731e-01
 2.0957e-02  4.5731e-01
 2.1151e-02  4.5731e-01
 2.1347e-02  4.5731e-01
 2.1544e-02  4.5731e-01
 2.1744e-02  4.5731e-01
 2.1945e-02  4.5731e-01
 2.2149e-02  4.5731e-01
 2.2354e-02  4.5731e-01
 2.2561e-02  4.5730e-01
 2.2770e-02  4.5730e-01
 2.2981e-02  4.5730e-01
 2.3193e-02  4.5730e-01
 2.3408e-02  4.5730e-01
 2.3625e-02  4.5730e-01
 2.3844e-02  4.5730e-01
 2.4065e-02  4.5730e-01
 2.4288e-02  4.5730e-01
 2.4513e-02  4.5730e-01
 2.4740e-02  4.5730e-01
 2.4969e-02  4.5730e-01
 2.5200e-02  4.5730e-01
 2.5433e-02  4.5730e-01
 2.5669e-02  4.5730e-01
 2.5907e-02  4.5730e-01
 2.6147e-02  4.5730e-01
 2.6389e-02  4.5730e-01
 2.6633e-02  4.5730e-01
 2.6880e-02  4.5730e-01
 2.7129e-02  4.5730e-01
 2.7380e-02  4.5730e-01
 2.7634e-02  4.5730e-01
 2.7890e-02  4.5730e-01
 2.8148e-02  4.5730e-01
 2.8409e-02  4.5729e-01
 2.8672e-02  4.5729e-01
 2.8938e-02  4.5729e-01
 2.9206e-02  4.5729e-01
 2.9476e-02  4.5729e-01
 2.9749e-02  4.5729e-01
 3.0025e-02  4.5729e-01
 3.0303e-02  4.5729e-01
 3.0583e-02  4.5729e-01
 3.0867e-02  4.5729e-01
 3.1153e-02  4.5729e-01
 3.1441e-02  4.5729e-01
 3.1732e-02  4.5729e-01
 3.2026e-02  4.5729e-01
 3.2323e-02  4.5729e-01
 3.2622e-02  4.5729e-01
 3.2924e-02  4.5729e-01
 3.3229e-02  4.5729e-01
 3.3537e-02  4.5729e-01
 3.3848e-02  4.5729e-01
 3.4161e-02  4.5729e-01
 3.4478e-02  4.5729e-01
 3.4797e-02  4.5729e-01
 3.5119e-02  4.5729e-01
 3.5445e-02  4.5729e-01
 3.5773e-02  4.5729e-01
 3.6104e-02  4.5729e-01
 3.6439e-02  4.5729e-01
 3.6776e-02  4.5729e-01
 3.7117e-02  4.5729e-01
 3.7461e-02  4.5729e-01
 3.7807e-02  4.5729e-01
 3.8158e-02  4.5729e-01
 3.8511e-02  4.5729e-01
 3.8868e-02  4.5729e-01
 3.9228e-02  4.5729e-01
 3.9591e-02  4.5729e-01
 3.9958e-02  4.5729e-01
 4.0328e-02  4.5729e-01
 4.0701e-02  4.5729e-01
 4.1078e-02  4.5729e-01
 4.1459e-02  4.5729e-01
 4.1843e-02  4.5729e-01
 4.2230e-02  4.5729e-01
 4.2622e-02  4.5729e-01
 4.3016e-02  4.5729e-01
 4.3415e-02  4.5728e-01
 4.3817e-02  4.5728e-01
 4.4223e-02  4.5728e-01
 4.4632e-02  4.5728e-01
 4.5046e-02  4.5728e-01
 4.5463e-02  4.5728e-01
 4.5884e-02  4.5728e-01
 4.6309e-02  4.5728e-01
 4.6738e-02  4.5728e-01
 4.7171e-02  4.5728e-01
 4.7608e-02  4.5728e-01
 4.8049e-02  4.5728e-01
 4.8494e-02  4.5728e-01
 4.8943e-02  4.5728e-01
 4.9396e-02  4.5728e-01
 4.9854e-02  4.5728e-01
 5.0315e-02  4.5728e-01
 5.0782e-02  4.5728e-01
 5.1252e-02  4.5728e-01
 5.1727e-02  4.5728e-01
 5.2206e-02  4.5728e-01
 5.2689e-02  4.5728e-01
 5.3177e-02  4.5728e-01
 5.3670e-02  4.5728e-01
 5.4167e-02  4.5728e-01
 5.4669e-02  4.5728e-01
 5.5175e-02  4.5728e-01
 5.5686e-02  4.5728e-01
 5.6202e-02  4.5728e-01
 5.6722e-02  4.5728e-01
 5.7248e-02  4.5728e-01
 5.7778e-02  4.5728e-01
 5.8313e-02  4.5728e-01
 5.8853e-02  4.5728e-01
 5.9398e-02  4.5728e-01
 5.9948e-02  4.5728e-01
 6.0504e-02  4.5728e-01
 6.1064e-02  4.5728e-01
 6.1630e-02  4.5728e-01
 6.2200e-02  4.5728e-01
 6.2777e-02  4.5728e-01
 6.3358e-02  4.5728e-01
 6.3945e-02  4.5728e-01
 6.4537e-02  4.5728e-01
 6.5135e-02  4.5728e-01
 6.5738e-02  4.5728e-01
 6.6347e-02  4.5728e-01
 6.6962e-02  4.5728e-01
 6.7582e-02  4.5728e-01
 6.8208e-02  4.5728e-01
 6.8840e-02  4.5728e-01
 6.9477e-02  4.5728e-01
 7.0121e-02  4.5728e-01
 7.0770e-02  4.5728e-01
 7.1426e-02  4.5728e-01
 7.2087e-02  4.5728e-01
 7.2755e-02  4.5728e-01
 7.3429e-02  4.5728e-01
 7.4109e-02  4.5728e-01
 7.4795e-02  4.5728e-01
 7.5488e-02  4.5728e-01
 7.6187e-02  4.5728e-01
 7.6893e-02  4.5728e-01
 7.7605e-02  4.5728e-01
 7.8324e-02  4.5728e-01
 7.9049e-02  4.5728e-01
 7.9781e-02  4.5728e-01
 8.0520e-02  4.5728e-01
 8.1266e-02  4.5728e-01
 8.2019e-02  4.5728e-01
 8.2779e-02  4.5728e-01
 8.3545e-02  4.5728e-01
 8.4319e-02  4.5728e-01
 8.5100e-02  4.5728e-01
 8.5888e-02  4.5728e-01
 8.6684e-02  4.5728e-01
 8.7487e-02  4.5728e-01
 8.8297e-02  4.5728e-01
 8.9115e-02  4.5728e-01
 8.9940e-02  4.5728e-01
 9.0773e-02  4.5728e-01
 9.1614e-02  4.5728e-01
 9.2463e-02  4.5728e-01
 9.3319e-02  4.5728e-01
 9.4183e-02  4.5728e-01
 9.5056e-02  4.5728e-01
 9.5936e-02  4.5728e-01
 9.6825e-02  4.5728e-01
 9.7721e-02  4.5728e-01
 9.8627e-02  4.5728e-01
 9.9540e-02  4.5728e-01
 1.0046e-01  4.5728e-01
 1.0139e-01  4.5728e-01
 1.0233e-01  4.5728e-01
 1.0328e-01  4.5728e-01
 1.0424e-01  4.5728e-01
 1.0520e-01  4.5728e-01
 1.0618e-01  4.5728e-01
 1.0716e-01  4.5728e-01
 1.0815e-01  4.5728e-01
 1.0915e-01  4.5728e-01
 1.1016e-01  4.5728e-01
 1.1118e-01  4.5728e-01
 1.1221e-01  4.5728e-01
 1.1325e-01  4.5728e-01
 1.1430e-01  4.5728e-01
 1.1536e-01  4.5728e-01
 1.1643e-01  4.5728e-01
 1.1751e-01  4.5728e-01
 1.1860e-01  4.5728e-01
 1.1970e-01  4.5728e-01
 1.2080e-01  4.5728e-01
 1.2192e-01  4.5728e-01
 1.2305e-01  4.5728e-01
 1.2419e-01  4.5728e-01
 1.2534e-01  4.5728e-01
 1.2650e-01  4.5728e-01
 1.2768e-01  4.5728e-01
 1.2886e-01  4.5728e-01
 1.3005e-01  4.5728e-01
 1.3126e-01  4.5728e-01
 1.3247e-01  4.5728e-01
 1.3370e-01  4.5728e-01
 1.3494e-01  4.5728e-01
 1.3619e-01  4.5728e-01
 1.3745e-01  4.5728e-01
 1.3872e-01  4.5728e-01
 1.4001e-01  4.5728e-01
 1.4130e-01  4.5728e-01
 1.4261e-01  4.5728e-01
 1.4393e-01  4.5728e-01
 1.4527e-01  4.5728e-01
 1.4661e-01  4.5728e-01
 1.4797e-01  4.5728e-01
 1.4934e-01  4.5728e-01
 1.5072e-01  4.5728e-01
 1.5212e-01  4.5728e-01
 1.5353e-01  4.5728e-01
 1.5495e-01  4.5728e-01
 1.5638e-01  4.5728e-01
 1.5783e-01  4.5728e-01
 1.5930e-01  4.5728e-01
 1.6077e-01  4.5728e-01
 1.6226e-01  4.5728e-01
 1.6376e-01  4.5728e-01
 1.6528e-01  4.5728e-01
 1.6681e-01  4.5728e-01
 1.6836e-01  4.5728e-01
 1.6991e-01  4.5728e-01
 1.7149e-01  4.5728e-01
 1.7308e-01  4.5728e-01
 1.7468e-01  4.5728e-01
 1.7630e-01  4.5728e-01
 1.7793e-01  4.5728e-01
 1.7958e-01  4.5728e-01
 1.8124e-01  4.5728e-01
 1.8292e-01  4.5728e-01
 1.8461e-01  4.5728e-01
 1.8632e-01  4.5728e-01
 1.8805e-01  4.5679e-01
 1.8979e-01  4.5641e-01
 1.9155e-01  4.5609e-01
 1.9332e-01  4.5577e-01
 1.9511e-01  4.5547e-01
 1.9692e-01  4.5516e-01
 1.9875e-01  4.5486e-01
 2.0059e-01  4.5455e-01
 2.0244e-01  4.5424e-01
 2.0432e-01  4.5393e-01
 2.0621e-01  4.5362e-01
 2.0812e-01  4.5331e-01
 2.1005e-01  4.5300e-01
 2.1200e-01  4.2851e-01
 2.1396e-01  4.0758e-01
 2.1594e-01  3.9534e-01
 2.1794e-01  3.8628e-01
 2.1996e-01  3.7900e-01
 2.2200e-01  3.7291e-01
 2.2405e-01  3.6768e-01
 2.2613e-01  3.6309e-01
 2.2822e-01  3.5902e-01
 2.3034e-01  3.5536e-01
 2.3247e-01  3.5205e-01
 2.3462e-01  3.4903e-01
 2.3680e-01  3.4627e-01
 2.3899e-01  3.4372e-01
 2.4120e-01  3.4137e-01
 2.4344e-01  3.3918e-01
 2.4569e-01  3.3715e-01
 2.4797e-01  3.3525e-01
 2.5026e-01  3.3347e-01
 2.5258e-01  3.3180e-01
 2.5492e-01  3.3023e-01
 2.5728e-01  3.2875e-01
 2.5967e-01  3.2736e-01
 2.6207e-01  3.2604e-01
 2.6450e-01  3.2480e-01
 2.6695e-01  3.2362e-01
 2.6942e-01  3.2250e-01
 2.7192e-01  3.2143e-01
 2.7443e-01  3.2042e-01
 2.7698e-01  3.1946e-01
 2.7954e-01  3.1854e-01
 2.8213e-01  3.1766e-01
 2.8474e-01  3.1680e-01
 2.8738e-01  3.1598e-01
 2.9004e-01  3.1518e-01
 2.9273e-01  3.1441e-01
 2.9544e-01  3.1366e-01
 2.9818e-01  3.1294e-01
 3.0094e-01  3.1225e-01
 3.0373e-01  3.1158e-01
 3.0654e-01  3.1093e-01
 3.0938e-01  3.1030e-01
 3.1224e-01  3.0969e-01
 3.1514e-01  3.0911e-01
 3.1806e-01  3.0853e-01
 3.2100e-01  3.0798e-01
 3.2397e-01  3.0744e-01
 3.2697e-01  3.0692e-01
 3.3000e-01  3.0641e-01
 3.3306e-01  3.0591e-01
 3.3614e-01  3.0543e-01
 3.3926e-01  3.0496e-01
 3.4240e-01  3.0451e-01
 3.4557e-01  3.0406e-01
 3.4877e-01  3.0363e-01
 3.5200e-01  3.0321e-01
 3.5526e-01  3.0279e-01
 3.5855e-01  3.0239e-01
 3.6187e-01  3.0200e-01
 3.6523e-01  3.0161e-01
 3.6861e-01  3.0123e-01
 3.7202e-01  3.0086e-01
 3.7547e-01  3.0050e-01
 3.7895e-01  3.0014e-01
 3.8246e-01  2.9979e-01
 3.8600e-01  2.9945e-01
 3.8957e-01  2.9910e-01
 3.9318e-01  2.9876e-01
 3.9682e-01  2.9842e-01
 4.0050e-01  2.9809e-01
 4.0421e-01  2.9776e-01
 4.0795e-01  2.9743e-01
 4.1173e-01  2.9711e-01
 4.1555e-01  2.9679e-01
 4.1939e-01  2.9648e-01
 4.2328e-01  2.9617e-01
 4.2720e-01  2.9586e-01
 4.3116e-01  2.9555e-01
 4.3515e-01  2.9524e-01
 4.3918e-01  2.9494e-01
 4.4325e-01  2.9463e-01
 4.4735e-01  2.9432e-01
 4.5150e-01  2.9401e-01
 4.5568e-01  2.9370e-01
 4.5990e-01  2.9338e-01
 4.6416e-01  2.9306e-01
 4.6846e-01  2.9274e-01
 4.7280e-01  2.9241e-01
 4.7718e-01  2.9207e-01
 4.8160e-01  2.9173e-01
 4.8606e-01  2.9138e-01
 4.9056e-01  2.9102e-01
 4.9510e-01  2.9065e-01
 4.9969e-01  2.9027e-01
 5.0432e-01  2.8988e-01
 5.0899e-01  2.8948e-01
 5.1370e-01  2.8906e-01
 5.1846e-01  2.8862e-01
 5.2326e-01  2.8816e-01
 5.2811e-01  2.8769e-01
 5.3300e-01  2.8719e-01
 5.3794e-01  2.8667e-01
 5.4292e-01  2.8612e-01
 5.4795e-01  2.8554e-01
 5.5302e-01  2.8493e-01
 5.5814e-01  2.8429e-01
 5.6331e-01  2.8361e-01
 5.6853e-01  2.8288e-01
 5.7380e-01  2.8210e-01
 5.7911e-01  2.8127e-01
 5.8448e-01  2.8039e-01
 5.8989e-01  2.7943e-01
 5.9535e-01  2.7841e-01
 6.0087e-01  2.7730e-01
 6.0643e-01  2.7611e-01
 6.1205e-01  2.7481e-01
 6.1772e-01  2.7340e-01
 6.2344e-01  2.7188e-01
 6.2921e-01  2.7021e-01
 6.3504e-01  2.6839e-01
 6.4092e-01  2.6640e-01
 6.4686e-01  2.6423e-01
 6.5285e-01  2.6184e-01
 6.5890e-01  2.5924e-01
 6.6500e-01  2.5638e-01
 6.7116e-01  2.5326e-01
 6.7738e-01  2.4986e-01
 6.8365e-01  2.4617e-01
 6.8998e-01  2.4217e-01
 6.9637e-01  2.3787e-01
 7.0282e-01  2.3327e-01
 7.0933e-01  2.2839e-01
 7.1590e-01  2.2326e-01
 7.2253e-01  2.1791e-01
 7.2923e-01  2.1235e-01
 7.3598e-01  2.0652e-01
 7.4280e-01  2.0011e-01
 7.4968e-01  1.9236e-01
 7.5662e-01  1.8119e-01
 7.6363e-01  1.6143e-01
 7.7070e-01  1.2090e-01
 7.7784e-01  5.1574e-02
 7.8505e-01  3.3893e-02
 7.9232e-01  9.5101e-02
 7.9966e-01  1.4681e-01
 8.0706e-01  1.7607e-01
 8.1454e-01  1.9418e-01
 8.2208e-01  2.0666e-01
 8.2970e-01  2.1600e-01
 8.3738e-01  2.2338e-01
 8.4514e-01  2.2941e-01
 8.5296e-01  2.3442e-01
 8.6086e-01  2.3862e-01
 8.6884e-01  2.4214e-01
 8.7689e-01  2.4504e-01
 8.8501e-01  2.4738e-01
 8.9320e-01  2.4921e-01
 9.0148e-01  2.5029e-01
 9.0983e-01  2.5102e-01
 9.1825e-01  2.5145e-01
 9.2676e-01  2.5161e-01
 9.3534e-01  2.5154e-01
 9.4401e-01  2.5128e-01
 9.5275e-01  2.5084e-01
 9.6157e-01  2.5027e-01
 9.7048e-01  2.4962e-01
 9.7947e-01  2.4893e-01
 9.8854e-01  2.4833e-01
 9.9770e-01  2.4672e-01
 1.0069e+00  2.4617e-01
 1.0163e+00  2.2039e-01
 1.0257e+00  2.1666e-01
 1.0352e+00  2.3050e-01
 1.0448e+00  2.3261e-01
 1.0544e+00  2.3280e-01
 1.0642e+00  2.3239e-01
 1.0741e+00  2.3174e-01
 1.0840e+00  2.3100e-01
 1.0941e+00  2.3025e-01
 1.1042e+00  2.2952e-01
 1.1144e+00  2.2884e-01
 1.1247e+00  2.2821e-01
 1.1352e+00  2.2764e-01
 1.1457e+00  2.2712e-01
 1.1563e+00  2.2663e-01
 1.1670e+00  2.2616e-01
 1.1778e+00  2.2570e-01
 1.1887e+00  2.2524e-01
 1.1997e+00  2.2477e-01
 1.2108e+00  2.2432e-01
 1.2220e+00  2.2390e-01
 1.2334e+00  2.2354e-01
 1.2448e+00  2.2326e-01
 1.2563e+00  2.2306e-01
 1.2680e+00  2.2295e-01
 1.2797e+00  2.2294e-01
 1.2915e+00  2.2304e-01
 1.3035e+00  2.2328e-01
 1.3156e+00  2.2364e-01
 1.3278e+00  2.2413e-01
 1.3401e+00  2.2471e-01
 1.3525e+00  2.2536e-01
 1.3650e+00  2.2603e-01
 1.3777e+00  2.2668e-01
 1.3904e+00  2.2728e-01
 1.4033e+00  2.2782e-01
 1.4163e+00  2.2829e-01
 1.4294e+00  2.2872e-01
 1.4426e+00  2.2910e-01
 1.4560e+00  2.2937e-01
 1.4695e+00  2.2943e-01
 1.4831e+00  2.2874e-01
 1.4968e+00  2.2656e-01
 1.5107e+00  2.2507e-01
 1.5247e+00  2.2383e-01
 1.5388e+00  2.2266e-01
 1.5531e+00  2.2140e-01
 1.5675e+00  2.1994e-01
 1.5820e+00  2.1856e-01
 1.5966e+00  2.1758e-01
 1.6114e+00  2.1727e-01
 1.6263e+00  2.1770e-01
 1.6414e+00  2.1807e-01
 1.6566e+00  2.1776e-01
 1.6719e+00  2.1780e-01
 1.6874e+00  2.1799e-01
 1.7031e+00  2.1805e-01
 1.7188e+00  2.1796e-01
 1.7348e+00  2.1788e-01
 1.7508e+00  2.1788e-01
 1.7670e+00  2.1809e-01
 1.7834e+00  2.1854e-01
 1.7999e+00  2.1921e-01
 1.8166e+00  2.2008e-01
 1.8334e+00  2.2107e-01
 1.8504e+00  2.2204e-01
 1.8675e+00  2.2288e-01
 1.8848e+00  2.2348e-01
 1.9023e+00  2.2371e-01
 1.9199e+00  2.2348e-01
 1.9377e+00  2.2277e-01
 1.9557e+00  2.2156e-01
 1.9738e+00  2.2033e-01
 1.9920e+00  2.2038e-01
 2.0105e+00  2.2114e-01
 2.0291e+00  2.2114e-01
 2.0479e+00  2.2114e-01
 2.0669e+00  2.2114e-01
 2.0860e+00  2.2113e-01
 2.1053e+00  2.2113e-01
 2.1248e+00  2.2113e-01
 2.1445e+00  2.2113e-01
 2.1644e+00  2.2113e-01
 2.1844e+00  2.2112e-01
 2.2047e+00  2.2112e-01
 2.2251e+00  2.2112e-01
 2.2457e+00  2.2112e-01
 2.2665e+00  2.2112e-01
 2.2875e+00  2.2112e-01
 2.3087e+00  2.2111e-01
 2.3301e+00  2.2111e-01
 2.3516e+00  2.2111e-01
 2.3734e+00  2.2111e-01
 2.3954e+00  2.2111e-01
 2.4176e+00  2.2111e-01
 2.4400e+00  2.2110e-01
 2.4626e+00  2.2110e-01
 2.4854e+00  2.2110e-01
 2.5084e+00  2.2110e-01
 2.5316e+00  2.2110e-01
 2.5551e+00  2.1698e-01
 2.5788e+00  2.1348e-01
 2.6026e+00  2.1129e-01
 2.6268e+00  2.0960e-01
 2.6511e+00  2.0821e-01
 2.6756e+00  2.0701e-01
 2.7004e+00  2.0596e-01
 2.7254e+00  2.0502e-01
 2.7507e+00  2.0417e-01
 2.7762e+00  2.0340e-01
 2.8019e+00  2.0269e-01
 2.8278e+00  2.0203e-01
 2.8540e+00  2.0143e-01
 2.8804e+00  2.0086e-01
 2.9071e+00  2.0033e-01
 2.9340e+00  1.9983e-01
 2.9612e+00  1.9937e-01
 2.9887e+00  1.9893e-01
 3.0163e+00  1.9851e-01
 3.0443e+00  1.9812e-01
 3.0725e+00  1.9775e-01
 3.1009e+00  1.9739e-01
 3.1296e+00  1.9706e-01
 3.1586e+00  1.9674e-01
 3.1879e+00  1.9643e-01
 3.2174e+00  1.9614e-01
 3.2472e+00  1.9586e-01
 3.2773e+00  1.9560e-01
 3.3076e+00  1.9535e-01
 3.3383e+00  1.9510e-01
 3.3692e+00  1.9487e-01
 3.4004e+00  1.9465e-01
 3.4319e+00  1.9443e-01
 3.4637e+00  1.9423e-01
 3.4958e+00  1.9403e-01
 3.5282e+00  1.9384e-01
 3.5608e+00  1.9007e-01
 3.5938e+00  1.8521e-01
 3.6271e+00  1.8243e-01
 3.6607e+00  1.8033e-01
 3.6946e+00  1.7861e-01
 3.7288e+00  1.7714e-01
 3.7634e+00  1.7586e-01
 3.7982e+00  1.7472e-01
 3.8334e+00  1.7369e-01
 3.8689e+00  1.7276e-01
 3.9047e+00  1.7191e-01
 3.9409e+00  1.7112e-01
 3.9774e+00  1.7040e-01
 4.0142e+00  1.6973e-01
 4.0514e+00  1.6910e-01
 4.0889e+00  1.6851e-01
 4.1268e+00  1.6797e-01
 4.1650e+00  1.6745e-01
 4.2036e+00  1.6697e-01
 4.2426e+00  1.6651e-01
 4.2819e+00  1.6608e-01
 4.3215e+00  1.6568e-01
 4.3615e+00  1.6529e-01
 4.4019e+00  1.6493e-01
 4.4427e+00  1.6458e-01
 4.4839e+00  1.6425e-01
 4.5254e+00  1.6394e-01
 4.5673e+00  1.6364e-01
 4.6096e+00  1.6336e-01
 4.6523e+00  1.6309e-01
 4.6954e+00  1.6283e-01
 4.7389e+00  1.6258e-01
 4.7828e+00  1.6235e-01
 4.8271e+00  1.6212e-01
 4.8718e+00  1.6191e-01
 4.9169e+00  1.6170e-01
 4.9624e+00  1.6151e-01
 5.0084e+00  1.6132e-01
 5.0548e+00  1.6114e-01
 5.1016e+00  1.6096e-01
 5.1489e+00  1.6080e-01
 5.1966e+00  1.6064e-01
 5.2447e+00  1.6048e-01
 5.2933e+00  1.6034e-01
 5.3423e+00  1.6020e-01
 5.3918e+00  1.6006e-01
 5.4417e+00  1.5993e-01
 5.4921e+00  1.5980e-01
 5.5430e+00  1.5968e-01
 5.5943e+00  1.5957e-01
 5.6461e+00  1.5945e-01
 5.6984e+00  1.5934e-01
 5.7512e+00  1.5924e-01
 5.8045e+00  1.5914e-01
 5.8582e+00  1.5904e-01
 5.9125e+00  1.5895e-01
 5.9673e+00  1.5886e-01
 6.0225e+00  1.5877e-01
 6.0783e+00  1.5869e-01
 6.1346e+00  1.5861e-01
 6.1914e+00  1.5853e-01
 6.2488e+00  1.5846e-01
 6.3067e+00  1.5838e-01
 6.3651e+00  1.5831e-01
 6.4240e+00  1.5824e-01
 6.4835e+00  1.5818e-01
 6.5436e+00  1.5811e-01
 6.6042e+00  1.5805e-01
 6.6654e+00  1.5799e-01
 6.7271e+00  1.5794e-01
 6.7894e+00  1.5788e-01
 6.8523e+00  1.5783e-01
 6.9158e+00  1.5777e-01
 6.9798e+00  1.5772e-01
 7.0445e+00  1.5768e-01
 7.1097e+00  1.5763e-01
 7.1756e+00  1.5758e-01
 7.2420e+00  1.5754e-01
 7.3091e+00  1.5750e-01
 7.3768e+00  1.5745e-01
 7.4451e+00  1.5741e-01
 7.5141e+00  1.5737e-01
 7.5837e+00  1.5734e-01
 7.6539e+00  1.5730e-01
 7.7248e+00  1.5726e-01
 7.7964e+00  1.5723e-01
 7.8686e+00  1.5720e-01
 7.9415e+00  1.5716e-01
 8.0150e+00  1.5713e-01
 8.0892e+00  1.5710e-01
 8.1642e+00  1.5707e-01
 8.2398e+00  1.5704e-01
 8.3161e+00  1.5701e-01
 8.3931e+00  1.5694e-01
 8.4709e+00  1.5687e-01
 8.5493e+00  1.5680e-01
 8.6285e+00  1.5674e-01
 8.7084e+00  1.5668e-01
 8.7891e+00  1.5662e-01
 8.8705e+00  1.5656e-01
 8.9527e+00  1.5651e-01
 9.0356e+00  1.5645e-01
 9.1193e+00  1.5639e-01
 9.2037e+00  1.5633e-01
 9.2890e+00  1.5628e-01
 9.3750e+00  1.5622e-01
 9.4618e+00  1.5616e-01
 9.5495e+00  1.5611e-01
 9.6379e+00  1.5605e-01
 9.7272e+00  1.5600e-01
 9.8173e+00  1.5595e-01
 9.9082e+00  1.5589e-01
 1.0000e+01  1.5584e-01
