 0.0000e+00  0.0000e+00
 3.0030e-03  0.0000e+00
 6.0060e-03  0.0000e+00
 9.0090e-03  0.0000e+00
 1.2012e-02  0.0000e+00
 1.5015e-02  0.0000e+00
 1.8018e-02  0.0000e+00
 2.1021e-02  0.0000e+00
 2.4024e-02  0.0000e+00
 2.7027e-02  0.0000e+00
 3.0030e-02  0.0000e+00
 3.3033e-02  0.0000e+00
 3.6036e-02  0.0000e+00
 3.9039e-02  0.0000e+00
 4.2042e-02  0.0000e+00
 4.5045e-02  0.0000e+00
 4.8048e-02  0.0000e+00
 5.1051e-02  0.0000e+00
 5.4054e-02  0.0000e+00
 5.7057e-02  0.0000e+00
 6.0060e-02  0.0000e+00
 6.3063e-02  0.0000e+00
 6.6066e-02  0.0000e+00
 6.9069e-02  0.0000e+00
 7.2072e-02  0.0000e+00
 7.5075e-02  0.0000e+00
 7.8078e-02  0.0000e+00
 8.1081e-02  0.0000e+00
 8.4084e-02  0.0000e+00
 8.7087e-02  0.0000e+00
 9.0090e-02  0.0000e+00
 9.3093e-02  0.0000e+00
 9.6096e-02  0.0000e+00
 9.9099e-02  0.0000e+00
 1.0210e-01  0.0000e+00
 1.0511e-01  0.0000e+00
 1.0811e-01  0.0000e+00
 1.1111e-01  0.0000e+00
 1.1411e-01  0.0000e+00
 1.1712e-01  0.0000e+00
 1.2012e-01  0.0000e+00
 1.2312e-01  0.0000e+00
 1.2613e-01  0.0000e+00
 1.2913e-01  0.0000e+00
 1.3213e-01  0.0000e+00
 1.3514e-01  0.0000e+00
 1.3814e-01  0.0000e+00
 1.4114e-01  4.5122e-12
 1.4414e-01  1.8877e-10
 1.4715e-01  9.3670e-10
 1.5015e-01  2.6093e-09
 1.5315e-01  5.5322e-09
 1.5616e-01  1.0001e-08
 1.5916e-01  1.6286e-08
 1.6216e-01  2.4636e-08
 1.6517e-01  3.5281e-08
 1.6817e-01  4.8437e-08
 1.7117e-01  6.4304e-08
 1.7417e-01  8.3073e-08
 1.7718e-01  1.0493e-07
 1.8018e-01  1.3004e-07
 1.8318e-01  1.5857e-07
 1.8619e-01  1.9070e-07
 1.8919e-01  2.2658e-07
 1.9219e-01  2.6636e-07
 1.9520e-01  3.1019e-07
 1.9820e-01  3.5824e-07
 2.0120e-01  4.1065e-07
 2.0420e-01  4.6756e-07
 2.0721e-01  5.2915e-07
 2.1021e-01  5.9555e-07
 2.1321e-01  5.5649e-07
 2.1622e-01  5.6629e-07
 2.1922e-01  5.9379e-07
 2.2222e-01  6.2955e-07
 2.2523e-01  6.7095e-07
 2.2823e-01  7.1693e-07
 2.3123e-01  7.6697e-07
 2.3423e-01  8.2087e-07
 2.3724e-01  8.7840e-07
 2.4024e-01  9.3957e-07
 2.4324e-01  1.0044e-06
 2.4625e-01  1.0729e-06
 2.4925e-01  1.1451e-06
 2.5225e-01  1.2210e-06
 2.5526e-01  1.3008e-06
 2.5826e-01  1.3845e-06
 2.6126e-01  1.4723e-06
 2.6426e-01  1.5641e-06
 2.6727e-01  1.6602e-06
 2.7027e-01  1.7606e-06
 2.7327e-01  1.8655e-06
 2.7628e-01  1.9750e-06
 2.7928e-01  2.0892e-06
 2.8228e-01  3.6744e-04
 2.8529e-01  1.2753e-03
 2.8829e-01  2.4809e-03
 2.9129e-01  3.9090e-03
 2.9429e-01  5.5165e-03
 2.9730e-01  7.2727e-03
 3.0030e-01  9.1553e-03
 3.0330e-01  1.1146e-02
 3.0631e-01  1.3230e-02
 3.0931e-01  1.5394e-02
 3.1231e-01  1.7628e-02
 3.1532e-01  1.9922e-02
 3.1832e-01  2.2268e-02
 3.2132e-01  2.4658e-02
 3.2432e-01  2.7087e-02
 3.2733e-01  2.9549e-02
 3.3033e-01  3.2038e-02
 3.3333e-01  3.4552e-02
 3.3634e-01  3.7085e-02
 3.3934e-01  3.9635e-02
 3.4234e-01  4.2200e-02
 3.4535e-01  4.4775e-02
 3.4835e-01  4.7360e-02
 3.5135e-01  4.9953e-02
 3.5435e-01  5.2554e-02
 3.5736e-01  5.5158e-02
 3.6036e-01  5.7768e-02
 3.6336e-01  6.0381e-02
 3.6637e-01  6.2998e-02
 3.6937e-01  6.5620e-02
 3.7237e-01  6.8244e-02
 3.7538e-01  7.0873e-02
 3.7838e-01  7.3505e-02
 3.8138e-01  7.6145e-02
 3.8438e-01  7.8786e-02
 3.8739e-01  8.1436e-02
 3.9039e-01  8.4096e-02
 3.9339e-01  8.6761e-02
 3.9640e-01  8.9438e-02
 3.9940e-01  9.2127e-02
 4.0240e-01  9.4829e-02
 4.0541e-01  9.7543e-02
 4.0841e-01  1.0028e-01
 4.1141e-01  1.0303e-01
 4.1441e-01  1.0579e-01
 4.1742e-01  1.0859e-01
 4.2042e-01  1.1140e-01
 4.2342e-01  1.1424e-01
 4.2643e-01  1.1711e-01
 4.2943e-01  1.2001e-01
 4.3243e-01  1.2295e-01
 4.3544e-01  1.2592e-01
 4.3844e-01  1.2892e-01
 4.4144e-01  1.3197e-01
 4.4444e-01  1.3506e-01
 4.4745e-01  1.3819e-01
 4.5045e-01  1.4138e-01
 4.5345e-01  1.4461e-01
 4.5646e-01  1.4790e-01
 4.5946e-01  1.5124e-01
 4.6246e-01  1.5464e-01
 4.6547e-01  1.5809e-01
 4.6847e-01  1.6161e-01
 4.7147e-01  1.6518e-01
 4.7447e-01  1.6883e-01
 4.7748e-01  1.7253e-01
 4.8048e-01  1.7631e-01
 4.8348e-01  1.8015e-01
 4.8649e-01  1.8406e-01
 4.8949e-01  1.8804e-01
 4.9249e-01  1.9210e-01
 4.9550e-01  1.9624e-01
 4.9850e-01  2.0045e-01
 5.0150e-01  2.0475e-01
 5.0450e-01  2.0912e-01
 5.0751e-01  2.1358e-01
 5.1051e-01  2.1812e-01
 5.1351e-01  2.2275e-01
 5.1652e-01  2.2747e-01
 5.1952e-01  2.3228e-01
 5.2252e-01  2.3719e-01
 5.2553e-01  2.4219e-01
 5.2853e-01  2.4728e-01
 5.3153e-01  2.5247e-01
 5.3453e-01  2.5776e-01
 5.3754e-01  2.6315e-01
 5.4054e-01  2.6865e-01
 5.4354e-01  2.7425e-01
 5.4655e-01  2.7996e-01
 5.4955e-01  2.8578e-01
 5.5255e-01  2.9171e-01
 5.5556e-01  2.9775e-01
 5.5856e-01  3.0391e-01
 5.6156e-01  3.1018e-01
 5.6456e-01  3.1657e-01
 5.6757e-01  3.2309e-01
 5.7057e-01  3.2972e-01
 5.7357e-01  3.3649e-01
 5.7658e-01  3.4338e-01
 5.7958e-01  3.5040e-01
 5.8258e-01  3.5755e-01
 5.8559e-01  3.6482e-01
 5.8859e-01  3.7223e-01
 5.9159e-01  3.7976e-01
 5.9459e-01  3.8744e-01
 5.9760e-01  3.9525e-01
 6.0060e-01  4.0319e-01
 6.0360e-01  4.1126e-01
 6.0661e-01  4.1948e-01
 6.0961e-01  4.2781e-01
 6.1261e-01  4.3629e-01
 6.1562e-01  4.4488e-01
 6.1862e-01  4.5362e-01
 6.2162e-01  4.6246e-01
 6.2462e-01  4.7144e-01
 6.2763e-01  4.8051e-01
 6.3063e-01  4.8971e-01
 6.3363e-01  4.9902e-01
 6.3664e-01  5.0843e-01
 6.3964e-01  5.1793e-01
 6.4264e-01  5.2753e-01
 6.4565e-01  5.3721e-01
 6.4865e-01  5.4696e-01
 6.5165e-01  5.5676e-01
 6.5465e-01  5.6662e-01
 6.5766e-01  5.7653e-01
 6.6066e-01  5.8646e-01
 6.6366e-01  5.9640e-01
 6.6667e-01  6.0634e-01
 6.6967e-01  6.1625e-01
 6.7267e-01  6.2613e-01
 6.7568e-01  6.3597e-01
 6.7868e-01  6.4573e-01
 6.8168e-01  6.5541e-01
 6.8468e-01  6.6499e-01
 6.8769e-01  6.7445e-01
 6.9069e-01  6.8377e-01
 6.9369e-01  6.9292e-01
 6.9670e-01  7.0190e-01
 6.9970e-01  7.1068e-01
 7.0270e-01  7.1924e-01
 7.0571e-01  7.2757e-01
 7.0871e-01  7.3563e-01
 7.1171e-01  7.4342e-01
 7.1471e-01  7.5091e-01
 7.1772e-01  7.5808e-01
 7.2072e-01  7.6492e-01
 7.2372e-01  7.7140e-01
 7.2673e-01  7.7752e-01
 7.2973e-01  7.8325e-01
 7.3273e-01  7.8859e-01
 7.3574e-01  7.9352e-01
 7.3874e-01  7.9805e-01
 7.4174e-01  8.0217e-01
 7.4474e-01  8.0590e-01
 7.4775e-01  8.0927e-01
 7.5075e-01  8.1230e-01
 7.5375e-01  8.1507e-01
 7.5676e-01  8.1768e-01
 7.5976e-01  8.2032e-01
 7.6276e-01  8.2327e-01
 7.6577e-01  8.2702e-01
 7.6877e-01  8.3249e-01
 7.7177e-01  8.4127e-01
 7.7477e-01  8.5615e-01
 7.7778e-01  8.7999e-01
 7.8078e-01  9.0508e-01
 7.8378e-01  9.0040e-01
 7.8679e-01  8.6333e-01
 7.8979e-01  8.2763e-01
 7.9279e-01  8.0334e-01
 7.9580e-01  7.8676e-01
 7.9880e-01  7.7427e-01
 8.0180e-01  7.6403e-01
 8.0480e-01  7.5489e-01
 8.0781e-01  7.4620e-01
 8.1081e-01  7.3769e-01
 8.1381e-01  7.2923e-01
 8.1682e-01  7.2073e-01
 8.1982e-01  7.1216e-01
 8.2282e-01  7.0351e-01
 8.2583e-01  6.9477e-01
 8.2883e-01  6.8594e-01
 8.3183e-01  6.7703e-01
 8.3483e-01  6.6806e-01
 8.3784e-01  6.5903e-01
 8.4084e-01  6.4996e-01
 8.4384e-01  6.4085e-01
 8.4685e-01  6.3173e-01
 8.4985e-01  6.2259e-01
 8.5285e-01  6.1345e-01
 8.5586e-01  6.0433e-01
 8.5886e-01  5.9522e-01
 8.6186e-01  5.8614e-01
 8.6486e-01  5.7712e-01
 8.6787e-01  5.6813e-01
 8.7087e-01  5.5920e-01
 8.7387e-01  5.5035e-01
 8.7688e-01  5.4157e-01
 8.7988e-01  5.3287e-01
 8.8288e-01  5.2427e-01
 8.8589e-01  5.1576e-01
 8.8889e-01  5.0736e-01
 8.9189e-01  4.9903e-01
 8.9489e-01  4.9098e-01
 8.9790e-01  4.8305e-01
 9.0090e-01  4.7525e-01
 9.0390e-01  4.6757e-01
 9.0691e-01  4.6005e-01
 9.0991e-01  4.5267e-01
 9.1291e-01  4.4544e-01
 9.1592e-01  4.3837e-01
 9.1892e-01  4.3145e-01
 9.2192e-01  4.2472e-01
 9.2492e-01  4.1814e-01
 9.2793e-01  4.1177e-01
 9.3093e-01  4.0556e-01
 9.3393e-01  3.9956e-01
 9.3694e-01  3.9374e-01
 9.3994e-01  3.8815e-01
 9.4294e-01  3.8275e-01
 9.4595e-01  3.7758e-01
 9.4895e-01  3.7265e-01
 9.5195e-01  3.6795e-01
 9.5495e-01  3.6352e-01
 9.5796e-01  3.5934e-01
 9.6096e-01  3.5543e-01
 9.6396e-01  3.5182e-01
 9.6697e-01  3.4851e-01
 9.6997e-01  3.4554e-01
 9.7297e-01  3.4294e-01
 9.7598e-01  3.4075e-01
 9.7898e-01  3.3902e-01
 9.8198e-01  3.3785e-01
 9.8498e-01  3.3732e-01
 9.8799e-01  3.3761e-01
 9.9099e-01  3.3952e-01
 9.9399e-01  3.4440e-01
 9.9700e-01  3.5418e-01
 1.0000e+00  3.7213e-01
 1.0030e+00  4.0370e-01
 1.0060e+00  4.5785e-01
 1.0090e+00  5.4744e-01
 1.0120e+00  6.8267e-01
 1.0150e+00  8.4378e-01
 1.0180e+00  9.5178e-01
 1.0210e+00  9.3966e-01
 1.0240e+00  8.4449e-01
 1.0270e+00  7.3586e-01
 1.0300e+00  6.4490e-01
 1.0330e+00  5.7560e-01
 1.0360e+00  5.2391e-01
 1.0390e+00  4.8515e-01
 1.0420e+00  4.5569e-01
 1.0450e+00  4.3295e-01
 1.0480e+00  4.1517e-01
 1.0511e+00  4.0111e-01
 1.0541e+00  3.8989e-01
 1.0571e+00  3.8090e-01
 1.0601e+00  3.7366e-01
 1.0631e+00  3.6781e-01
 1.0661e+00  3.6310e-01
 1.0691e+00  3.5930e-01
 1.0721e+00  3.5623e-01
 1.0751e+00  3.5374e-01
 1.0781e+00  3.5170e-01
 1.0811e+00  3.4999e-01
 1.0841e+00  3.4851e-01
 1.0871e+00  3.4716e-01
 1.0901e+00  3.4586e-01
 1.0931e+00  3.4455e-01
 1.0961e+00  3.4322e-01
 1.0991e+00  3.4188e-01
 1.1021e+00  3.4051e-01
 1.1051e+00  3.3913e-01
 1.1081e+00  3.3773e-01
 1.1111e+00  3.3633e-01
 1.1141e+00  3.3495e-01
 1.1171e+00  3.3359e-01
 1.1201e+00  3.3228e-01
 1.1231e+00  3.3103e-01
 1.1261e+00  3.2988e-01
 1.1291e+00  3.2882e-01
 1.1321e+00  3.2791e-01
 1.1351e+00  3.2715e-01
 1.1381e+00  3.2656e-01
 1.1411e+00  3.2618e-01
 1.1441e+00  3.2598e-01
 1.1471e+00  3.2596e-01
 1.1502e+00  3.2610e-01
 1.1532e+00  3.2640e-01
 1.1562e+00  3.2683e-01
 1.1592e+00  3.2738e-01
 1.1622e+00  3.2805e-01
 1.1652e+00  3.2881e-01
 1.1682e+00  3.2967e-01
 1.1712e+00  3.3060e-01
 1.1742e+00  3.3158e-01
 1.1772e+00  3.3262e-01
 1.1802e+00  3.3368e-01
 1.1832e+00  3.3476e-01
 1.1862e+00  3.3585e-01
 1.1892e+00  3.3692e-01
 1.1922e+00  3.3797e-01
 1.1952e+00  3.3900e-01
 1.1982e+00  3.4003e-01
 1.2012e+00  3.4105e-01
 1.2042e+00  3.4208e-01
 1.2072e+00  3.4312e-01
 1.2102e+00  3.4416e-01
 1.2132e+00  3.4523e-01
 1.2162e+00  3.4633e-01
 1.2192e+00  3.4745e-01
 1.2222e+00  3.4861e-01
 1.2252e+00  3.4981e-01
 1.2282e+00  3.5106e-01
 1.2312e+00  3.5236e-01
 1.2342e+00  3.5373e-01
 1.2372e+00  3.5515e-01
 1.2402e+00  3.5665e-01
 1.2432e+00  3.5821e-01
 1.2462e+00  3.5984e-01
 1.2492e+00  3.6152e-01
 1.2523e+00  3.6325e-01
 1.2553e+00  3.6502e-01
 1.2583e+00  3.6683e-01
 1.2613e+00  3.6866e-01
 1.2643e+00  3.7052e-01
 1.2673e+00  3.7239e-01
 1.2703e+00  3.7427e-01
 1.2733e+00  3.7615e-01
 1.2763e+00  3.7803e-01
 1.2793e+00  3.7989e-01
 1.2823e+00  3.8173e-01
 1.2853e+00  3.8356e-01
 1.2883e+00  3.8535e-01
 1.2913e+00  3.8710e-01
 1.2943e+00  3.8882e-01
 1.2973e+00  3.9052e-01
 1.3003e+00  3.9219e-01
 1.3033e+00  3.9384e-01
 1.3063e+00  3.9547e-01
 1.3093e+00  3.9710e-01
 1.3123e+00  3.9871e-01
 1.3153e+00  4.0032e-01
 1.3183e+00  4.0194e-01
 1.3213e+00  4.0356e-01
 1.3243e+00  4.0518e-01
 1.3273e+00  4.0682e-01
 1.3303e+00  4.0848e-01
 1.3333e+00  4.1015e-01
 1.3363e+00  4.1185e-01
 1.3393e+00  4.1358e-01
 1.3423e+00  4.1534e-01
 1.3453e+00  4.1713e-01
 1.3483e+00  4.1893e-01
 1.3514e+00  4.2075e-01
 1.3544e+00  4.2258e-01
 1.3574e+00  4.2442e-01
 1.3604e+00  4.2627e-01
 1.3634e+00  4.2812e-01
 1.3664e+00  4.2997e-01
 1.3694e+00  4.3182e-01
 1.3724e+00  4.3365e-01
 1.3754e+00  4.3548e-01
 1.3784e+00  4.3730e-01
 1.3814e+00  4.3909e-01
 1.3844e+00  4.4087e-01
 1.3874e+00  4.4262e-01
 1.3904e+00  4.4435e-01
 1.3934e+00  4.4605e-01
 1.3964e+00  4.4773e-01
 1.3994e+00  4.4938e-01
 1.4024e+00  4.5154e-01
 1.4054e+00  4.5355e-01
 1.4084e+00  4.5556e-01
 1.4114e+00  4.5755e-01
 1.4144e+00  4.5952e-01
 1.4174e+00  4.6148e-01
 1.4204e+00  4.6341e-01
 1.4234e+00  4.6530e-01
 1.4264e+00  4.6717e-01
 1.4294e+00  4.6900e-01
 1.4324e+00  4.7079e-01
 1.4354e+00  4.7253e-01
 1.4384e+00  4.7422e-01
 1.4414e+00  4.7585e-01
 1.4444e+00  4.7743e-01
 1.4474e+00  4.7894e-01
 1.4505e+00  4.8038e-01
 1.4535e+00  4.8175e-01
 1.4565e+00  4.8304e-01
 1.4595e+00  4.8427e-01
 1.4625e+00  4.8544e-01
 1.4655e+00  4.8656e-01
 1.4685e+00  4.8763e-01
 1.4715e+00  4.8866e-01
 1.4745e+00  4.8965e-01
 1.4775e+00  4.9199e-01
 1.4805e+00  4.9802e-01
 1.4835e+00  5.0408e-01
 1.4865e+00  5.0960e-01
 1.4895e+00  5.1469e-01
 1.4925e+00  5.1929e-01
 1.4955e+00  5.2334e-01
 1.4985e+00  5.2680e-01
 1.5015e+00  5.2962e-01
 1.5045e+00  5.3180e-01
 1.5075e+00  5.3341e-01
 1.5105e+00  5.3452e-01
 1.5135e+00  5.3518e-01
 1.5165e+00  5.3545e-01
 1.5195e+00  5.3538e-01
 1.5225e+00  5.3502e-01
 1.5255e+00  5.3443e-01
 1.5285e+00  5.3365e-01
 1.5315e+00  5.3273e-01
 1.5345e+00  5.3172e-01
 1.5375e+00  5.3069e-01
 1.5405e+00  5.2966e-01
 1.5435e+00  5.2871e-01
 1.5465e+00  5.2789e-01
 1.5495e+00  5.2724e-01
 1.5526e+00  5.2683e-01
 1.5556e+00  5.2664e-01
 1.5586e+00  5.2668e-01
 1.5616e+00  5.2694e-01
 1.5646e+00  5.2740e-01
 1.5676e+00  5.2805e-01
 1.5706e+00  5.2888e-01
 1.5736e+00  5.2988e-01
 1.5766e+00  5.3104e-01
 1.5796e+00  5.3234e-01
 1.5826e+00  5.3376e-01
 1.5856e+00  5.3531e-01
 1.5886e+00  5.3696e-01
 1.5916e+00  5.3870e-01
 1.5946e+00  5.4053e-01
 1.5976e+00  5.4242e-01
 1.6006e+00  5.4436e-01
 1.6036e+00  5.4636e-01
 1.6066e+00  5.4838e-01
 1.6096e+00  5.5041e-01
 1.6126e+00  5.5242e-01
 1.6156e+00  5.5440e-01
 1.6186e+00  5.5635e-01
 1.6216e+00  5.5823e-01
 1.6246e+00  5.6003e-01
 1.6276e+00  5.6174e-01
 1.6306e+00  5.6334e-01
 1.6336e+00  5.6483e-01
 1.6366e+00  5.6618e-01
 1.6396e+00  5.6738e-01
 1.6426e+00  5.6841e-01
 1.6456e+00  5.6927e-01
 1.6486e+00  5.6994e-01
 1.6517e+00  5.7041e-01
 1.6547e+00  5.7068e-01
 1.6577e+00  5.7076e-01
 1.6607e+00  5.7069e-01
 1.6637e+00  5.7047e-01
 1.6667e+00  5.7014e-01
 1.6697e+00  5.6970e-01
 1.6727e+00  5.6917e-01
 1.6757e+00  5.6858e-01
 1.6787e+00  5.6795e-01
 1.6817e+00  5.6728e-01
 1.6847e+00  5.6661e-01
 1.6877e+00  5.6596e-01
 1.6907e+00  5.6533e-01
 1.6937e+00  5.6476e-01
 1.6967e+00  5.6427e-01
 1.6997e+00  5.6386e-01
 1.7027e+00  5.6357e-01
 1.7057e+00  5.6339e-01
 1.7087e+00  5.6329e-01
 1.7117e+00  5.6328e-01
 1.7147e+00  5.6333e-01
 1.7177e+00  5.6344e-01
 1.7207e+00  5.6359e-01
 1.7237e+00  5.6376e-01
 1.7267e+00  5.6395e-01
 1.7297e+00  5.6414e-01
 1.7327e+00  5.6432e-01
 1.7357e+00  5.6447e-01
 1.7387e+00  5.6459e-01
 1.7417e+00  5.6465e-01
 1.7447e+00  5.6465e-01
 1.7477e+00  5.6458e-01
 1.7508e+00  5.6441e-01
 1.7538e+00  5.6415e-01
 1.7568e+00  5.6378e-01
 1.7598e+00  5.6332e-01
 1.7628e+00  5.6277e-01
 1.7658e+00  5.6211e-01
 1.7688e+00  5.6136e-01
 1.7718e+00  5.6051e-01
 1.7748e+00  5.5957e-01
 1.7778e+00  5.5853e-01
 1.7808e+00  5.5739e-01
 1.7838e+00  5.5616e-01
 1.7868e+00  5.5483e-01
 1.7898e+00  5.5340e-01
 1.7928e+00  5.5187e-01
 1.7958e+00  5.5025e-01
 1.7988e+00  5.4852e-01
 1.8018e+00  5.4670e-01
 1.8048e+00  5.4478e-01
 1.8078e+00  5.4276e-01
 1.8108e+00  5.4067e-01
 1.8138e+00  5.3849e-01
 1.8168e+00  5.3625e-01
 1.8198e+00  5.3395e-01
 1.8228e+00  5.3159e-01
 1.8258e+00  5.2919e-01
 1.8288e+00  5.2675e-01
 1.8318e+00  5.2428e-01
 1.8348e+00  5.2179e-01
 1.8378e+00  5.1929e-01
 1.8408e+00  5.1679e-01
 1.8438e+00  5.1430e-01
 1.8468e+00  5.1183e-01
 1.8498e+00  5.0940e-01
 1.8529e+00  5.0700e-01
 1.8559e+00  5.0467e-01
 1.8589e+00  5.0239e-01
 1.8619e+00  4.9742e-01
 1.8649e+00  4.9362e-01
 1.8679e+00  4.9041e-01
 1.8709e+00  4.8753e-01
 1.8739e+00  4.8491e-01
 1.8769e+00  4.8251e-01
 1.8799e+00  4.8032e-01
 1.8829e+00  4.7833e-01
 1.8859e+00  4.7655e-01
 1.8889e+00  4.7497e-01
 1.8919e+00  4.7362e-01
 1.8949e+00  4.7248e-01
 1.8979e+00  4.7157e-01
 1.9009e+00  4.7089e-01
 1.9039e+00  4.7046e-01
 1.9069e+00  4.7026e-01
 1.9099e+00  4.7030e-01
 1.9129e+00  4.7057e-01
 1.9159e+00  4.7108e-01
 1.9189e+00  4.7181e-01
 1.9219e+00  4.7277e-01
 1.9249e+00  4.7396e-01
 1.9279e+00  4.7537e-01
 1.9309e+00  4.7699e-01
 1.9339e+00  4.7882e-01
 1.9369e+00  4.8086e-01
 1.9399e+00  4.8309e-01
 1.9429e+00  4.8553e-01
 1.9459e+00  4.8815e-01
 1.9489e+00  4.9095e-01
 1.9520e+00  4.9393e-01
 1.9550e+00  4.9702e-01
 1.9580e+00  5.0012e-01
 1.9610e+00  5.0316e-01
 1.9640e+00  5.0605e-01
 1.9670e+00  5.0870e-01
 1.9700e+00  5.1103e-01
 1.9730e+00  5.1299e-01
 1.9760e+00  5.1450e-01
 1.9790e+00  5.1547e-01
 1.9820e+00  5.1584e-01
 1.9850e+00  5.1554e-01
 1.9880e+00  5.1446e-01
 1.9910e+00  5.1254e-01
 1.9940e+00  5.0965e-01
 1.9970e+00  5.0570e-01
 2.0000e+00  5.0054e-01
 2.0030e+00  5.0036e-01
 2.0060e+00  5.0019e-01
 2.0090e+00  5.0002e-01
 2.0120e+00  4.9986e-01
 2.0150e+00  4.9969e-01
 2.0180e+00  4.9954e-01
 2.0210e+00  4.9938e-01
 2.0240e+00  4.9922e-01
 2.0270e+00  4.9907e-01
 2.0300e+00  4.9892e-01
 2.0330e+00  4.9877e-01
 2.0360e+00  4.9863e-01
 2.0390e+00  4.9849e-01
 2.0420e+00  4.9835e-01
 2.0450e+00  4.9821e-01
 2.0480e+00  4.9807e-01
 2.0511e+00  4.9794e-01
 2.0541e+00  4.9780e-01
 2.0571e+00  4.9767e-01
 2.0601e+00  4.9754e-01
 2.0631e+00  4.9742e-01
 2.0661e+00  4.9729e-01
 2.0691e+00  4.9717e-01
 2.0721e+00  4.9705e-01
 2.0751e+00  4.9692e-01
 2.0781e+00  4.9681e-01
 2.0811e+00  4.9669e-01
 2.0841e+00  4.9657e-01
 2.0871e+00  4.9646e-01
 2.0901e+00  4.9635e-01
 2.0931e+00  4.9624e-01
 2.0961e+00  4.9613e-01
 2.0991e+00  4.9602e-01
 2.1021e+00  4.9591e-01
 2.1051e+00  4.9581e-01
 2.1081e+00  4.9570e-01
 2.1111e+00  4.9560e-01
 2.1141e+00  4.9550e-01
 2.1171e+00  4.9540e-01
 2.1201e+00  4.9530e-01
 2.1231e+00  4.9520e-01
 2.1261e+00  4.9511e-01
 2.1291e+00  4.9501e-01
 2.1321e+00  4.9492e-01
 2.1351e+00  4.9482e-01
 2.1381e+00  4.9473e-01
 2.1411e+00  4.9464e-01
 2.1441e+00  4.9455e-01
 2.1471e+00  4.9446e-01
 2.1502e+00  4.9437e-01
 2.1532e+00  4.9429e-01
 2.1562e+00  4.9420e-01
 2.1592e+00  4.9411e-01
 2.1622e+00  4.9403e-01
 2.1652e+00  4.9395e-01
 2.1682e+00  4.9387e-01
 2.1712e+00  4.9378e-01
 2.1742e+00  4.9370e-01
 2.1772e+00  4.9362e-01
 2.1802e+00  4.9355e-01
 2.1832e+00  4.9347e-01
 2.1862e+00  4.9339e-01
 2.1892e+00  4.9332e-01
 2.1922e+00  4.9324e-01
 2.1952e+00  4.9317e-01
 2.1982e+00  4.9309e-01
 2.2012e+00  4.9302e-01
 2.2042e+00  4.9295e-01
 2.2072e+00  4.9288e-01
 2.2102e+00  4.9280e-01
 2.2132e+00  4.9273e-01
 2.2162e+00  4.9267e-01
 2.2192e+00  4.9260e-01
 2.2222e+00  4.9253e-01
 2.2252e+00  4.9246e-01
 2.2282e+00  4.9240e-01
 2.2312e+00  4.9233e-01
 2.2342e+00  4.9226e-01
 2.2372e+00  4.9220e-01
 2.2402e+00  4.9214e-01
 2.2432e+00  4.9207e-01
 2.2462e+00  4.9201e-01
 2.2492e+00  4.9195e-01
 2.2523e+00  4.9189e-01
 2.2553e+00  4.9183e-01
 2.2583e+00  4.9177e-01
 2.2613e+00  4.9171e-01
 2.2643e+00  4.9165e-01
 2.2673e+00  4.9159e-01
 2.2703e+00  4.9153e-01
 2.2733e+00  4.9147e-01
 2.2763e+00  4.9142e-01
 2.2793e+00  4.9136e-01
 2.2823e+00  4.9131e-01
 2.2853e+00  4.9125e-01
 2.2883e+00  4.9120e-01
 2.2913e+00  4.9114e-01
 2.2943e+00  4.9109e-01
 2.2973e+00  4.9103e-01
 2.3003e+00  4.9098e-01
 2.3033e+00  4.9093e-01
 2.3063e+00  4.9088e-01
 2.3093e+00  4.9083e-01
 2.3123e+00  4.9078e-01
 2.3153e+00  4.9073e-01
 2.3183e+00  4.9068e-01
 2.3213e+00  4.9063e-01
 2.3243e+00  4.9058e-01
 2.3273e+00  4.9053e-01
 2.3303e+00  4.9048e-01
 2.3333e+00  4.9043e-01
 2.3363e+00  4.9039e-01
 2.3393e+00  4.9034e-01
 2.3423e+00  4.9029e-01
 2.3453e+00  4.9025e-01
 2.3483e+00  4.9020e-01
 2.3514e+00  4.9016e-01
 2.3544e+00  4.9011e-01
 2.3574e+00  4.9007e-01
 2.3604e+00  4.9002e-01
 2.3634e+00  4.8998e-01
 2.3664e+00  4.8993e-01
 2.3694e+00  4.8989e-01
 2.3724e+00  4.8985e-01
 2.3754e+00  4.8981e-01
 2.3784e+00  4.8977e-01
 2.3814e+00  4.8972e-01
 2.3844e+00  4.8968e-01
 2.3874e+00  4.8964e-01
 2.3904e+00  4.8960e-01
 2.3934e+00  4.8956e-01
 2.3964e+00  4.8952e-01
 2.3994e+00  4.8948e-01
 2.4024e+00  4.8944e-01
 2.4054e+00  4.8940e-01
 2.4084e+00  4.8937e-01
 2.4114e+00  4.8933e-01
 2.4144e+00  4.8929e-01
 2.4174e+00  4.8925e-01
 2.4204e+00  4.8921e-01
 2.4234e+00  4.8918e-01
 2.4264e+00  4.8914e-01
 2.4294e+00  4.8910e-01
 2.4324e+00  4.8907e-01
 2.4354e+00  4.8903e-01
 2.4384e+00  4.8900e-01
 2.4414e+00  4.8896e-01
 2.4444e+00  4.8893e-01
 2.4474e+00  4.8889e-01
 2.4505e+00  4.8886e-01
 2.4535e+00  4.8882e-01
 2.4565e+00  4.8879e-01
 2.4595e+00  4.8876e-01
 2.4625e+00  4.8872e-01
 2.4655e+00  4.8869e-01
 2.4685e+00  4.8866e-01
 2.4715e+00  4.8862e-01
 2.4745e+00  4.8859e-01
 2.4775e+00  4.8856e-01
 2.4805e+00  4.8853e-01
 2.4835e+00  4.8850e-01
 2.4865e+00  4.8847e-01
 2.4895e+00  4.8843e-01
 2.4925e+00  4.8840e-01
 2.4955e+00  4.8837e-01
 2.4985e+00  4.8834e-01
 2.5015e+00  4.8831e-01
 2.5045e+00  4.8828e-01
 2.5075e+00  4.8825e-01
 2.5105e+00  4.8822e-01
 2.5135e+00  4.8819e-01
 2.5165e+00  4.8816e-01
 2.5195e+00  4.8814e-01
 2.5225e+00  4.8811e-01
 2.5255e+00  4.8808e-01
 2.5285e+00  4.8805e-01
 2.5315e+00  4.8802e-01
 2.5345e+00  4.8800e-01
 2.5375e+00  4.8797e-01
 2.5405e+00  4.8348e-01
 2.5435e+00  4.7667e-01
 2.5465e+00  4.7275e-01
 2.5495e+00  4.6973e-01
 2.5526e+00  4.6719e-01
 2.5556e+00  4.6498e-01
 2.5586e+00  4.6299e-01
 2.5616e+00  4.6119e-01
 2.5646e+00  4.5952e-01
 2.5676e+00  4.5797e-01
 2.5706e+00  4.5652e-01
 2.5736e+00  4.5515e-01
 2.5766e+00  4.5386e-01
 2.5796e+00  4.5263e-01
 2.5826e+00  4.5146e-01
 2.5856e+00  4.5034e-01
 2.5886e+00  4.4926e-01
 2.5916e+00  4.4823e-01
 2.5946e+00  4.4723e-01
 2.5976e+00  4.4628e-01
 2.6006e+00  4.4535e-01
 2.6036e+00  4.4445e-01
 2.6066e+00  4.4359e-01
 2.6096e+00  4.4275e-01
 2.6126e+00  4.4193e-01
 2.6156e+00  4.4114e-01
 2.6186e+00  4.4036e-01
 2.6216e+00  4.3961e-01
 2.6246e+00  4.3888e-01
 2.6276e+00  4.3817e-01
 2.6306e+00  4.3747e-01
 2.6336e+00  4.3679e-01
 2.6366e+00  4.3613e-01
 2.6396e+00  4.3548e-01
 2.6426e+00  4.3485e-01
 2.6456e+00  4.3423e-01
 2.6486e+00  4.3362e-01
 2.6517e+00  4.3303e-01
 2.6547e+00  4.3245e-01
 2.6577e+00  4.3188e-01
 2.6607e+00  4.3132e-01
 2.6637e+00  4.3077e-01
 2.6667e+00  4.3023e-01
 2.6697e+00  4.2970e-01
 2.6727e+00  4.2919e-01
 2.6757e+00  4.2868e-01
 2.6787e+00  4.2818e-01
 2.6817e+00  4.2769e-01
 2.6847e+00  4.2720e-01
 2.6877e+00  4.2673e-01
 2.6907e+00  4.2626e-01
 2.6937e+00  4.2581e-01
 2.6967e+00  4.2535e-01
 2.6997e+00  4.2491e-01
 2.7027e+00  4.2447e-01
 2.7057e+00  4.2404e-01
 2.7087e+00  4.2362e-01
 2.7117e+00  4.2320e-01
 2.7147e+00  4.2279e-01
 2.7177e+00  4.2239e-01
 2.7207e+00  4.2199e-01
 2.7237e+00  4.2160e-01
 2.7267e+00  4.2121e-01
 2.7297e+00  4.2083e-01
 2.7327e+00  4.2045e-01
 2.7357e+00  4.2008e-01
 2.7387e+00  4.1971e-01
 2.7417e+00  4.1935e-01
 2.7447e+00  4.1900e-01
 2.7477e+00  4.1865e-01
 2.7508e+00  4.1830e-01
 2.7538e+00  4.1796e-01
 2.7568e+00  4.1762e-01
 2.7598e+00  4.1729e-01
 2.7628e+00  4.1696e-01
 2.7658e+00  4.1663e-01
 2.7688e+00  4.1631e-01
 2.7718e+00  4.1600e-01
 2.7748e+00  4.1568e-01
 2.7778e+00  4.1537e-01
 2.7808e+00  4.1507e-01
 2.7838e+00  4.1477e-01
 2.7868e+00  4.1447e-01
 2.7898e+00  4.1417e-01
 2.7928e+00  4.1388e-01
 2.7958e+00  4.1360e-01
 2.7988e+00  4.1331e-01
 2.8018e+00  4.1303e-01
 2.8048e+00  4.1275e-01
 2.8078e+00  4.1248e-01
 2.8108e+00  4.1221e-01
 2.8138e+00  4.1194e-01
 2.8168e+00  4.1167e-01
 2.8198e+00  4.1141e-01
 2.8228e+00  4.1115e-01
 2.8258e+00  4.1089e-01
 2.8288e+00  4.1064e-01
 2.8318e+00  4.1039e-01
 2.8348e+00  4.1014e-01
 2.8378e+00  4.0989e-01
 2.8408e+00  4.0965e-01
 2.8438e+00  4.0941e-01
 2.8468e+00  4.0917e-01
 2.8498e+00  4.0894e-01
 2.8529e+00  4.0870e-01
 2.8559e+00  4.0847e-01
 2.8589e+00  4.0824e-01
 2.8619e+00  4.0802e-01
 2.8649e+00  4.0779e-01
 2.8679e+00  4.0757e-01
 2.8709e+00  4.0735e-01
 2.8739e+00  4.0713e-01
 2.8769e+00  4.0692e-01
 2.8799e+00  4.0670e-01
 2.8829e+00  4.0649e-01
 2.8859e+00  4.0628e-01
 2.8889e+00  4.0608e-01
 2.8919e+00  4.0587e-01
 2.8949e+00  4.0567e-01
 2.8979e+00  4.0547e-01
 2.9009e+00  4.0527e-01
 2.9039e+00  4.0507e-01
 2.9069e+00  4.0488e-01
 2.9099e+00  4.0468e-01
 2.9129e+00  4.0449e-01
 2.9159e+00  4.0430e-01
 2.9189e+00  4.0411e-01
 2.9219e+00  4.0392e-01
 2.9249e+00  4.0374e-01
 2.9279e+00  4.0356e-01
 2.9309e+00  4.0337e-01
 2.9339e+00  4.0319e-01
 2.9369e+00  4.0302e-01
 2.9399e+00  4.0284e-01
 2.9429e+00  4.0266e-01
 2.9459e+00  4.0249e-01
 2.9489e+00  4.0232e-01
 2.9520e+00  4.0215e-01
 2.9550e+00  4.0198e-01
 2.9580e+00  4.0181e-01
 2.9610e+00  4.0164e-01
 2.9640e+00  4.0148e-01
 2.9670e+00  4.0131e-01
 2.9700e+00  4.0115e-01
 2.9730e+00  4.0099e-01
 2.9760e+00  4.0083e-01
 2.9790e+00  4.0067e-01
 2.9820e+00  4.0052e-01
 2.9850e+00  4.0036e-01
 2.9880e+00  4.0021e-01
 2.9910e+00  4.0005e-01
 2.9940e+00  3.9990e-01
 2.9970e+00  3.9975e-01
 3.0000e+00  3.9960e-01
