 1.0000e-02  4.3987e-01
 2.0000e-02  4.4231e-01
 3.0000e-02  4.4276e-01
 4.0000e-02  4.4292e-01
 5.0000e-02  4.4299e-01
 6.0000e-02  4.4303e-01
 7.0000e-02  4.4306e-01
 8.0000e-02  4.4307e-01
 9.0000e-02  4.4308e-01
 1.0000e-01  4.4309e-01
 1.1000e-01  4.4310e-01
 1.2000e-01  4.4310e-01
 1.3000e-01  4.4311e-01
 1.4000e-01  4.4311e-01
 1.5000e-01  4.4311e-01
 1.6000e-01  4.4311e-01
 1.7000e-01  4.4310e-01
 1.8000e-01  4.4309e-01
 1.9000e-01  4.4308e-01
 2.0000e-01  4.4305e-01
 2.1000e-01  4.4302e-01
 2.2000e-01  4.2710e-01
 2.3000e-01  4.1662e-01
 2.4000e-01  4.0751e-01
 2.5000e-01  3.9939e-01
 2.6000e-01  3.9213e-01
 2.7000e-01  3.8562e-01
 2.8000e-01  3.7977e-01
 2.9000e-01  3.1357e-01
 3.0000e-01  2.4096e-01
 3.1000e-01  1.8721e-01
 3.2000e-01  1.4948e-01
 3.3000e-01  1.2271e-01
 3.4000e-01  1.0321e-01
 3.5000e-01  8.8572e-02
 3.6000e-01  7.7284e-02
 3.7000e-01  6.8347e-02
 3.8000e-01  6.1102e-02
 3.9000e-01  5.4956e-02
 4.0000e-01  4.9600e-02
 4.1000e-01  4.5112e-02
 4.2000e-01  4.1265e-02
 4.3000e-01  3.7902e-02
 4.4000e-01  3.4912e-02
 4.5000e-01  3.2214e-02
 4.6000e-01  2.9747e-02
 4.7000e-01  2.7474e-02
 4.8000e-01  2.5368e-02
 4.9000e-01  2.3407e-02
 5.0000e-01  2.1575e-02
 5.1000e-01  1.9861e-02
 5.2000e-01  1.8253e-02
 5.3000e-01  1.6744e-02
 5.4000e-01  1.5328e-02
 5.5000e-01  1.3999e-02
 5.6000e-01  1.2752e-02
 5.7000e-01  1.1583e-02
 5.8000e-01  1.0488e-02
 5.9000e-01  9.4623e-03
 6.0000e-01  8.5045e-03
 6.1000e-01  7.6119e-03
 6.2000e-01  6.7832e-03
 6.3000e-01  6.0171e-03
 6.4000e-01  5.3119e-03
 6.5000e-01  4.6665e-03
 6.6000e-01  4.0801e-03
 6.7000e-01  3.5523e-03
 6.8000e-01  3.0822e-03
 6.9000e-01  2.6681e-03
 7.0000e-01  2.3084e-03
 7.1000e-01  2.0006e-03
 7.2000e-01  1.7420e-03
 7.3000e-01  1.5279e-03
 7.4000e-01  1.3491e-03
 7.5000e-01  1.1836e-03
 7.6000e-01  9.7412e-04
 7.7000e-01  5.9422e-04
 7.8000e-01  1.2405e-04
 7.9000e-01  3.0544e-04
 8.0000e-01  8.2289e-04
 8.1000e-01  1.2446e-03
 8.2000e-01  1.5981e-03
 8.3000e-01  1.9259e-03
 8.4000e-01  2.2470e-03
 8.5000e-01  2.5670e-03
 8.6000e-01  2.8844e-03
 8.7000e-01  3.1928e-03
 8.8000e-01  3.4824e-03
 8.9000e-01  3.7412e-03
 9.0000e-01  3.9403e-03
 9.1000e-01  4.0880e-03
 9.2000e-01  4.1921e-03
 9.3000e-01  4.2546e-03
 9.4000e-01  4.2795e-03
 9.5000e-01  4.2712e-03
 9.6000e-01  4.2346e-03
 9.7000e-01  4.1756e-03
 9.8000e-01  4.1007e-03
 9.9000e-01  4.0103e-03
 1.0000e+00  3.9258e-03
 1.0100e+00  3.8583e-03
 1.0200e+00  3.5727e-03
 1.0300e+00  3.5693e-03
 1.0400e+00  3.5155e-03
 1.0500e+00  3.4523e-03
 1.0600e+00  3.3914e-03
 1.0700e+00  3.3355e-03
 1.0800e+00  3.2851e-03
 1.0900e+00  3.2404e-03
 1.1000e+00  3.2016e-03
 1.1100e+00  3.1689e-03
 1.1200e+00  3.1422e-03
 1.1300e+00  3.1210e-03
 1.1400e+00  3.1051e-03
 1.1500e+00  3.0935e-03
 1.1600e+00  3.0851e-03
 1.1700e+00  3.0785e-03
 1.1800e+00  3.0725e-03
 1.1900e+00  3.0661e-03
 1.2000e+00  3.0591e-03
 1.2100e+00  3.0518e-03
 1.2200e+00  3.0450e-03
 1.2300e+00  3.0400e-03
 1.2400e+00  3.0374e-03
 1.2500e+00  3.0374e-03
 1.2600e+00  3.0397e-03
 1.2700e+00  3.0442e-03
 1.2800e+00  3.0510e-03
 1.2900e+00  3.0601e-03
 1.3000e+00  3.0720e-03
 1.3100e+00  3.0870e-03
 1.3200e+00  3.1049e-03
 1.3300e+00  3.1250e-03
 1.3400e+00  3.1468e-03
 1.3500e+00  3.1690e-03
 1.3600e+00  3.1906e-03
 1.3700e+00  3.2102e-03
 1.3800e+00  3.2265e-03
 1.3900e+00  3.2383e-03
 1.4000e+00  3.2457e-03
 1.4100e+00  3.2494e-03
 1.4200e+00  3.2497e-03
 1.4300e+00  3.2473e-03
 1.4400e+00  3.2423e-03
 1.4500e+00  3.2334e-03
 1.4600e+00  3.2190e-03
 1.4700e+00  3.1973e-03
 1.4800e+00  3.1679e-03
 1.4900e+00  2.9946e-03
 1.5000e+00  2.8758e-03
 1.5100e+00  2.8069e-03
 1.5200e+00  2.7653e-03
 1.5300e+00  2.7392e-03
 1.5400e+00  2.7188e-03
 1.5500e+00  2.6949e-03
 1.5600e+00  2.6615e-03
 1.5700e+00  2.6220e-03
 1.5800e+00  2.5815e-03
 1.5900e+00  2.5450e-03
 1.6000e+00  2.5164e-03
 1.6100e+00  2.4984e-03
 1.6200e+00  2.4916e-03
 1.6300e+00  2.4966e-03
 1.6400e+00  2.4928e-03
 1.6500e+00  2.4737e-03
 1.6600e+00  2.4664e-03
 1.6700e+00  2.4680e-03
 1.6800e+00  2.4744e-03
 1.6900e+00  2.4807e-03
 1.7000e+00  2.4818e-03
 1.7100e+00  2.4738e-03
 1.7200e+00  2.4724e-03
 1.7300e+00  2.4691e-03
 1.7400e+00  2.4665e-03
 1.7500e+00  2.4674e-03
 1.7600e+00  2.4738e-03
 1.7700e+00  2.4861e-03
 1.7800e+00  2.5042e-03
 1.7900e+00  2.5281e-03
 1.8000e+00  2.5579e-03
 1.8100e+00  2.5935e-03
 1.8200e+00  2.6337e-03
 1.8300e+00  2.6771e-03
 1.8400e+00  2.7219e-03
 1.8500e+00  2.7662e-03
 1.8600e+00  2.8078e-03
 1.8700e+00  2.8447e-03
 1.8800e+00  2.8747e-03
 1.8900e+00  2.8958e-03
 1.9000e+00  2.9057e-03
 1.9100e+00  2.9028e-03
 1.9200e+00  2.8868e-03
 1.9300e+00  2.8579e-03
 1.9400e+00  2.8169e-03
 1.9500e+00  2.7647e-03
 1.9600e+00  2.7053e-03
 1.9700e+00  2.6536e-03
 1.9800e+00  2.6251e-03
 1.9900e+00  2.6345e-03
