 1.0000e-04  4.7523e-01
 1.0077e-04  4.7523e-01
 1.0155e-04  4.7523e-01
 1.0233e-04  4.7523e-01
 1.0312e-04  4.7523e-01
 1.0391e-04  4.7523e-01
 1.0472e-04  4.7523e-01
 1.0552e-04  4.7523e-01
 1.0634e-04  4.7523e-01
 1.0716e-04  4.7523e-01
 1.0798e-04  4.7523e-01
 1.0882e-04  4.7523e-01
 1.0965e-04  4.7523e-01
 1.1050e-04  4.7523e-01
 1.1135e-04  4.7523e-01
 1.1221e-04  4.7523e-01
 1.1308e-04  4.7523e-01
 1.1395e-04  4.7523e-01
 1.1483e-04  4.7523e-01
 1.1571e-04  4.7523e-01
 1.1660e-04  4.7523e-01
 1.1750e-04  4.7523e-01
 1.1841e-04  4.7523e-01
 1.1932e-04  4.7523e-01
 1.2024e-04  4.7523e-01
 1.2117e-04  4.7523e-01
 1.2210e-04  4.7523e-01
 1.2304e-04  4.7523e-01
 1.2399e-04  4.7523e-01
 1.2495e-04  4.7523e-01
 1.2591e-04  4.7523e-01
 1.2688e-04  4.7523e-01
 1.2786e-04  4.7523e-01
 1.2885e-04  4.7523e-01
 1.2984e-04  4.7523e-01
 1.3084e-04  4.7523e-01
 1.3185e-04  4.7523e-01
 1.3287e-04  4.7523e-01
 1.3389e-04  4.7523e-01
 1.3492e-04  4.7523e-01
 1.3596e-04  4.7523e-01
 1.3701e-04  4.7523e-01
 1.3807e-04  4.7523e-01
 1.3913e-04  4.7523e-01
 1.4021e-04  4.7523e-01
 1.4129e-04  4.7523e-01
 1.4238e-04  4.7523e-01
 1.4347e-04  4.7523e-01
 1.4458e-04  4.7523e-01
 1.4569e-04  4.7523e-01
 1.4682e-04  4.7523e-01
 1.4795e-04  4.7523e-01
 1.4909e-04  4.7523e-01
 1.5024e-04  4.7523e-01
 1.5140e-04  4.7523e-01
 1.5257e-04  4.7523e-01
 1.5374e-04  4.7523e-01
 1.5493e-04  4.7523e-01
 1.5612e-04  4.7523e-01
 1.5733e-04  4.7523e-01
 1.5854e-04  4.7523e-01
 1.5976e-04  4.7523e-01
 1.6099e-04  4.7523e-01
 1.6223e-04  4.7523e-01
 1.6348e-04  4.7523e-01
 1.6474e-04  4.7523e-01
 1.6601e-04  4.7523e-01
 1.6729e-04  4.7523e-01
 1.6858e-04  4.7523e-01
 1.6988e-04  4.7523e-01
 1.7119e-04  4.7523e-01
 1.7251e-04  4.7523e-01
 1.7384e-04  4.7523e-01
 1.7518e-04  4.7523e-01
 1.7654e-04  4.7523e-01
 1.7790e-04  4.7523e-01
 1.7927e-04  4.7523e-01
 1.8065e-04  4.7523e-01
 1.8204e-04  4.7523e-01
 1.8345e-04  4.7523e-01
 1.8486e-04  4.7523e-01
 1.8629e-04  4.7523e-01
 1.8772e-04  4.7523e-01
 1.8917e-04  4.7523e-01
 1.9063e-04  4.7523e-01
 1.9210e-04  4.7523e-01
 1.9358e-04  4.7523e-01
 1.9507e-04  4.7523e-01
 1.9658e-04  4.7523e-01
 1.9809e-04  4.7523e-01
 1.9962e-04  4.7523e-01
 2.0116e-04  4.7523e-01
 2.0271e-04  4.7523e-01
 2.0427e-04  4.7523e-01
 2.0585e-04  4.7523e-01
 2.0743e-04  4.7523e-01
 2.0903e-04  4.7523e-01
 2.1064e-04  4.7523e-01
 2.1227e-04  4.7523e-01
 2.1390e-04  4.7523e-01
 2.1555e-04  4.7523e-01
 2.1722e-04  4.7523e-01
 2.1889e-04  4.7523e-01
 2.2058e-04  4.7523e-01
 2.2228e-04  4.7523e-01
 2.2399e-04  4.7523e-01
 2.2572e-04  4.7523e-01
 2.2746e-04  4.7523e-01
 2.2921e-04  4.7523e-01
 2.3098e-04  4.7523e-01
 2.3276e-04  4.7523e-01
 2.3456e-04  4.7523e-01
 2.3636e-04  4.7523e-01
 2.3819e-04  4.7523e-01
 2.4002e-04  4.7523e-01
 2.4187e-04  4.7523e-01
 2.4374e-04  4.7523e-01
 2.4562e-04  4.7523e-01
 2.4751e-04  4.7523e-01
 2.4942e-04  4.7523e-01
 2.5134e-04  4.7523e-01
 2.5328e-04  4.7523e-01
 2.5523e-04  4.7523e-01
 2.5720e-04  4.7523e-01
 2.5918e-04  4.7523e-01
 2.6118e-04  4.7523e-01
 2.6320e-04  4.7523e-01
 2.6523e-04  4.7523e-01
 2.6727e-04  4.7523e-01
 2.6933e-04  4.7523e-01
 2.7141e-04  4.7523e-01
 2.7350e-04  4.7523e-01
 2.7561e-04  4.7523e-01
 2.7773e-04  4.7523e-01
 2.7988e-04  4.7523e-01
 2.8203e-04  4.7523e-01
 2.8421e-04  4.7523e-01
 2.8640e-04  4.7523e-01
 2.8861e-04  4.7523e-01
 2.9083e-04  4.7523e-01
 2.9307e-04  4.7523e-01
 2.9533e-04  4.7523e-01
 2.9761e-04  4.7523e-01
 2.9991e-04  4.7523e-01
 3.0222e-04  4.7523e-01
 3.0455e-04  4.7523e-01
 3.0690e-04  4.7523e-01
 3.0926e-04  4.7523e-01
 3.1165e-04  4.7523e-01
 3.1405e-04  4.7523e-01
 3.1647e-04  4.7523e-01
 3.1891e-04  4.7523e-01
 3.2137e-04  4.7523e-01
 3.2385e-04  4.7523e-01
 3.2634e-04  4.7523e-01
 3.2886e-04  4.7523e-01
 3.3140e-04  4.7523e-01
 3.3395e-04  4.7523e-01
 3.3653e-04  4.7523e-01
 3.3912e-04  4.7523e-01
 3.4173e-04  4.7523e-01
 3.4437e-04  4.7523e-01
 3.4702e-04  4.7523e-01
 3.4970e-04  4.7523e-01
 3.5240e-04  4.7523e-01
 3.5511e-04  4.7523e-01
 3.5785e-04  4.7523e-01
 3.6061e-04  4.7523e-01
 3.6339e-04  4.7523e-01
 3.6619e-04  4.7523e-01
 3.6902e-04  4.7523e-01
 3.7186e-04  4.7523e-01
 3.7473e-04  4.7523e-01
 3.7762e-04  4.7523e-01
 3.8053e-04  4.7523e-01
 3.8346e-04  4.7523e-01
 3.8642e-04  4.7523e-01
 3.8940e-04  4.7523e-01
 3.9240e-04  4.7523e-01
 3.9543e-04  4.7523e-01
 3.9847e-04  4.7523e-01
 4.0155e-04  4.7523e-01
 4.0464e-04  4.7523e-01
 4.0776e-04  4.7523e-01
 4.1091e-04  4.7523e-01
 4.1407e-04  4.7523e-01
 4.1727e-04  4.7523e-01
 4.2048e-04  4.7523e-01
 4.2373e-04  4.7523e-01
 4.2699e-04  4.7523e-01
 4.3028e-04  4.7523e-01
 4.3360e-04  4.7523e-01
 4.3695e-04  4.7523e-01
 4.4031e-04  4.7523e-01
 4.4371e-04  4.7523e-01
 4.4713e-04  4.7523e-01
 4.5058e-04  4.7523e-01
 4.5405e-04  4.7523e-01
 4.5755e-04  4.7523e-01
 4.6108e-04  4.7523e-01
 4.6463e-04  4.7523e-01
 4.6822e-04  4.7523e-01
 4.7183e-04  4.7523e-01
 4.7546e-04  4.7523e-01
 4.7913e-04  4.7523e-01
 4.8282e-04  4.7523e-01
 4.8655e-04  4.7523e-01
 4.9030e-04  4.7523e-01
 4.9408e-04  4.7523e-01
 4.9789e-04  4.7523e-01
 5.0173e-04  4.7523e-01
 5.0559e-04  4.7523e-01
 5.0949e-04  4.7523e-01
 5.1342e-04  4.7523e-01
 5.1738e-04  4.7523e-01
 5.2137e-04  4.7523e-01
 5.2539e-04  4.7523e-01
 5.2944e-04  4.7523e-01
 5.3352e-04  4.7523e-01
 5.3763e-04  4.7523e-01
 5.4178e-04  4.7523e-01
 5.4596e-04  4.7523e-01
 5.5017e-04  4.7523e-01
 5.5441e-04  4.7523e-01
 5.5868e-04  4.7523e-01
 5.6299e-04  4.7523e-01
 5.6733e-04  4.7523e-01
 5.7170e-04  4.7523e-01
 5.7611e-04  4.7523e-01
 5.8055e-04  4.7523e-01
 5.8503e-04  4.7523e-01
 5.8954e-04  4.7523e-01
 5.9409e-04  4.7523e-01
 5.9867e-04  4.7523e-01
 6.0328e-04  4.7523e-01
 6.0793e-04  4.7523e-01
 6.1262e-04  4.7523e-01
 6.1734e-04  4.7523e-01
 6.2210e-04  4.7523e-01
 6.2690e-04  4.7523e-01
 6.3173e-04  4.7523e-01
 6.3660e-04  4.7523e-01
 6.4151e-04  4.7523e-01
 6.4646e-04  4.7523e-01
 6.5144e-04  4.7523e-01
 6.5646e-04  4.7523e-01
 6.6153e-04  4.7523e-01
 6.6663e-04  4.7523e-01
 6.7177e-04  4.7523e-01
 6.7695e-04  4.7523e-01
 6.8216e-04  4.7523e-01
 6.8742e-04  4.7523e-01
 6.9272e-04  4.7523e-01
 6.9807e-04  4.7523e-01
 7.0345e-04  4.7523e-01
 7.0887e-04  4.7523e-01
 7.1434e-04  4.7523e-01
 7.1984e-04  4.7523e-01
 7.2539e-04  4.7523e-01
 7.3099e-04  4.7523e-01
 7.3662e-04  4.7523e-01
 7.4230e-04  4.7523e-01
 7.4802e-04  4.7523e-01
 7.5379e-04  4.7523e-01
 7.5960e-04  4.7523e-01
 7.6546e-04  4.7523e-01
 7.7136e-04  4.7523e-01
 7.7731e-04  4.7523e-01
 7.8330e-04  4.7523e-01
 7.8934e-04  4.7523e-01
 7.9543e-04  4.7523e-01
 8.0156e-04  4.7523e-01
 8.0774e-04  4.7523e-01
 8.1397e-04  4.7523e-01
 8.2024e-04  4.7523e-01
 8.2657e-04  4.7523e-01
 8.3294e-04  4.7523e-01
 8.3936e-04  4.7523e-01
 8.4583e-04  4.7523e-01
 8.5235e-04  4.7523e-01
 8.5893e-04  4.7523e-01
 8.6555e-04  4.7523e-01
 8.7222e-04  4.7523e-01
 8.7895e-04  4.7523e-01
 8.8572e-04  4.7523e-01
 8.9255e-04  4.7523e-01
 8.9943e-04  4.7523e-01
 9.0637e-04  4.7523e-01
 9.1336e-04  4.7523e-01
 9.2040e-04  4.7523e-01
 9.2749e-04  4.7523e-01
 9.3465e-04  4.7523e-01
 9.4185e-04  4.7523e-01
 9.4911e-04  4.7523e-01
 9.5643e-04  4.7523e-01
 9.6381e-04  4.7523e-01
 9.7124e-04  4.7523e-01
 9.7872e-04  4.7523e-01
 9.8627e-04  4.7523e-01
 9.9387e-04  4.7523e-01
 1.0015e-03  4.7523e-01
 1.0093e-03  4.7523e-01
 1.0170e-03  4.7523e-01
 1.0249e-03  4.5021e-01
 1.0328e-03  4.2955e-01
 1.0407e-03  4.1732e-01
 1.0488e-03  4.0823e-01
 1.0569e-03  4.0091e-01
 1.0650e-03  3.9477e-01
 1.0732e-03  3.8948e-01
 1.0815e-03  3.8483e-01
 1.0898e-03  3.8069e-01
 1.0982e-03  3.7697e-01
 1.1067e-03  3.7360e-01
 1.1152e-03  3.7052e-01
 1.1238e-03  3.6769e-01
 1.1325e-03  3.6508e-01
 1.1412e-03  3.6267e-01
 1.1500e-03  3.6043e-01
 1.1589e-03  3.5833e-01
 1.1678e-03  3.5638e-01
 1.1768e-03  3.5454e-01
 1.1859e-03  3.5282e-01
 1.1950e-03  3.5120e-01
 1.2043e-03  3.4967e-01
 1.2135e-03  3.4823e-01
 1.2229e-03  3.4687e-01
 1.2323e-03  3.4558e-01
 1.2418e-03  3.4435e-01
 1.2514e-03  3.4319e-01
 1.2611e-03  3.4208e-01
 1.2708e-03  3.4103e-01
 1.2806e-03  3.4003e-01
 1.2904e-03  3.3908e-01
 1.3004e-03  3.3817e-01
 1.3104e-03  3.3730e-01
 1.3205e-03  3.3647e-01
 1.3307e-03  3.3568e-01
 1.3410e-03  3.3492e-01
 1.3513e-03  3.3419e-01
 1.3617e-03  3.3350e-01
 1.3722e-03  3.3283e-01
 1.3828e-03  3.3219e-01
 1.3935e-03  3.3158e-01
 1.4042e-03  3.3099e-01
 1.4150e-03  3.3043e-01
 1.4259e-03  3.2989e-01
 1.4369e-03  3.2936e-01
 1.4480e-03  3.2886e-01
 1.4592e-03  3.2838e-01
 1.4704e-03  3.2792e-01
 1.4818e-03  3.2747e-01
 1.4932e-03  3.2704e-01
 1.5047e-03  3.2663e-01
 1.5163e-03  3.2623e-01
 1.5280e-03  3.2585e-01
 1.5398e-03  3.2548e-01
 1.5517e-03  3.2512e-01
 1.5636e-03  3.2477e-01
 1.5757e-03  3.2444e-01
 1.5878e-03  3.2412e-01
 1.6001e-03  3.2381e-01
 1.6124e-03  3.2351e-01
 1.6248e-03  3.2323e-01
 1.6374e-03  3.2295e-01
 1.6500e-03  3.2268e-01
 1.6627e-03  3.2242e-01
 1.6755e-03  3.2217e-01
 1.6884e-03  3.2193e-01
 1.7015e-03  3.2169e-01
 1.7146e-03  3.2146e-01
 1.7278e-03  3.2124e-01
 1.7411e-03  3.2103e-01
 1.7545e-03  3.2083e-01
 1.7681e-03  3.2063e-01
 1.7817e-03  3.2043e-01
 1.7954e-03  3.2025e-01
 1.8093e-03  3.2007e-01
 1.8232e-03  3.1989e-01
 1.8373e-03  3.1972e-01
 1.8514e-03  3.1956e-01
 1.8657e-03  3.1940e-01
 1.8801e-03  3.1925e-01
 1.8946e-03  3.1910e-01
 1.9092e-03  3.1895e-01
 1.9239e-03  3.1881e-01
 1.9388e-03  3.1868e-01
 1.9537e-03  3.1855e-01
 1.9688e-03  3.1842e-01
 1.9840e-03  3.1829e-01
 1.9993e-03  3.1817e-01
 2.0147e-03  3.1806e-01
 2.0302e-03  3.1794e-01
 2.0459e-03  3.1783e-01
 2.0616e-03  3.1773e-01
 2.0775e-03  3.1762e-01
 2.0935e-03  3.1752e-01
 2.1097e-03  3.1743e-01
 2.1259e-03  3.1733e-01
 2.1423e-03  3.1724e-01
 2.1589e-03  3.1715e-01
 2.1755e-03  3.1706e-01
 2.1923e-03  3.1698e-01
 2.2092e-03  3.1690e-01
 2.2262e-03  3.1682e-01
 2.2434e-03  3.1674e-01
 2.2607e-03  3.1667e-01
 2.2781e-03  3.1659e-01
 2.2957e-03  3.1652e-01
 2.3134e-03  3.1645e-01
 2.3312e-03  3.1639e-01
 2.3492e-03  3.1632e-01
 2.3673e-03  3.1626e-01
 2.3855e-03  3.1620e-01
 2.4039e-03  3.1614e-01
 2.4225e-03  3.1608e-01
 2.4411e-03  3.1602e-01
 2.4600e-03  3.1597e-01
 2.4789e-03  3.1591e-01
 2.4980e-03  3.1586e-01
 2.5173e-03  3.1581e-01
 2.5367e-03  3.1576e-01
 2.5563e-03  3.1571e-01
 2.5760e-03  3.1567e-01
 2.5958e-03  3.1562e-01
 2.6158e-03  3.1558e-01
 2.6360e-03  3.1553e-01
 2.6563e-03  3.1549e-01
 2.6768e-03  3.1545e-01
 2.6975e-03  3.1541e-01
 2.7183e-03  3.1537e-01
 2.7392e-03  3.1534e-01
 2.7603e-03  3.1530e-01
 2.7816e-03  3.1526e-01
 2.8031e-03  3.1523e-01
 2.8247e-03  3.1519e-01
 2.8464e-03  3.1516e-01
 2.8684e-03  3.1513e-01
 2.8905e-03  3.1510e-01
 2.9128e-03  3.1507e-01
 2.9353e-03  3.1504e-01
 2.9579e-03  3.1501e-01
 2.9807e-03  3.1498e-01
 3.0037e-03  3.1495e-01
 3.0268e-03  3.1492e-01
 3.0502e-03  3.1490e-01
 3.0737e-03  3.1487e-01
 3.0974e-03  3.1485e-01
 3.1213e-03  3.1482e-01
 3.1453e-03  3.1480e-01
 3.1696e-03  3.1478e-01
 3.1940e-03  3.1475e-01
 3.2186e-03  3.1473e-01
 3.2435e-03  3.1471e-01
 3.2685e-03  3.1469e-01
 3.2937e-03  3.1467e-01
 3.3191e-03  3.1465e-01
 3.3446e-03  3.1463e-01
 3.3704e-03  3.1461e-01
 3.3964e-03  3.1459e-01
 3.4226e-03  3.1457e-01
 3.4490e-03  3.1455e-01
 3.4756e-03  3.1454e-01
 3.5024e-03  3.1452e-01
 3.5294e-03  3.1450e-01
 3.5566e-03  3.1449e-01
 3.5840e-03  3.1447e-01
 3.6116e-03  3.1446e-01
 3.6395e-03  3.1444e-01
 3.6676e-03  3.1443e-01
 3.6958e-03  3.1441e-01
 3.7243e-03  3.1440e-01
 3.7530e-03  3.1438e-01
 3.7820e-03  3.1437e-01
 3.8111e-03  3.1436e-01
 3.8405e-03  3.1435e-01
 3.8701e-03  3.1433e-01
 3.9000e-03  3.1432e-01
 3.9300e-03  3.1431e-01
 3.9603e-03  3.1430e-01
 3.9909e-03  3.1429e-01
 4.0216e-03  3.1427e-01
 4.0526e-03  3.1426e-01
 4.0839e-03  3.1425e-01
 4.1154e-03  3.1424e-01
 4.1471e-03  3.1423e-01
 4.1791e-03  3.1422e-01
 4.2113e-03  3.1421e-01
 4.2438e-03  3.1420e-01
 4.2765e-03  3.1419e-01
 4.3095e-03  3.1418e-01
 4.3427e-03  3.1418e-01
 4.3762e-03  3.1417e-01
 4.4099e-03  3.1416e-01
 4.4439e-03  3.1415e-01
 4.4782e-03  3.1414e-01
 4.5127e-03  3.1413e-01
 4.5475e-03  3.1413e-01
 4.5826e-03  3.1412e-01
 4.6179e-03  3.1411e-01
 4.6535e-03  3.1410e-01
 4.6894e-03  3.1410e-01
 4.7255e-03  3.1409e-01
 4.7620e-03  3.1408e-01
 4.7987e-03  3.1408e-01
 4.8357e-03  3.1407e-01
 4.8729e-03  3.1406e-01
 4.9105e-03  3.1406e-01
 4.9484e-03  3.1405e-01
 4.9865e-03  3.1404e-01
 5.0250e-03  3.1404e-01
 5.0637e-03  3.1403e-01
 5.1028e-03  3.1403e-01
 5.1421e-03  3.1402e-01
 5.1817e-03  3.1402e-01
 5.2217e-03  3.1401e-01
 5.2620e-03  3.1400e-01
 5.3025e-03  3.1400e-01
 5.3434e-03  3.1399e-01
 5.3846e-03  3.1399e-01
 5.4261e-03  3.1398e-01
 5.4680e-03  3.1398e-01
 5.5101e-03  3.1398e-01
 5.5526e-03  3.1397e-01
 5.5954e-03  3.1397e-01
 5.6386e-03  3.1396e-01
 5.6820e-03  3.1396e-01
 5.7258e-03  3.1395e-01
 5.7700e-03  3.1395e-01
 5.8145e-03  3.1394e-01
 5.8593e-03  3.1394e-01
 5.9045e-03  3.1394e-01
 5.9500e-03  3.1393e-01
 5.9959e-03  3.1393e-01
 6.0421e-03  3.1393e-01
 6.0887e-03  3.1392e-01
 6.1356e-03  3.1392e-01
 6.1829e-03  3.1392e-01
 6.2306e-03  3.1391e-01
 6.2786e-03  3.1391e-01
 6.3270e-03  3.1391e-01
 6.3758e-03  3.1390e-01
 6.4250e-03  3.1390e-01
 6.4745e-03  3.1390e-01
 6.5244e-03  3.1389e-01
 6.5747e-03  3.1389e-01
 6.6254e-03  3.1389e-01
 6.6765e-03  3.1388e-01
 6.7280e-03  3.1388e-01
 6.7799e-03  3.1388e-01
 6.8321e-03  3.1388e-01
 6.8848e-03  3.1387e-01
 6.9379e-03  3.1387e-01
 6.9914e-03  3.1387e-01
 7.0453e-03  3.1387e-01
 7.0996e-03  3.1386e-01
 7.1543e-03  3.1386e-01
 7.2095e-03  3.1386e-01
 7.2651e-03  3.1386e-01
 7.3211e-03  3.1385e-01
 7.3775e-03  3.1385e-01
 7.4344e-03  3.1385e-01
 7.4917e-03  3.1385e-01
 7.5495e-03  3.1384e-01
 7.6077e-03  3.1384e-01
 7.6664e-03  3.1384e-01
 7.7255e-03  3.1384e-01
 7.7850e-03  3.1384e-01
 7.8451e-03  3.1383e-01
 7.9055e-03  3.1383e-01
 7.9665e-03  3.1383e-01
 8.0279e-03  3.1383e-01
 8.0898e-03  3.1383e-01
 8.1522e-03  3.1383e-01
 8.2150e-03  3.1382e-01
 8.2784e-03  3.1382e-01
 8.3422e-03  3.1382e-01
 8.4065e-03  3.1382e-01
 8.4713e-03  3.1382e-01
 8.5367e-03  3.1381e-01
 8.6025e-03  3.1381e-01
 8.6688e-03  3.1381e-01
 8.7356e-03  3.1381e-01
 8.8030e-03  3.1381e-01
 8.8709e-03  3.1381e-01
 8.9392e-03  3.1381e-01
 9.0082e-03  3.1380e-01
 9.0776e-03  3.1380e-01
 9.1476e-03  3.1380e-01
 9.2181e-03  3.1380e-01
 9.2892e-03  3.1380e-01
 9.3608e-03  3.1380e-01
 9.4330e-03  3.1380e-01
 9.5057e-03  3.1380e-01
 9.5790e-03  3.1379e-01
 9.6529e-03  3.1379e-01
 9.7273e-03  3.1379e-01
 9.8023e-03  3.1379e-01
 9.8779e-03  3.1379e-01
 9.9540e-03  3.1379e-01
 1.0031e-02  3.1379e-01
 1.0108e-02  3.1379e-01
 1.0186e-02  3.1378e-01
 1.0265e-02  3.1378e-01
 1.0344e-02  3.1378e-01
 1.0423e-02  3.1378e-01
 1.0504e-02  3.1378e-01
 1.0585e-02  3.1378e-01
 1.0666e-02  3.1378e-01
 1.0749e-02  3.1378e-01
 1.0832e-02  3.1378e-01
 1.0915e-02  3.1378e-01
 1.0999e-02  3.1378e-01
 1.1084e-02  3.1377e-01
 1.1169e-02  3.1377e-01
 1.1256e-02  3.1377e-01
 1.1342e-02  3.1377e-01
 1.1430e-02  3.1377e-01
 1.1518e-02  3.1377e-01
 1.1607e-02  3.1377e-01
 1.1696e-02  3.1377e-01
 1.1786e-02  3.1377e-01
 1.1877e-02  3.1377e-01
 1.1969e-02  3.1377e-01
 1.2061e-02  3.1377e-01
 1.2154e-02  3.1376e-01
 1.2248e-02  3.1376e-01
 1.2342e-02  3.1376e-01
 1.2437e-02  3.1376e-01
 1.2533e-02  3.1376e-01
 1.2630e-02  3.1376e-01
 1.2727e-02  3.1376e-01
 1.2825e-02  3.1376e-01
 1.2924e-02  3.1376e-01
 1.3024e-02  3.1376e-01
 1.3124e-02  3.1376e-01
 1.3226e-02  3.1376e-01
 1.3328e-02  3.1376e-01
 1.3430e-02  3.1376e-01
 1.3534e-02  3.1376e-01
 1.3638e-02  3.1375e-01
 1.3743e-02  3.1375e-01
 1.3849e-02  3.1375e-01
 1.3956e-02  3.1375e-01
 1.4064e-02  3.1375e-01
 1.4172e-02  3.1375e-01
 1.4281e-02  3.1375e-01
 1.4391e-02  3.1375e-01
 1.4502e-02  3.1375e-01
 1.4614e-02  3.1375e-01
 1.4727e-02  3.1375e-01
 1.4840e-02  3.1375e-01
 1.4955e-02  3.1375e-01
 1.5070e-02  3.1375e-01
 1.5186e-02  3.1375e-01
 1.5303e-02  3.1375e-01
 1.5421e-02  3.1375e-01
 1.5540e-02  3.1375e-01
 1.5660e-02  3.1375e-01
 1.5781e-02  3.1375e-01
 1.5903e-02  3.1375e-01
 1.6025e-02  3.1374e-01
 1.6149e-02  3.1374e-01
 1.6273e-02  3.1374e-01
 1.6399e-02  3.1374e-01
 1.6525e-02  3.1374e-01
 1.6653e-02  3.1374e-01
 1.6781e-02  3.1374e-01
 1.6910e-02  3.1374e-01
 1.7041e-02  3.1374e-01
 1.7172e-02  3.1374e-01
 1.7304e-02  3.1374e-01
 1.7438e-02  3.1374e-01
 1.7572e-02  3.1374e-01
 1.7708e-02  3.1374e-01
 1.7844e-02  3.1374e-01
 1.7982e-02  3.1374e-01
 1.8121e-02  3.1374e-01
 1.8260e-02  3.1374e-01
 1.8401e-02  3.1374e-01
 1.8543e-02  3.1374e-01
 1.8686e-02  3.1374e-01
 1.8830e-02  3.1374e-01
 1.8975e-02  3.1374e-01
 1.9121e-02  3.1374e-01
 1.9269e-02  3.1374e-01
 1.9417e-02  3.1374e-01
 1.9567e-02  3.1374e-01
 1.9718e-02  3.1374e-01
 1.9870e-02  3.1374e-01
 2.0023e-02  3.1374e-01
 2.0178e-02  3.1374e-01
 2.0333e-02  3.1373e-01
 2.0490e-02  3.1373e-01
 2.0648e-02  3.1373e-01
 2.0807e-02  3.1373e-01
 2.0968e-02  3.1373e-01
 2.1129e-02  3.1373e-01
 2.1292e-02  3.1373e-01
 2.1456e-02  3.1373e-01
 2.1622e-02  3.1373e-01
 2.1788e-02  3.1373e-01
 2.1956e-02  3.1373e-01
 2.2126e-02  3.1373e-01
 2.2296e-02  3.1373e-01
 2.2468e-02  3.1373e-01
 2.2641e-02  3.1373e-01
 2.2816e-02  3.1373e-01
 2.2992e-02  3.1373e-01
 2.3169e-02  3.1373e-01
 2.3348e-02  3.1373e-01
 2.3528e-02  3.1373e-01
 2.3709e-02  3.1373e-01
 2.3892e-02  3.1373e-01
 2.4076e-02  3.1373e-01
 2.4262e-02  3.1373e-01
 2.4449e-02  3.1373e-01
 2.4637e-02  3.1373e-01
 2.4827e-02  3.1373e-01
 2.5019e-02  3.1373e-01
 2.5212e-02  3.1373e-01
 2.5406e-02  3.1373e-01
 2.5602e-02  3.1373e-01
 2.5799e-02  3.1373e-01
 2.5998e-02  3.1373e-01
 2.6199e-02  3.1373e-01
 2.6401e-02  3.1373e-01
 2.6604e-02  3.1373e-01
 2.6809e-02  3.1373e-01
 2.7016e-02  3.1373e-01
 2.7224e-02  3.1373e-01
 2.7434e-02  3.1373e-01
 2.7646e-02  3.1373e-01
 2.7859e-02  3.1373e-01
 2.8074e-02  3.1373e-01
 2.8290e-02  3.1373e-01
 2.8508e-02  3.1373e-01
 2.8728e-02  3.1373e-01
 2.8950e-02  3.1373e-01
 2.9173e-02  3.1373e-01
 2.9398e-02  3.1373e-01
 2.9624e-02  3.1373e-01
 2.9853e-02  3.1373e-01
 3.0083e-02  3.1373e-01
 3.0315e-02  3.1373e-01
 3.0549e-02  3.1373e-01
 3.0784e-02  3.1373e-01
 3.1021e-02  3.1373e-01
 3.1261e-02  3.1373e-01
 3.1502e-02  3.1373e-01
 3.1744e-02  3.1373e-01
 3.1989e-02  3.1373e-01
 3.2236e-02  3.1373e-01
 3.2484e-02  3.1373e-01
 3.2735e-02  3.1373e-01
 3.2987e-02  3.1373e-01
 3.3242e-02  3.1372e-01
 3.3498e-02  3.1372e-01
 3.3756e-02  3.1372e-01
 3.4016e-02  3.1372e-01
 3.4279e-02  3.1372e-01
 3.4543e-02  3.1372e-01
 3.4809e-02  3.1372e-01
 3.5078e-02  3.1372e-01
 3.5348e-02  3.1372e-01
 3.5621e-02  3.1372e-01
 3.5895e-02  3.1372e-01
 3.6172e-02  3.1372e-01
 3.6451e-02  3.1372e-01
 3.6732e-02  3.1372e-01
 3.7015e-02  3.1372e-01
 3.7300e-02  3.1372e-01
 3.7588e-02  3.1372e-01
 3.7878e-02  3.1372e-01
 3.8170e-02  3.1372e-01
 3.8464e-02  3.1372e-01
 3.8761e-02  3.1372e-01
 3.9060e-02  3.1372e-01
 3.9361e-02  3.1372e-01
 3.9664e-02  3.1372e-01
 3.9970e-02  3.1372e-01
 4.0278e-02  3.1372e-01
 4.0589e-02  3.1372e-01
 4.0902e-02  3.1372e-01
 4.1217e-02  3.1372e-01
 4.1535e-02  3.1372e-01
 4.1855e-02  3.1372e-01
 4.2178e-02  3.1372e-01
 4.2503e-02  3.1372e-01
 4.2831e-02  3.1372e-01
 4.3161e-02  3.1372e-01
 4.3494e-02  3.1372e-01
 4.3829e-02  3.1372e-01
 4.4167e-02  3.1372e-01
 4.4507e-02  3.1372e-01
 4.4851e-02  3.1372e-01
 4.5196e-02  3.1372e-01
 4.5545e-02  3.1372e-01
 4.5896e-02  3.1372e-01
 4.6250e-02  3.1372e-01
 4.6606e-02  3.1372e-01
 4.6966e-02  3.1372e-01
 4.7328e-02  3.1372e-01
 4.7693e-02  3.1372e-01
 4.8060e-02  3.1372e-01
 4.8431e-02  3.1372e-01
 4.8804e-02  3.1372e-01
 4.9181e-02  3.1372e-01
 4.9560e-02  3.1372e-01
 4.9942e-02  3.1372e-01
 5.0327e-02  3.1372e-01
 5.0715e-02  3.1372e-01
 5.1106e-02  3.1372e-01
 5.1500e-02  3.1372e-01
 5.1897e-02  3.1372e-01
 5.2297e-02  3.1372e-01
 5.2700e-02  3.1372e-01
 5.3107e-02  3.1372e-01
 5.3516e-02  3.1372e-01
 5.3929e-02  3.1372e-01
 5.4345e-02  3.1372e-01
 5.4764e-02  3.1372e-01
 5.5186e-02  3.1372e-01
 5.5611e-02  3.1372e-01
 5.6040e-02  3.1372e-01
 5.6472e-02  3.1372e-01
 5.6908e-02  3.1372e-01
 5.7346e-02  3.1372e-01
 5.7788e-02  3.1372e-01
 5.8234e-02  3.1372e-01
 5.8683e-02  3.1372e-01
 5.9135e-02  3.1372e-01
 5.9591e-02  3.1372e-01
 6.0051e-02  3.1372e-01
 6.0514e-02  3.1372e-01
 6.0980e-02  3.1372e-01
 6.1451e-02  3.1372e-01
 6.1924e-02  3.1372e-01
 6.2402e-02  3.1372e-01
 6.2883e-02  3.1372e-01
 6.3368e-02  3.1372e-01
 6.3856e-02  3.1372e-01
 6.4349e-02  3.1372e-01
 6.4845e-02  3.1372e-01
 6.5345e-02  3.1372e-01
 6.5848e-02  3.1372e-01
 6.6356e-02  3.1372e-01
 6.6868e-02  3.1372e-01
 6.7383e-02  3.1372e-01
 6.7903e-02  3.1372e-01
 6.8426e-02  3.1372e-01
 6.8954e-02  3.1372e-01
 6.9486e-02  3.1372e-01
 7.0021e-02  3.1372e-01
 7.0561e-02  3.1372e-01
 7.1105e-02  3.1372e-01
 7.1653e-02  3.1372e-01
 7.2206e-02  3.1372e-01
 7.2763e-02  3.1372e-01
 7.3324e-02  3.1372e-01
 7.3889e-02  3.1372e-01
 7.4459e-02  3.1372e-01
 7.5033e-02  3.1372e-01
 7.5611e-02  3.1372e-01
 7.6194e-02  3.1372e-01
 7.6782e-02  3.1372e-01
 7.7374e-02  3.1372e-01
 7.7970e-02  3.1372e-01
 7.8571e-02  3.1372e-01
 7.9177e-02  3.1372e-01
 7.9787e-02  3.1372e-01
 8.0403e-02  3.1372e-01
 8.1023e-02  3.1372e-01
 8.1647e-02  3.1372e-01
 8.2277e-02  3.1372e-01
 8.2911e-02  3.1372e-01
 8.3550e-02  3.1372e-01
 8.4194e-02  3.1372e-01
 8.4844e-02  3.1372e-01
 8.5498e-02  3.1372e-01
 8.6157e-02  3.1372e-01
 8.6821e-02  3.1372e-01
 8.7491e-02  3.1372e-01
 8.8165e-02  3.1372e-01
 8.8845e-02  3.1372e-01
 8.9530e-02  3.1372e-01
 9.0220e-02  3.1372e-01
 9.0916e-02  3.1372e-01
 9.1617e-02  3.1372e-01
 9.2323e-02  3.1372e-01
 9.3035e-02  3.1372e-01
 9.3752e-02  3.1372e-01
 9.4475e-02  3.1372e-01
 9.5203e-02  3.1372e-01
 9.5937e-02  3.1372e-01
 9.6677e-02  3.1372e-01
 9.7422e-02  3.1372e-01
 9.8174e-02  3.1372e-01
 9.8931e-02  3.1372e-01
 9.9693e-02  3.1372e-01
 1.0046e-01  3.1372e-01
 1.0124e-01  3.1372e-01
 1.0202e-01  3.1372e-01
 1.0280e-01  3.1372e-01
 1.0360e-01  3.1372e-01
 1.0439e-01  3.1372e-01
 1.0520e-01  3.1372e-01
 1.0601e-01  3.1372e-01
 1.0683e-01  3.1372e-01
 1.0765e-01  3.1372e-01
 1.0848e-01  3.1372e-01
 1.0932e-01  3.1372e-01
 1.1016e-01  3.1372e-01
 1.1101e-01  3.1372e-01
 1.1187e-01  3.1372e-01
 1.1273e-01  3.1372e-01
 1.1360e-01  3.1372e-01
 1.1447e-01  3.1372e-01
 1.1536e-01  3.1372e-01
 1.1625e-01  3.1372e-01
 1.1714e-01  3.1372e-01
 1.1805e-01  3.1372e-01
 1.1896e-01  3.1372e-01
 1.1987e-01  3.1372e-01
 1.2080e-01  3.1372e-01
 1.2173e-01  3.1372e-01
 1.2267e-01  3.1372e-01
 1.2361e-01  3.1372e-01
 1.2457e-01  3.1372e-01
 1.2553e-01  3.1372e-01
 1.2649e-01  3.1372e-01
 1.2747e-01  3.1372e-01
 1.2845e-01  3.1372e-01
 1.2944e-01  3.1372e-01
 1.3044e-01  3.1372e-01
 1.3145e-01  3.1372e-01
 1.3246e-01  3.1372e-01
 1.3348e-01  3.1372e-01
 1.3451e-01  3.1372e-01
 1.3555e-01  3.1372e-01
 1.3659e-01  3.1372e-01
 1.3764e-01  3.1372e-01
 1.3871e-01  3.1372e-01
 1.3978e-01  3.1372e-01
 1.4085e-01  3.1372e-01
 1.4194e-01  3.1372e-01
 1.4303e-01  3.1372e-01
 1.4414e-01  3.1372e-01
 1.4525e-01  3.1372e-01
 1.4637e-01  3.1372e-01
 1.4750e-01  3.1372e-01
 1.4863e-01  3.1372e-01
 1.4978e-01  3.1372e-01
 1.5093e-01  3.1372e-01
 1.5210e-01  3.1372e-01
 1.5327e-01  3.1372e-01
 1.5445e-01  3.1372e-01
 1.5564e-01  3.1372e-01
 1.5684e-01  3.1372e-01
 1.5805e-01  3.1372e-01
 1.5927e-01  3.1372e-01
 1.6050e-01  3.1372e-01
 1.6174e-01  3.1372e-01
 1.6298e-01  3.1372e-01
 1.6424e-01  3.1372e-01
 1.6551e-01  3.1372e-01
 1.6678e-01  3.1372e-01
 1.6807e-01  3.1372e-01
 1.6936e-01  3.1372e-01
 1.7067e-01  3.1372e-01
 1.7198e-01  3.1372e-01
 1.7331e-01  3.1372e-01
 1.7465e-01  3.1372e-01
 1.7599e-01  3.1372e-01
 1.7735e-01  3.1372e-01
 1.7872e-01  3.1372e-01
 1.8010e-01  3.1372e-01
 1.8148e-01  3.1372e-01
 1.8288e-01  3.1372e-01
 1.8429e-01  3.1372e-01
 1.8571e-01  3.1372e-01
 1.8715e-01  3.1364e-01
 1.8859e-01  3.1343e-01
 1.9004e-01  3.1329e-01
 1.9151e-01  3.1316e-01
 1.9299e-01  3.1304e-01
 1.9447e-01  3.1292e-01
 1.9597e-01  3.1280e-01
 1.9748e-01  3.1268e-01
 1.9901e-01  3.1256e-01
 2.0054e-01  3.1244e-01
 2.0209e-01  3.1232e-01
 2.0364e-01  3.1219e-01
 2.0521e-01  3.1207e-01
 2.0680e-01  3.1195e-01
 2.0839e-01  3.1183e-01
 2.1000e-01  3.1170e-01
 2.1162e-01  3.0372e-01
 2.1325e-01  2.9245e-01
 2.1489e-01  2.8629e-01
 2.1655e-01  2.8172e-01
 2.1822e-01  2.7802e-01
 2.1990e-01  2.7488e-01
 2.2160e-01  2.7216e-01
 2.2331e-01  2.6975e-01
 2.2503e-01  2.6759e-01
 2.2676e-01  2.6563e-01
 2.2851e-01  2.6384e-01
 2.3027e-01  2.6220e-01
 2.3205e-01  2.6068e-01
 2.3384e-01  2.5927e-01
 2.3564e-01  2.5795e-01
 2.3746e-01  2.5672e-01
 2.3929e-01  2.5557e-01
 2.4113e-01  2.5449e-01
 2.4299e-01  2.5346e-01
 2.4486e-01  2.5250e-01
 2.4675e-01  2.5159e-01
 2.4865e-01  2.5072e-01
 2.5057e-01  2.4990e-01
 2.5250e-01  2.4912e-01
 2.5445e-01  2.4838e-01
 2.5641e-01  2.4767e-01
 2.5839e-01  2.4700e-01
 2.6038e-01  2.4635e-01
 2.6239e-01  2.4574e-01
 2.6441e-01  2.4515e-01
 2.6645e-01  2.4459e-01
 2.6851e-01  2.4405e-01
 2.7058e-01  2.4353e-01
 2.7266e-01  2.4303e-01
 2.7476e-01  2.4255e-01
 2.7688e-01  2.4209e-01
 2.7902e-01  2.4165e-01
 2.8117e-01  2.4123e-01
 2.8334e-01  2.4081e-01
 2.8552e-01  2.4040e-01
 2.8772e-01  2.4001e-01
 2.8994e-01  2.3962e-01
 2.9218e-01  2.3925e-01
 2.9443e-01  2.3889e-01
 2.9670e-01  2.3854e-01
 2.9899e-01  2.3819e-01
 3.0129e-01  2.3786e-01
 3.0361e-01  2.3754e-01
 3.0595e-01  2.3722e-01
 3.0831e-01  2.3691e-01
 3.1069e-01  2.3661e-01
 3.1309e-01  2.3632e-01
 3.1550e-01  2.3604e-01
 3.1793e-01  2.3576e-01
 3.2038e-01  2.3549e-01
 3.2285e-01  2.3522e-01
 3.2534e-01  2.3497e-01
 3.2785e-01  2.3471e-01
 3.3038e-01  2.3447e-01
 3.3293e-01  2.3423e-01
 3.3549e-01  2.3399e-01
 3.3808e-01  2.3376e-01
 3.4069e-01  2.3353e-01
 3.4331e-01  2.3331e-01
 3.4596e-01  2.3310e-01
 3.4863e-01  2.3288e-01
 3.5132e-01  2.3268e-01
 3.5402e-01  2.3247e-01
 3.5675e-01  2.3227e-01
 3.5950e-01  2.3208e-01
 3.6228e-01  2.3188e-01
 3.6507e-01  2.3169e-01
 3.6788e-01  2.3151e-01
 3.7072e-01  2.3132e-01
 3.7358e-01  2.3114e-01
 3.7646e-01  2.3097e-01
 3.7936e-01  2.3079e-01
 3.8229e-01  2.3062e-01
 3.8523e-01  2.3045e-01
 3.8820e-01  2.3028e-01
 3.9120e-01  2.3011e-01
 3.9421e-01  2.2994e-01
 3.9725e-01  2.2977e-01
 4.0031e-01  2.2961e-01
 4.0340e-01  2.2944e-01
 4.0651e-01  2.2928e-01
 4.0965e-01  2.2912e-01
 4.1280e-01  2.2897e-01
 4.1599e-01  2.2881e-01
 4.1919e-01  2.2865e-01
 4.2243e-01  2.2850e-01
 4.2568e-01  2.2835e-01
 4.2896e-01  2.2819e-01
 4.3227e-01  2.2804e-01
 4.3560e-01  2.2789e-01
 4.3896e-01  2.2773e-01
 4.4235e-01  2.2758e-01
 4.4576e-01  2.2743e-01
 4.4920e-01  2.2727e-01
 4.5266e-01  2.2712e-01
 4.5615e-01  2.2696e-01
 4.5967e-01  2.2681e-01
 4.6321e-01  2.2665e-01
 4.6678e-01  2.2649e-01
 4.7038e-01  2.2632e-01
 4.7401e-01  2.2616e-01
 4.7766e-01  2.2599e-01
 4.8134e-01  2.2582e-01
 4.8505e-01  2.2565e-01
 4.8879e-01  2.2547e-01
 4.9256e-01  2.2529e-01
 4.9636e-01  2.2510e-01
 5.0019e-01  2.2491e-01
 5.0404e-01  2.2471e-01
 5.0793e-01  2.2451e-01
 5.1185e-01  2.2430e-01
 5.1579e-01  2.2409e-01
 5.1977e-01  2.2387e-01
 5.2378e-01  2.2364e-01
 5.2781e-01  2.2340e-01
 5.3188e-01  2.2315e-01
 5.3599e-01  2.2289e-01
 5.4012e-01  2.2262e-01
 5.4428e-01  2.2234e-01
 5.4848e-01  2.2205e-01
 5.5271e-01  2.2174e-01
 5.5697e-01  2.2142e-01
 5.6126e-01  2.2108e-01
 5.6559e-01  2.2072e-01
 5.6995e-01  2.2034e-01
 5.7434e-01  2.1995e-01
 5.7877e-01  2.1953e-01
 5.8324e-01  2.1908e-01
 5.8773e-01  2.1861e-01
 5.9226e-01  2.1810e-01
 5.9683e-01  2.1757e-01
 6.0143e-01  2.1699e-01
 6.0607e-01  2.1638e-01
 6.1074e-01  2.1573e-01
 6.1545e-01  2.1503e-01
 6.2020e-01  2.1427e-01
 6.2498e-01  2.1346e-01
 6.2980e-01  2.1259e-01
 6.3465e-01  2.1165e-01
 6.3954e-01  2.1063e-01
 6.4448e-01  2.0953e-01
 6.4944e-01  2.0834e-01
 6.5445e-01  2.0706e-01
 6.5950e-01  2.0567e-01
 6.6458e-01  2.0416e-01
 6.6971e-01  2.0254e-01
 6.7487e-01  2.0078e-01
 6.8007e-01  1.9889e-01
 6.8532e-01  1.9685e-01
 6.9060e-01  1.9467e-01
 6.9592e-01  1.9234e-01
 7.0129e-01  1.8985e-01
 7.0670e-01  1.8723e-01
 7.1214e-01  1.8446e-01
 7.1764e-01  1.8156e-01
 7.2317e-01  1.7855e-01
 7.2874e-01  1.7541e-01
 7.3436e-01  1.7213e-01
 7.4002e-01  1.6860e-01
 7.4573e-01  1.6459e-01
 7.5148e-01  1.5958e-01
 7.5727e-01  1.5241e-01
 7.6311e-01  1.4043e-01
 7.6900e-01  1.1779e-01
 7.7492e-01  7.5269e-02
 7.8090e-01  2.9122e-02
 7.8692e-01  4.4616e-02
 7.9299e-01  9.1665e-02
 7.9910e-01  1.2569e-01
 8.0526e-01  1.4552e-01
 8.1147e-01  1.5800e-01
 8.1773e-01  1.6663e-01
 8.2403e-01  1.7305e-01
 8.3039e-01  1.7811e-01
 8.3679e-01  1.8222e-01
 8.4324e-01  1.8567e-01
 8.4974e-01  1.8860e-01
 8.5629e-01  1.9110e-01
 8.6289e-01  1.9325e-01
 8.6955e-01  1.9509e-01
 8.7625e-01  1.9665e-01
 8.8301e-01  1.9795e-01
 8.8981e-01  1.9902e-01
 8.9668e-01  1.9978e-01
 9.0359e-01  2.0029e-01
 9.1056e-01  2.0066e-01
 9.1758e-01  2.0088e-01
 9.2465e-01  2.0099e-01
 9.3178e-01  2.0099e-01
 9.3896e-01  2.0090e-01
 9.4620e-01  2.0073e-01
 9.5350e-01  2.0048e-01
 9.6085e-01  2.0018e-01
 9.6826e-01  1.9983e-01
 9.7572e-01  1.9947e-01
 9.8325e-01  1.9911e-01
 9.9083e-01  1.9883e-01
 9.9847e-01  1.9785e-01
 1.0062e+00  1.9758e-01
 1.0139e+00  1.9285e-01
 1.0217e+00  1.5685e-01
 1.0296e+00  1.8429e-01
 1.0376e+00  1.8788e-01
 1.0456e+00  1.8873e-01
 1.0536e+00  1.8882e-01
 1.0617e+00  1.8863e-01
 1.0699e+00  1.8830e-01
 1.0782e+00  1.8792e-01
 1.0865e+00  1.8750e-01
 1.0949e+00  1.8709e-01
 1.1033e+00  1.8669e-01
 1.1118e+00  1.8631e-01
 1.1204e+00  1.8596e-01
 1.1290e+00  1.8563e-01
 1.1377e+00  1.8532e-01
 1.1465e+00  1.8503e-01
 1.1553e+00  1.8476e-01
 1.1642e+00  1.8450e-01
 1.1732e+00  1.8424e-01
 1.1823e+00  1.8399e-01
 1.1914e+00  1.8373e-01
 1.2006e+00  1.8348e-01
 1.2098e+00  1.8322e-01
 1.2192e+00  1.8299e-01
 1.2286e+00  1.8277e-01
 1.2380e+00  1.8259e-01
 1.2476e+00  1.8245e-01
 1.2572e+00  1.8235e-01
 1.2669e+00  1.8229e-01
 1.2766e+00  1.8227e-01
 1.2865e+00  1.8231e-01
 1.2964e+00  1.8240e-01
 1.3064e+00  1.8255e-01
 1.3165e+00  1.8277e-01
 1.3266e+00  1.8304e-01
 1.3369e+00  1.8335e-01
 1.3472e+00  1.8370e-01
 1.3575e+00  1.8407e-01
 1.3680e+00  1.8444e-01
 1.3786e+00  1.8480e-01
 1.3892e+00  1.8513e-01
 1.3999e+00  1.8543e-01
 1.4107e+00  1.8571e-01
 1.4216e+00  1.8595e-01
 1.4325e+00  1.8619e-01
 1.4436e+00  1.8639e-01
 1.4547e+00  1.8654e-01
 1.4659e+00  1.8660e-01
 1.4772e+00  1.8661e-01
 1.4886e+00  1.8555e-01
 1.5001e+00  1.8438e-01
 1.5117e+00  1.8364e-01
 1.5233e+00  1.8295e-01
 1.5351e+00  1.8230e-01
 1.5469e+00  1.8163e-01
 1.5588e+00  1.8086e-01
 1.5708e+00  1.8004e-01
 1.5829e+00  1.7928e-01
 1.5952e+00  1.7872e-01
 1.6074e+00  1.7847e-01
 1.6198e+00  1.7857e-01
 1.6323e+00  1.7900e-01
 1.6449e+00  1.7893e-01
 1.6576e+00  1.7879e-01
 1.6704e+00  1.7882e-01
 1.6833e+00  1.7892e-01
 1.6962e+00  1.7900e-01
 1.7093e+00  1.7895e-01
 1.7225e+00  1.7892e-01
 1.7358e+00  1.7887e-01
 1.7492e+00  1.7887e-01
 1.7626e+00  1.7897e-01
 1.7762e+00  1.7917e-01
 1.7899e+00  1.7948e-01
 1.8037e+00  1.7990e-01
 1.8176e+00  1.8040e-01
 1.8316e+00  1.8095e-01
 1.8458e+00  1.8150e-01
 1.8600e+00  1.8201e-01
 1.8743e+00  1.8242e-01
 1.8888e+00  1.8270e-01
 1.9034e+00  1.8279e-01
 1.9180e+00  1.8267e-01
 1.9328e+00  1.8232e-01
 1.9477e+00  1.8175e-01
 1.9627e+00  1.8098e-01
 1.9779e+00  1.8043e-01
 1.9931e+00  1.8060e-01
 2.0085e+00  1.8107e-01
 2.0240e+00  1.8107e-01
 2.0396e+00  1.8107e-01
 2.0553e+00  1.8107e-01
 2.0711e+00  1.8107e-01
 2.0871e+00  1.8107e-01
 2.1032e+00  1.8106e-01
 2.1194e+00  1.8106e-01
 2.1358e+00  1.8106e-01
 2.1522e+00  1.8106e-01
 2.1688e+00  1.8106e-01
 2.1855e+00  1.8106e-01
 2.2024e+00  1.8106e-01
 2.2194e+00  1.8106e-01
 2.2365e+00  1.8106e-01
 2.2537e+00  1.8106e-01
 2.2711e+00  1.8105e-01
 2.2886e+00  1.8105e-01
 2.3063e+00  1.8105e-01
 2.3240e+00  1.8105e-01
 2.3420e+00  1.8105e-01
 2.3600e+00  1.8105e-01
 2.3782e+00  1.8105e-01
 2.3965e+00  1.8105e-01
 2.4150e+00  1.8105e-01
 2.4336e+00  1.8105e-01
 2.4524e+00  1.8105e-01
 2.4713e+00  1.8104e-01
 2.4904e+00  1.8104e-01
 2.5096e+00  1.8104e-01
 2.5289e+00  1.8104e-01
 2.5484e+00  1.7960e-01
 2.5681e+00  1.7678e-01
 2.5879e+00  1.7528e-01
 2.6078e+00  1.7414e-01
 2.6279e+00  1.7321e-01
 2.6482e+00  1.7241e-01
 2.6686e+00  1.7171e-01
 2.6892e+00  1.7108e-01
 2.7099e+00  1.7051e-01
 2.7308e+00  1.6999e-01
 2.7519e+00  1.6951e-01
 2.7731e+00  1.6906e-01
 2.7945e+00  1.6865e-01
 2.8160e+00  1.6826e-01
 2.8377e+00  1.6789e-01
 2.8596e+00  1.6755e-01
 2.8816e+00  1.6723e-01
 2.9039e+00  1.6692e-01
 2.9262e+00  1.6663e-01
 2.9488e+00  1.6635e-01
 2.9715e+00  1.6609e-01
 2.9945e+00  1.6584e-01
 3.0175e+00  1.6560e-01
 3.0408e+00  1.6537e-01
 3.0643e+00  1.6515e-01
 3.0879e+00  1.6494e-01
 3.1117e+00  1.6474e-01
 3.1357e+00  1.6455e-01
 3.1598e+00  1.6437e-01
 3.1842e+00  1.6419e-01
 3.2088e+00  1.6402e-01
 3.2335e+00  1.6385e-01
 3.2584e+00  1.6370e-01
 3.2836e+00  1.6354e-01
 3.3089e+00  1.6340e-01
 3.3344e+00  1.6325e-01
 3.3601e+00  1.6312e-01
 3.3860e+00  1.6299e-01
 3.4121e+00  1.6286e-01
 3.4384e+00  1.6273e-01
 3.4649e+00  1.6261e-01
 3.4916e+00  1.6250e-01
 3.5186e+00  1.6239e-01
 3.5457e+00  1.6228e-01
 3.5730e+00  1.5805e-01
 3.6006e+00  1.5579e-01
 3.6283e+00  1.5421e-01
 3.6563e+00  1.5294e-01
 3.6845e+00  1.5187e-01
 3.7129e+00  1.5094e-01
 3.7415e+00  1.5011e-01
 3.7704e+00  1.4937e-01
 3.7994e+00  1.4869e-01
 3.8287e+00  1.4806e-01
 3.8583e+00  1.4749e-01
 3.8880e+00  1.4696e-01
 3.9180e+00  1.4646e-01
 3.9482e+00  1.4599e-01
 3.9786e+00  1.4556e-01
 4.0093e+00  1.4515e-01
 4.0402e+00  1.4476e-01
 4.0714e+00  1.4439e-01
 4.1028e+00  1.4405e-01
 4.1344e+00  1.4372e-01
 4.1663e+00  1.4341e-01
 4.1984e+00  1.4311e-01
 4.2308e+00  1.4283e-01
 4.2634e+00  1.4256e-01
 4.2962e+00  1.4230e-01
 4.3294e+00  1.4206e-01
 4.3627e+00  1.4182e-01
 4.3964e+00  1.4160e-01
 4.4303e+00  1.4138e-01
 4.4644e+00  1.4118e-01
 4.4989e+00  1.4098e-01
 4.5335e+00  1.4079e-01
 4.5685e+00  1.4061e-01
 4.6037e+00  1.4043e-01
 4.6392e+00  1.4027e-01
 4.6750e+00  1.4010e-01
 4.7110e+00  1.3995e-01
 4.7473e+00  1.3980e-01
 4.7839e+00  1.3966e-01
 4.8208e+00  1.3952e-01
 4.8580e+00  1.3938e-01
 4.8955e+00  1.3925e-01
 4.9332e+00  1.3913e-01
 4.9712e+00  1.3901e-01
 5.0096e+00  1.3889e-01
 5.0482e+00  1.3878e-01
 5.0871e+00  1.3867e-01
 5.1263e+00  1.3857e-01
 5.1659e+00  1.3847e-01
 5.2057e+00  1.3837e-01
 5.2458e+00  1.3827e-01
 5.2863e+00  1.3818e-01
 5.3270e+00  1.3810e-01
 5.3681e+00  1.3801e-01
 5.4095e+00  1.3793e-01
 5.4512e+00  1.3785e-01
 5.4932e+00  1.3777e-01
 5.5356e+00  1.3769e-01
 5.5782e+00  1.3762e-01
 5.6213e+00  1.3755e-01
 5.6646e+00  1.3748e-01
 5.7083e+00  1.3742e-01
 5.7523e+00  1.3735e-01
 5.7966e+00  1.3729e-01
 5.8413e+00  1.3723e-01
 5.8864e+00  1.3717e-01
 5.9317e+00  1.3711e-01
 5.9775e+00  1.3706e-01
 6.0236e+00  1.3700e-01
 6.0700e+00  1.3695e-01
 6.1168e+00  1.3690e-01
 6.1640e+00  1.3685e-01
 6.2115e+00  1.3680e-01
 6.2594e+00  1.3676e-01
 6.3076e+00  1.3671e-01
 6.3563e+00  1.3667e-01
 6.4053e+00  1.3663e-01
 6.4547e+00  1.3659e-01
 6.5044e+00  1.3655e-01
 6.5546e+00  1.3651e-01
 6.6051e+00  1.3647e-01
 6.6560e+00  1.3643e-01
 6.7074e+00  1.3639e-01
 6.7591e+00  1.3636e-01
 6.8112e+00  1.3633e-01
 6.8637e+00  1.3629e-01
 6.9166e+00  1.3626e-01
 6.9699e+00  1.3623e-01
 7.0237e+00  1.3620e-01
 7.0778e+00  1.3617e-01
 7.1324e+00  1.3614e-01
 7.1874e+00  1.3611e-01
 7.2428e+00  1.3608e-01
 7.2986e+00  1.3606e-01
 7.3549e+00  1.3603e-01
 7.4116e+00  1.3601e-01
 7.4688e+00  1.3598e-01
 7.5263e+00  1.3596e-01
 7.5844e+00  1.3593e-01
 7.6429e+00  1.3591e-01
 7.7018e+00  1.3589e-01
 7.7612e+00  1.3587e-01
 7.8210e+00  1.3585e-01
 7.8813e+00  1.3582e-01
 7.9421e+00  1.3580e-01
 8.0033e+00  1.3579e-01
 8.0650e+00  1.3577e-01
 8.1272e+00  1.3575e-01
 8.1898e+00  1.3573e-01
 8.2530e+00  1.3571e-01
 8.3166e+00  1.3569e-01
 8.3807e+00  1.3565e-01
 8.4454e+00  1.3560e-01
 8.5105e+00  1.3556e-01
 8.5761e+00  1.3552e-01
 8.6422e+00  1.3548e-01
 8.7088e+00  1.3545e-01
 8.7760e+00  1.3541e-01
 8.8436e+00  1.3537e-01
 8.9118e+00  1.3533e-01
 8.9805e+00  1.3530e-01
 9.0498e+00  1.3526e-01
 9.1195e+00  1.3523e-01
 9.1899e+00  1.3519e-01
 9.2607e+00  1.3516e-01
 9.3321e+00  1.3512e-01
 9.4041e+00  1.3509e-01
 9.4766e+00  1.3505e-01
 9.5496e+00  1.3502e-01
 9.6233e+00  1.3498e-01
 9.6975e+00  1.3495e-01
 9.7722e+00  1.3492e-01
 9.8476e+00  1.3488e-01
 9.9235e+00  1.3485e-01
 1.0000e+01  1.3482e-01
