 0.0000e+00  0.0000e+00
 3.0030e-03  0.0000e+00
 6.0060e-03  0.0000e+00
 9.0090e-03  0.0000e+00
 1.2012e-02  0.0000e+00
 1.5015e-02  0.0000e+00
 1.8018e-02  0.0000e+00
 2.1021e-02  0.0000e+00
 2.4024e-02  0.0000e+00
 2.7027e-02  0.0000e+00
 3.0030e-02  0.0000e+00
 3.3033e-02  0.0000e+00
 3.6036e-02  0.0000e+00
 3.9039e-02  0.0000e+00
 4.2042e-02  0.0000e+00
 4.5045e-02  0.0000e+00
 4.8048e-02  0.0000e+00
 5.1051e-02  0.0000e+00
 5.4054e-02  0.0000e+00
 5.7057e-02  0.0000e+00
 6.0060e-02  0.0000e+00
 6.3063e-02  0.0000e+00
 6.6066e-02  0.0000e+00
 6.9069e-02  0.0000e+00
 7.2072e-02  0.0000e+00
 7.5075e-02  0.0000e+00
 7.8078e-02  0.0000e+00
 8.1081e-02  0.0000e+00
 8.4084e-02  0.0000e+00
 8.7087e-02  0.0000e+00
 9.0090e-02  0.0000e+00
 9.3093e-02  0.0000e+00
 9.6096e-02  0.0000e+00
 9.9099e-02  0.0000e+00
 1.0210e-01  0.0000e+00
 1.0511e-01  0.0000e+00
 1.0811e-01  0.0000e+00
 1.1111e-01  0.0000e+00
 1.1411e-01  0.0000e+00
 1.1712e-01  0.0000e+00
 1.2012e-01  0.0000e+00
 1.2312e-01  0.0000e+00
 1.2613e-01  0.0000e+00
 1.2913e-01  0.0000e+00
 1.3213e-01  0.0000e+00
 1.3514e-01  0.0000e+00
 1.3814e-01  0.0000e+00
 1.4114e-01  0.0000e+00
 1.4414e-01  0.0000e+00
 1.4715e-01  0.0000e+00
 1.5015e-01  0.0000e+00
 1.5315e-01  0.0000e+00
 1.5616e-01  0.0000e+00
 1.5916e-01  0.0000e+00
 1.6216e-01  0.0000e+00
 1.6517e-01  0.0000e+00
 1.6817e-01  0.0000e+00
 1.7117e-01  0.0000e+00
 1.7417e-01  0.0000e+00
 1.7718e-01  0.0000e+00
 1.8018e-01  0.0000e+00
 1.8318e-01  0.0000e+00
 1.8619e-01  0.0000e+00
 1.8919e-01  0.0000e+00
 1.9219e-01  0.0000e+00
 1.9520e-01  0.0000e+00
 1.9820e-01  0.0000e+00
 2.0120e-01  0.0000e+00
 2.0420e-01  0.0000e+00
 2.0721e-01  0.0000e+00
 2.1021e-01  0.0000e+00
 2.1321e-01  1.7112e-03
 2.1622e-01  6.8507e-03
 2.1922e-01  1.3515e-02
 2.2222e-01  2.1091e-02
 2.2523e-01  2.9237e-02
 2.2823e-01  3.7729e-02
 2.3123e-01  4.6411e-02
 2.3423e-01  5.5170e-02
 2.3724e-01  6.3923e-02
 2.4024e-01  7.2607e-02
 2.4324e-01  8.1176e-02
 2.4625e-01  8.9597e-02
 2.4925e-01  9.7845e-02
 2.5225e-01  1.0590e-01
 2.5526e-01  1.1376e-01
 2.5826e-01  1.2140e-01
 2.6126e-01  1.2883e-01
 2.6426e-01  1.3605e-01
 2.6727e-01  1.4304e-01
 2.7027e-01  1.4983e-01
 2.7327e-01  1.5640e-01
 2.7628e-01  1.6277e-01
 2.7928e-01  1.6893e-01
 2.8228e-01  1.7490e-01
 2.8529e-01  1.8068e-01
 2.8829e-01  1.8627e-01
 2.9129e-01  1.9168e-01
 2.9429e-01  1.9692e-01
 2.9730e-01  2.0199e-01
 3.0030e-01  2.0689e-01
 3.0330e-01  2.1165e-01
 3.0631e-01  2.1625e-01
 3.0931e-01  2.2070e-01
 3.1231e-01  2.2502e-01
 3.1532e-01  2.2920e-01
 3.1832e-01  2.3325e-01
 3.2132e-01  2.3718e-01
 3.2432e-01  2.4098e-01
 3.2733e-01  2.4467e-01
 3.3033e-01  2.4825e-01
 3.3333e-01  2.5173e-01
 3.3634e-01  2.5510e-01
 3.3934e-01  2.5837e-01
 3.4234e-01  2.6154e-01
 3.4535e-01  2.6463e-01
 3.4835e-01  2.6762e-01
 3.5135e-01  2.7053e-01
 3.5435e-01  2.7336e-01
 3.5736e-01  2.7610e-01
 3.6036e-01  2.7878e-01
 3.6336e-01  2.8137e-01
 3.6637e-01  2.8390e-01
 3.6937e-01  2.8636e-01
 3.7237e-01  2.8875e-01
 3.7538e-01  2.9108e-01
 3.7838e-01  2.9335e-01
 3.8138e-01  2.9556e-01
 3.8438e-01  2.9771e-01
 3.8739e-01  2.9980e-01
 3.9039e-01  3.0184e-01
 3.9339e-01  3.0383e-01
 3.9640e-01  3.0577e-01
 3.9940e-01  3.0766e-01
 4.0240e-01  3.0951e-01
 4.0541e-01  3.1131e-01
 4.0841e-01  3.1306e-01
 4.1141e-01  3.1478e-01
 4.1441e-01  3.1645e-01
 4.1742e-01  3.1808e-01
 4.2042e-01  3.1968e-01
 4.2342e-01  3.2123e-01
 4.2643e-01  3.2275e-01
 4.2943e-01  3.2424e-01
 4.3243e-01  3.2569e-01
 4.3544e-01  3.2711e-01
 4.3844e-01  3.2850e-01
 4.4144e-01  3.2985e-01
 4.4444e-01  3.3118e-01
 4.4745e-01  3.3248e-01
 4.5045e-01  3.3375e-01
 4.5345e-01  3.3499e-01
 4.5646e-01  3.3620e-01
 4.5946e-01  3.3739e-01
 4.6246e-01  3.3855e-01
 4.6547e-01  3.3969e-01
 4.6847e-01  3.4081e-01
 4.7147e-01  3.4190e-01
 4.7447e-01  3.4297e-01
 4.7748e-01  3.4402e-01
 4.8048e-01  3.4505e-01
 4.8348e-01  3.4605e-01
 4.8649e-01  3.4704e-01
 4.8949e-01  3.4800e-01
 4.9249e-01  3.4895e-01
 4.9550e-01  3.4988e-01
 4.9850e-01  3.5079e-01
 5.0150e-01  3.5168e-01
 5.0450e-01  3.5256e-01
 5.0751e-01  3.5342e-01
 5.1051e-01  3.5426e-01
 5.1351e-01  3.5509e-01
 5.1652e-01  3.5590e-01
 5.1952e-01  3.5669e-01
 5.2252e-01  3.5748e-01
 5.2553e-01  3.5824e-01
 5.2853e-01  3.5900e-01
 5.3153e-01  3.5974e-01
 5.3453e-01  3.6046e-01
 5.3754e-01  3.6118e-01
 5.4054e-01  3.6188e-01
 5.4354e-01  3.6256e-01
 5.4655e-01  3.6324e-01
 5.4955e-01  3.6390e-01
 5.5255e-01  3.6456e-01
 5.5556e-01  3.6520e-01
 5.5856e-01  3.6583e-01
 5.6156e-01  3.6645e-01
 5.6456e-01  3.6706e-01
 5.6757e-01  3.6766e-01
 5.7057e-01  3.6825e-01
 5.7357e-01  3.6882e-01
 5.7658e-01  3.6939e-01
 5.7958e-01  3.6995e-01
 5.8258e-01  3.7051e-01
 5.8559e-01  3.7105e-01
 5.8859e-01  3.7158e-01
 5.9159e-01  3.7210e-01
 5.9459e-01  3.7262e-01
 5.9760e-01  3.7313e-01
 6.0060e-01  3.7363e-01
 6.0360e-01  3.7412e-01
 6.0661e-01  3.7461e-01
 6.0961e-01  3.7508e-01
 6.1261e-01  3.7555e-01
 6.1562e-01  3.7601e-01
 6.1862e-01  3.7647e-01
 6.2162e-01  3.7692e-01
 6.2462e-01  3.7736e-01
 6.2763e-01  3.7779e-01
 6.3063e-01  3.7822e-01
 6.3363e-01  3.7864e-01
 6.3664e-01  3.7906e-01
 6.3964e-01  3.7947e-01
 6.4264e-01  3.7987e-01
 6.4565e-01  3.8027e-01
 6.4865e-01  3.8066e-01
 6.5165e-01  3.8105e-01
 6.5465e-01  3.8143e-01
 6.5766e-01  3.8180e-01
 6.6066e-01  3.8217e-01
 6.6366e-01  3.8254e-01
 6.6667e-01  3.8289e-01
 6.6967e-01  3.8325e-01
 6.7267e-01  3.8360e-01
 6.7568e-01  3.8394e-01
 6.7868e-01  3.8428e-01
 6.8168e-01  3.8462e-01
 6.8468e-01  3.8495e-01
 6.8769e-01  3.8527e-01
 6.9069e-01  3.8559e-01
 6.9369e-01  3.8591e-01
 6.9670e-01  3.8622e-01
 6.9970e-01  3.8653e-01
 7.0270e-01  3.8684e-01
 7.0571e-01  3.8714e-01
 7.0871e-01  3.8743e-01
 7.1171e-01  3.8773e-01
 7.1471e-01  3.8801e-01
 7.1772e-01  3.8830e-01
 7.2072e-01  3.8858e-01
 7.2372e-01  3.8886e-01
 7.2673e-01  3.8913e-01
 7.2973e-01  3.8940e-01
 7.3273e-01  3.8967e-01
 7.3574e-01  3.8993e-01
 7.3874e-01  3.9019e-01
 7.4174e-01  3.9045e-01
 7.4474e-01  3.9070e-01
 7.4775e-01  3.9095e-01
 7.5075e-01  3.9120e-01
 7.5375e-01  3.9145e-01
 7.5676e-01  3.9169e-01
 7.5976e-01  3.9193e-01
 7.6276e-01  3.9216e-01
 7.6577e-01  3.9239e-01
 7.6877e-01  3.9262e-01
 7.7177e-01  3.9285e-01
 7.7477e-01  3.9307e-01
 7.7778e-01  3.9330e-01
 7.8078e-01  3.9352e-01
 7.8378e-01  3.9373e-01
 7.8679e-01  3.9395e-01
 7.8979e-01  3.9416e-01
 7.9279e-01  3.9437e-01
 7.9580e-01  3.9457e-01
 7.9880e-01  3.9478e-01
 8.0180e-01  3.9498e-01
 8.0480e-01  3.9518e-01
 8.0781e-01  3.9537e-01
 8.1081e-01  3.9557e-01
 8.1381e-01  3.9576e-01
 8.1682e-01  3.9595e-01
 8.1982e-01  3.9614e-01
 8.2282e-01  3.9633e-01
 8.2583e-01  3.9651e-01
 8.2883e-01  3.9669e-01
 8.3183e-01  3.9687e-01
 8.3483e-01  3.9705e-01
 8.3784e-01  3.9722e-01
 8.4084e-01  3.9740e-01
 8.4384e-01  3.9757e-01
 8.4685e-01  3.9774e-01
 8.4985e-01  3.9791e-01
 8.5285e-01  3.9808e-01
 8.5586e-01  3.9824e-01
 8.5886e-01  3.9840e-01
 8.6186e-01  3.9856e-01
 8.6486e-01  3.9872e-01
 8.6787e-01  3.9888e-01
 8.7087e-01  3.9904e-01
 8.7387e-01  3.9919e-01
 8.7688e-01  3.9934e-01
 8.7988e-01  3.9950e-01
 8.8288e-01  3.9965e-01
 8.8589e-01  3.9979e-01
 8.8889e-01  3.9994e-01
 8.9189e-01  4.0008e-01
 8.9489e-01  4.0023e-01
 8.9790e-01  4.0037e-01
 9.0090e-01  4.0051e-01
 9.0390e-01  4.0065e-01
 9.0691e-01  4.0079e-01
 9.0991e-01  4.0092e-01
 9.1291e-01  4.0106e-01
 9.1592e-01  4.0119e-01
 9.1892e-01  4.0132e-01
 9.2192e-01  4.0146e-01
 9.2492e-01  4.0158e-01
 9.2793e-01  4.0171e-01
 9.3093e-01  4.0184e-01
 9.3393e-01  4.0197e-01
 9.3694e-01  4.0209e-01
 9.3994e-01  4.0221e-01
 9.4294e-01  4.0234e-01
 9.4595e-01  4.0246e-01
 9.4895e-01  4.0258e-01
 9.5195e-01  4.0269e-01
 9.5495e-01  4.0281e-01
 9.5796e-01  4.0293e-01
 9.6096e-01  4.0304e-01
 9.6396e-01  4.0316e-01
 9.6697e-01  4.0327e-01
 9.6997e-01  4.0338e-01
 9.7297e-01  4.0349e-01
 9.7598e-01  4.0360e-01
 9.7898e-01  4.0371e-01
 9.8198e-01  4.0382e-01
 9.8498e-01  4.0393e-01
 9.8799e-01  4.0403e-01
 9.9099e-01  4.0414e-01
 9.9399e-01  4.0424e-01
 9.9700e-01  4.0434e-01
 1.0000e+00  4.0445e-01
 1.0030e+00  4.0455e-01
 1.0060e+00  4.0465e-01
 1.0090e+00  4.0475e-01
 1.0120e+00  4.0484e-01
 1.0150e+00  4.0494e-01
 1.0180e+00  4.0504e-01
 1.0210e+00  4.0513e-01
 1.0240e+00  4.0523e-01
 1.0270e+00  4.0532e-01
 1.0300e+00  4.0541e-01
 1.0330e+00  4.0551e-01
 1.0360e+00  4.0560e-01
 1.0390e+00  4.0569e-01
 1.0420e+00  4.0578e-01
 1.0450e+00  4.0587e-01
 1.0480e+00  4.0596e-01
 1.0511e+00  4.0604e-01
 1.0541e+00  4.0613e-01
 1.0571e+00  4.0622e-01
 1.0601e+00  4.0630e-01
 1.0631e+00  4.0639e-01
 1.0661e+00  4.0647e-01
 1.0691e+00  4.0655e-01
 1.0721e+00  4.0663e-01
 1.0751e+00  4.0672e-01
 1.0781e+00  4.0680e-01
 1.0811e+00  4.0688e-01
 1.0841e+00  4.0696e-01
 1.0871e+00  4.0704e-01
 1.0901e+00  4.0711e-01
 1.0931e+00  4.0719e-01
 1.0961e+00  4.0727e-01
 1.0991e+00  4.0735e-01
 1.1021e+00  4.0742e-01
 1.1051e+00  4.0750e-01
 1.1081e+00  4.0757e-01
 1.1111e+00  4.0764e-01
 1.1141e+00  4.0772e-01
 1.1171e+00  4.0779e-01
 1.1201e+00  4.0786e-01
 1.1231e+00  4.0793e-01
 1.1261e+00  4.0800e-01
 1.1291e+00  4.0807e-01
 1.1321e+00  4.0814e-01
 1.1351e+00  4.0821e-01
 1.1381e+00  4.0828e-01
 1.1411e+00  4.0835e-01
 1.1441e+00  4.0842e-01
 1.1471e+00  4.0848e-01
 1.1502e+00  4.0855e-01
 1.1532e+00  4.0862e-01
 1.1562e+00  4.0868e-01
 1.1592e+00  4.0875e-01
 1.1622e+00  4.0881e-01
 1.1652e+00  4.0887e-01
 1.1682e+00  4.0894e-01
 1.1712e+00  4.0900e-01
 1.1742e+00  4.0906e-01
 1.1772e+00  4.0912e-01
 1.1802e+00  4.0919e-01
 1.1832e+00  4.0925e-01
 1.1862e+00  4.0931e-01
 1.1892e+00  4.0937e-01
 1.1922e+00  4.0943e-01
 1.1952e+00  4.0949e-01
 1.1982e+00  4.0954e-01
 1.2012e+00  4.0960e-01
 1.2042e+00  4.0966e-01
 1.2072e+00  4.0972e-01
 1.2102e+00  4.0977e-01
 1.2132e+00  4.0983e-01
 1.2162e+00  4.0989e-01
 1.2192e+00  4.0994e-01
 1.2222e+00  4.1000e-01
 1.2252e+00  4.1005e-01
 1.2282e+00  4.1011e-01
 1.2312e+00  4.1016e-01
 1.2342e+00  4.1021e-01
 1.2372e+00  4.1027e-01
 1.2402e+00  4.1032e-01
 1.2432e+00  4.1037e-01
 1.2462e+00  4.1042e-01
 1.2492e+00  4.1048e-01
 1.2523e+00  4.1053e-01
 1.2553e+00  4.1058e-01
 1.2583e+00  4.1063e-01
 1.2613e+00  4.1068e-01
 1.2643e+00  4.1073e-01
 1.2673e+00  4.1078e-01
 1.2703e+00  4.1083e-01
 1.2733e+00  4.1088e-01
 1.2763e+00  4.1092e-01
 1.2793e+00  4.1097e-01
 1.2823e+00  4.1102e-01
 1.2853e+00  4.1107e-01
 1.2883e+00  4.1111e-01
 1.2913e+00  4.1116e-01
 1.2943e+00  4.1121e-01
 1.2973e+00  4.1125e-01
 1.3003e+00  4.1130e-01
 1.3033e+00  4.1134e-01
 1.3063e+00  4.1139e-01
 1.3093e+00  4.1143e-01
 1.3123e+00  4.1148e-01
 1.3153e+00  4.1152e-01
 1.3183e+00  4.1157e-01
 1.3213e+00  4.1161e-01
 1.3243e+00  4.1165e-01
 1.3273e+00  4.1170e-01
 1.3303e+00  4.1174e-01
 1.3333e+00  4.1178e-01
 1.3363e+00  4.1182e-01
 1.3393e+00  4.1186e-01
 1.3423e+00  4.1191e-01
 1.3453e+00  4.1195e-01
 1.3483e+00  4.1199e-01
 1.3514e+00  4.1203e-01
 1.3544e+00  4.1207e-01
 1.3574e+00  4.1211e-01
 1.3604e+00  4.1215e-01
 1.3634e+00  4.1219e-01
 1.3664e+00  4.1223e-01
 1.3694e+00  4.1227e-01
 1.3724e+00  4.1230e-01
 1.3754e+00  4.1234e-01
 1.3784e+00  4.1238e-01
 1.3814e+00  4.1242e-01
 1.3844e+00  4.1246e-01
 1.3874e+00  4.1249e-01
 1.3904e+00  4.1253e-01
 1.3934e+00  4.1257e-01
 1.3964e+00  4.1261e-01
 1.3994e+00  4.1264e-01
 1.4024e+00  4.1268e-01
 1.4054e+00  4.1271e-01
 1.4084e+00  4.1275e-01
 1.4114e+00  4.1279e-01
 1.4144e+00  4.1282e-01
 1.4174e+00  4.1286e-01
 1.4204e+00  4.1289e-01
 1.4234e+00  4.1293e-01
 1.4264e+00  4.1296e-01
 1.4294e+00  4.1299e-01
 1.4324e+00  4.1303e-01
 1.4354e+00  4.1306e-01
 1.4384e+00  4.1310e-01
 1.4414e+00  4.1313e-01
 1.4444e+00  4.1316e-01
 1.4474e+00  4.1320e-01
 1.4505e+00  4.1323e-01
 1.4535e+00  4.1326e-01
 1.4565e+00  4.1329e-01
 1.4595e+00  4.1333e-01
 1.4625e+00  4.1336e-01
 1.4655e+00  4.1339e-01
 1.4685e+00  4.1342e-01
 1.4715e+00  4.1345e-01
 1.4745e+00  4.1348e-01
 1.4775e+00  4.1351e-01
 1.4805e+00  4.1355e-01
 1.4835e+00  4.1358e-01
 1.4865e+00  4.1361e-01
 1.4895e+00  4.1364e-01
 1.4925e+00  4.1367e-01
 1.4955e+00  4.1370e-01
 1.4985e+00  4.1373e-01
 1.5015e+00  4.1376e-01
 1.5045e+00  4.1378e-01
 1.5075e+00  4.1381e-01
 1.5105e+00  4.1384e-01
 1.5135e+00  4.1387e-01
 1.5165e+00  4.1390e-01
 1.5195e+00  4.1393e-01
 1.5225e+00  4.1396e-01
 1.5255e+00  4.1399e-01
 1.5285e+00  4.1401e-01
 1.5315e+00  4.1404e-01
 1.5345e+00  4.1407e-01
 1.5375e+00  4.1410e-01
 1.5405e+00  4.1412e-01
 1.5435e+00  4.1415e-01
 1.5465e+00  4.1418e-01
 1.5495e+00  4.1420e-01
 1.5526e+00  4.1423e-01
 1.5556e+00  4.1426e-01
 1.5586e+00  4.1428e-01
 1.5616e+00  4.1431e-01
 1.5646e+00  4.1434e-01
 1.5676e+00  4.1436e-01
 1.5706e+00  4.1439e-01
 1.5736e+00  4.1441e-01
 1.5766e+00  4.1444e-01
 1.5796e+00  4.1446e-01
 1.5826e+00  4.1449e-01
 1.5856e+00  4.1451e-01
 1.5886e+00  4.1454e-01
 1.5916e+00  4.1456e-01
 1.5946e+00  4.1459e-01
 1.5976e+00  4.1461e-01
 1.6006e+00  4.1464e-01
 1.6036e+00  4.1466e-01
 1.6066e+00  4.1469e-01
 1.6096e+00  4.1471e-01
 1.6126e+00  4.1473e-01
 1.6156e+00  4.1476e-01
 1.6186e+00  4.1478e-01
 1.6216e+00  4.1480e-01
 1.6246e+00  4.1483e-01
 1.6276e+00  4.1485e-01
 1.6306e+00  4.1487e-01
 1.6336e+00  4.1490e-01
 1.6366e+00  4.1492e-01
 1.6396e+00  4.1494e-01
 1.6426e+00  4.1496e-01
 1.6456e+00  4.1499e-01
 1.6486e+00  4.1501e-01
 1.6517e+00  4.1503e-01
 1.6547e+00  4.1505e-01
 1.6577e+00  4.1507e-01
 1.6607e+00  4.1510e-01
 1.6637e+00  4.1512e-01
 1.6667e+00  4.1514e-01
 1.6697e+00  4.1516e-01
 1.6727e+00  4.1518e-01
 1.6757e+00  4.1520e-01
 1.6787e+00  4.1522e-01
 1.6817e+00  4.1524e-01
 1.6847e+00  4.1527e-01
 1.6877e+00  4.1529e-01
 1.6907e+00  4.1531e-01
 1.6937e+00  4.1533e-01
 1.6967e+00  4.1535e-01
 1.6997e+00  4.1537e-01
 1.7027e+00  4.1539e-01
 1.7057e+00  4.1541e-01
 1.7087e+00  4.1543e-01
 1.7117e+00  4.1545e-01
 1.7147e+00  4.1547e-01
 1.7177e+00  4.1549e-01
 1.7207e+00  4.1551e-01
 1.7237e+00  4.1553e-01
 1.7267e+00  4.1555e-01
 1.7297e+00  4.1556e-01
 1.7327e+00  4.1558e-01
 1.7357e+00  4.1560e-01
 1.7387e+00  4.1562e-01
 1.7417e+00  4.1564e-01
 1.7447e+00  4.1566e-01
 1.7477e+00  4.1568e-01
 1.7508e+00  4.1570e-01
 1.7538e+00  4.1571e-01
 1.7568e+00  4.1573e-01
 1.7598e+00  4.1575e-01
 1.7628e+00  4.1577e-01
 1.7658e+00  4.1579e-01
 1.7688e+00  4.1581e-01
 1.7718e+00  4.1582e-01
 1.7748e+00  4.1584e-01
 1.7778e+00  4.1586e-01
 1.7808e+00  4.1588e-01
 1.7838e+00  4.1589e-01
 1.7868e+00  4.1591e-01
 1.7898e+00  4.1593e-01
 1.7928e+00  4.1595e-01
 1.7958e+00  4.1596e-01
 1.7988e+00  4.1598e-01
 1.8018e+00  4.1600e-01
 1.8048e+00  4.1601e-01
 1.8078e+00  4.1603e-01
 1.8108e+00  4.1605e-01
 1.8138e+00  4.1606e-01
 1.8168e+00  4.1608e-01
 1.8198e+00  4.1610e-01
 1.8228e+00  4.1611e-01
 1.8258e+00  4.1613e-01
 1.8288e+00  4.1615e-01
 1.8318e+00  4.1616e-01
 1.8348e+00  4.1618e-01
 1.8378e+00  4.1619e-01
 1.8408e+00  4.1621e-01
 1.8438e+00  4.1623e-01
 1.8468e+00  4.1624e-01
 1.8498e+00  4.1626e-01
 1.8529e+00  4.1627e-01
 1.8559e+00  4.1629e-01
 1.8589e+00  4.1630e-01
 1.8619e+00  4.1627e-01
 1.8649e+00  4.1614e-01
 1.8679e+00  4.1594e-01
 1.8709e+00  4.1570e-01
 1.8739e+00  4.1543e-01
 1.8769e+00  4.1513e-01
 1.8799e+00  4.1480e-01
 1.8829e+00  4.1444e-01
 1.8859e+00  4.1407e-01
 1.8889e+00  4.1367e-01
 1.8919e+00  4.1325e-01
 1.8949e+00  4.1282e-01
 1.8979e+00  4.1237e-01
 1.9009e+00  4.1191e-01
 1.9039e+00  4.1143e-01
 1.9069e+00  4.1094e-01
 1.9099e+00  4.1043e-01
 1.9129e+00  4.0992e-01
 1.9159e+00  4.0940e-01
 1.9189e+00  4.0886e-01
 1.9219e+00  4.0832e-01
 1.9249e+00  4.0776e-01
 1.9279e+00  4.0720e-01
 1.9309e+00  4.0663e-01
 1.9339e+00  4.0605e-01
 1.9369e+00  4.0547e-01
 1.9399e+00  4.0488e-01
 1.9429e+00  4.0428e-01
 1.9459e+00  4.0368e-01
 1.9489e+00  4.0307e-01
 1.9520e+00  4.0246e-01
 1.9550e+00  4.0184e-01
 1.9580e+00  4.0122e-01
 1.9610e+00  4.0059e-01
 1.9640e+00  3.9996e-01
 1.9670e+00  3.9933e-01
 1.9700e+00  3.9869e-01
 1.9730e+00  3.9805e-01
 1.9760e+00  3.9741e-01
 1.9790e+00  3.9676e-01
 1.9820e+00  3.9611e-01
 1.9850e+00  3.9546e-01
 1.9880e+00  3.9481e-01
 1.9910e+00  3.9415e-01
 1.9940e+00  3.9350e-01
 1.9970e+00  3.9284e-01
 2.0000e+00  3.9218e-01
 2.0030e+00  3.9152e-01
 2.0060e+00  3.9086e-01
 2.0090e+00  3.9020e-01
 2.0120e+00  3.8953e-01
 2.0150e+00  3.8887e-01
 2.0180e+00  3.8820e-01
 2.0210e+00  3.8754e-01
 2.0240e+00  3.8687e-01
 2.0270e+00  3.8621e-01
 2.0300e+00  3.8554e-01
 2.0330e+00  3.8488e-01
 2.0360e+00  3.8421e-01
 2.0390e+00  3.8355e-01
 2.0420e+00  3.8289e-01
 2.0450e+00  3.8222e-01
 2.0480e+00  3.8156e-01
 2.0511e+00  3.8090e-01
 2.0541e+00  3.8023e-01
 2.0571e+00  3.7957e-01
 2.0601e+00  3.7891e-01
 2.0631e+00  3.7825e-01
 2.0661e+00  3.7760e-01
 2.0691e+00  3.7694e-01
 2.0721e+00  3.7628e-01
 2.0751e+00  3.7563e-01
 2.0781e+00  3.7497e-01
 2.0811e+00  3.7432e-01
 2.0841e+00  3.7367e-01
 2.0871e+00  3.7302e-01
 2.0901e+00  3.7237e-01
 2.0931e+00  3.7173e-01
 2.0961e+00  3.7108e-01
 2.0991e+00  3.7044e-01
 2.1021e+00  3.6980e-01
 2.1051e+00  3.6916e-01
 2.1081e+00  3.6852e-01
 2.1111e+00  3.6788e-01
 2.1141e+00  3.6725e-01
 2.1171e+00  3.6661e-01
 2.1201e+00  3.6598e-01
 2.1231e+00  3.6535e-01
 2.1261e+00  3.6473e-01
 2.1291e+00  3.6410e-01
 2.1321e+00  3.6348e-01
 2.1351e+00  3.6285e-01
 2.1381e+00  3.6223e-01
 2.1411e+00  3.6162e-01
 2.1441e+00  3.6100e-01
 2.1471e+00  3.6039e-01
 2.1502e+00  3.5978e-01
 2.1532e+00  3.5917e-01
 2.1562e+00  3.5856e-01
 2.1592e+00  3.5796e-01
 2.1622e+00  3.5735e-01
 2.1652e+00  3.5675e-01
 2.1682e+00  3.5615e-01
 2.1712e+00  3.5556e-01
 2.1742e+00  3.5496e-01
 2.1772e+00  3.5437e-01
 2.1802e+00  3.5378e-01
 2.1832e+00  3.5319e-01
 2.1862e+00  3.5261e-01
 2.1892e+00  3.5203e-01
 2.1922e+00  3.5144e-01
 2.1952e+00  3.5087e-01
 2.1982e+00  3.5029e-01
 2.2012e+00  3.4972e-01
 2.2042e+00  3.4914e-01
 2.2072e+00  3.4858e-01
 2.2102e+00  3.4801e-01
 2.2132e+00  3.4744e-01
 2.2162e+00  3.4688e-01
 2.2192e+00  3.4632e-01
 2.2222e+00  3.4576e-01
 2.2252e+00  3.4521e-01
 2.2282e+00  3.4465e-01
 2.2312e+00  3.4410e-01
 2.2342e+00  3.4355e-01
 2.2372e+00  3.4301e-01
 2.2402e+00  3.4246e-01
 2.2432e+00  3.4192e-01
 2.2462e+00  3.4138e-01
 2.2492e+00  3.4085e-01
 2.2523e+00  3.4031e-01
 2.2553e+00  3.3978e-01
 2.2583e+00  3.3925e-01
 2.2613e+00  3.3872e-01
 2.2643e+00  3.3820e-01
 2.2673e+00  3.3767e-01
 2.2703e+00  3.3715e-01
 2.2733e+00  3.3663e-01
 2.2763e+00  3.3612e-01
 2.2793e+00  3.3560e-01
 2.2823e+00  3.3509e-01
 2.2853e+00  3.3458e-01
 2.2883e+00  3.3407e-01
 2.2913e+00  3.3357e-01
 2.2943e+00  3.3306e-01
 2.2973e+00  3.3256e-01
 2.3003e+00  3.3206e-01
 2.3033e+00  3.3157e-01
 2.3063e+00  3.3107e-01
 2.3093e+00  3.3058e-01
 2.3123e+00  3.3009e-01
 2.3153e+00  3.2961e-01
 2.3183e+00  3.2912e-01
 2.3213e+00  3.2864e-01
 2.3243e+00  3.2816e-01
 2.3273e+00  3.2768e-01
 2.3303e+00  3.2720e-01
 2.3333e+00  3.2673e-01
 2.3363e+00  3.2625e-01
 2.3393e+00  3.2578e-01
 2.3423e+00  3.2532e-01
 2.3453e+00  3.2485e-01
 2.3483e+00  3.2439e-01
 2.3514e+00  3.2393e-01
 2.3544e+00  3.2347e-01
 2.3574e+00  3.2301e-01
 2.3604e+00  3.2255e-01
 2.3634e+00  3.2210e-01
 2.3664e+00  3.2165e-01
 2.3694e+00  3.2120e-01
 2.3724e+00  3.2075e-01
 2.3754e+00  3.2031e-01
 2.3784e+00  3.1987e-01
 2.3814e+00  3.1942e-01
 2.3844e+00  3.1899e-01
 2.3874e+00  3.1855e-01
 2.3904e+00  3.1811e-01
 2.3934e+00  3.1768e-01
 2.3964e+00  3.1725e-01
 2.3994e+00  3.1682e-01
 2.4024e+00  3.1639e-01
 2.4054e+00  3.1597e-01
 2.4084e+00  3.1555e-01
 2.4114e+00  3.1513e-01
 2.4144e+00  3.1471e-01
 2.4174e+00  3.1429e-01
 2.4204e+00  3.1387e-01
 2.4234e+00  3.1346e-01
 2.4264e+00  3.1305e-01
 2.4294e+00  3.1264e-01
 2.4324e+00  3.1223e-01
 2.4354e+00  3.1183e-01
 2.4384e+00  3.1142e-01
 2.4414e+00  3.1102e-01
 2.4444e+00  3.1062e-01
 2.4474e+00  3.1022e-01
 2.4505e+00  3.0982e-01
 2.4535e+00  3.0943e-01
 2.4565e+00  3.0904e-01
 2.4595e+00  3.0865e-01
 2.4625e+00  3.0826e-01
 2.4655e+00  3.0787e-01
 2.4685e+00  3.0748e-01
 2.4715e+00  3.0710e-01
 2.4745e+00  3.0672e-01
 2.4775e+00  3.0634e-01
 2.4805e+00  3.0596e-01
 2.4835e+00  3.0558e-01
 2.4865e+00  3.0520e-01
 2.4895e+00  3.0483e-01
 2.4925e+00  3.0446e-01
 2.4955e+00  3.0409e-01
 2.4985e+00  3.0372e-01
 2.5015e+00  3.0335e-01
 2.5045e+00  3.0299e-01
 2.5075e+00  3.0262e-01
 2.5105e+00  3.0226e-01
 2.5135e+00  3.0190e-01
 2.5165e+00  3.0154e-01
 2.5195e+00  3.0119e-01
 2.5225e+00  3.0083e-01
 2.5255e+00  3.0048e-01
 2.5285e+00  3.0012e-01
 2.5315e+00  2.9977e-01
 2.5345e+00  2.9943e-01
 2.5375e+00  2.9908e-01
 2.5405e+00  2.9873e-01
 2.5435e+00  2.9839e-01
 2.5465e+00  2.9804e-01
 2.5495e+00  2.9770e-01
 2.5526e+00  2.9736e-01
 2.5556e+00  2.9703e-01
 2.5586e+00  2.9669e-01
 2.5616e+00  2.9635e-01
 2.5646e+00  2.9602e-01
 2.5676e+00  2.9569e-01
 2.5706e+00  2.9536e-01
 2.5736e+00  2.9503e-01
 2.5766e+00  2.9470e-01
 2.5796e+00  2.9437e-01
 2.5826e+00  2.9405e-01
 2.5856e+00  2.9373e-01
 2.5886e+00  2.9340e-01
 2.5916e+00  2.9308e-01
 2.5946e+00  2.9277e-01
 2.5976e+00  2.9245e-01
 2.6006e+00  2.9213e-01
 2.6036e+00  2.9182e-01
 2.6066e+00  2.9150e-01
 2.6096e+00  2.9119e-01
 2.6126e+00  2.9088e-01
 2.6156e+00  2.9057e-01
 2.6186e+00  2.9026e-01
 2.6216e+00  2.8996e-01
 2.6246e+00  2.8965e-01
 2.6276e+00  2.8935e-01
 2.6306e+00  2.8905e-01
 2.6336e+00  2.8874e-01
 2.6366e+00  2.8844e-01
 2.6396e+00  2.8815e-01
 2.6426e+00  2.8785e-01
 2.6456e+00  2.8755e-01
 2.6486e+00  2.8726e-01
 2.6517e+00  2.8696e-01
 2.6547e+00  2.8667e-01
 2.6577e+00  2.8638e-01
 2.6607e+00  2.8609e-01
 2.6637e+00  2.8580e-01
 2.6667e+00  2.8552e-01
 2.6697e+00  2.8523e-01
 2.6727e+00  2.8495e-01
 2.6757e+00  2.8466e-01
 2.6787e+00  2.8438e-01
 2.6817e+00  2.8410e-01
 2.6847e+00  2.8382e-01
 2.6877e+00  2.8354e-01
 2.6907e+00  2.8326e-01
 2.6937e+00  2.8299e-01
 2.6967e+00  2.8271e-01
 2.6997e+00  2.8244e-01
 2.7027e+00  2.8217e-01
 2.7057e+00  2.8190e-01
 2.7087e+00  2.8163e-01
 2.7117e+00  2.8136e-01
 2.7147e+00  2.8109e-01
 2.7177e+00  2.8082e-01
 2.7207e+00  2.8056e-01
 2.7237e+00  2.8029e-01
 2.7267e+00  2.8003e-01
 2.7297e+00  2.7977e-01
 2.7327e+00  2.7951e-01
 2.7357e+00  2.7925e-01
 2.7387e+00  2.7899e-01
 2.7417e+00  2.7873e-01
 2.7447e+00  2.7847e-01
 2.7477e+00  2.7822e-01
 2.7508e+00  2.7796e-01
 2.7538e+00  2.7771e-01
 2.7568e+00  2.7746e-01
 2.7598e+00  2.7720e-01
 2.7628e+00  2.7695e-01
 2.7658e+00  2.7670e-01
 2.7688e+00  2.7646e-01
 2.7718e+00  2.7621e-01
 2.7748e+00  2.7596e-01
 2.7778e+00  2.7572e-01
 2.7808e+00  2.7547e-01
 2.7838e+00  2.7523e-01
 2.7868e+00  2.7499e-01
 2.7898e+00  2.7475e-01
 2.7928e+00  2.7451e-01
 2.7958e+00  2.7427e-01
 2.7988e+00  2.7403e-01
 2.8018e+00  2.7379e-01
 2.8048e+00  2.7356e-01
 2.8078e+00  2.7332e-01
 2.8108e+00  2.7309e-01
 2.8138e+00  2.7285e-01
 2.8168e+00  2.7262e-01
 2.8198e+00  2.7239e-01
 2.8228e+00  2.7216e-01
 2.8258e+00  2.7193e-01
 2.8288e+00  2.7170e-01
 2.8318e+00  2.7147e-01
 2.8348e+00  2.7125e-01
 2.8378e+00  2.7102e-01
 2.8408e+00  2.7079e-01
 2.8438e+00  2.7057e-01
 2.8468e+00  2.7035e-01
 2.8498e+00  2.7013e-01
 2.8529e+00  2.6990e-01
 2.8559e+00  2.6968e-01
 2.8589e+00  2.6946e-01
 2.8619e+00  2.6925e-01
 2.8649e+00  2.6903e-01
 2.8679e+00  2.6881e-01
 2.8709e+00  2.6860e-01
 2.8739e+00  2.6838e-01
 2.8769e+00  2.6817e-01
 2.8799e+00  2.6795e-01
 2.8829e+00  2.6774e-01
 2.8859e+00  2.6753e-01
 2.8889e+00  2.6732e-01
 2.8919e+00  2.6711e-01
 2.8949e+00  2.6690e-01
 2.8979e+00  2.6669e-01
 2.9009e+00  2.6648e-01
 2.9039e+00  2.6628e-01
 2.9069e+00  2.6607e-01
 2.9099e+00  2.6586e-01
 2.9129e+00  2.6566e-01
 2.9159e+00  2.6546e-01
 2.9189e+00  2.6525e-01
 2.9219e+00  2.6505e-01
 2.9249e+00  2.6485e-01
 2.9279e+00  2.6465e-01
 2.9309e+00  2.6445e-01
 2.9339e+00  2.6425e-01
 2.9369e+00  2.6405e-01
 2.9399e+00  2.6386e-01
 2.9429e+00  2.6366e-01
 2.9459e+00  2.6346e-01
 2.9489e+00  2.6327e-01
 2.9520e+00  2.6308e-01
 2.9550e+00  2.6288e-01
 2.9580e+00  2.6269e-01
 2.9610e+00  2.6250e-01
 2.9640e+00  2.6231e-01
 2.9670e+00  2.6212e-01
 2.9700e+00  2.6193e-01
 2.9730e+00  2.6174e-01
 2.9760e+00  2.6155e-01
 2.9790e+00  2.6136e-01
 2.9820e+00  2.6117e-01
 2.9850e+00  2.6099e-01
 2.9880e+00  2.6080e-01
 2.9910e+00  2.6062e-01
 2.9940e+00  2.6043e-01
 2.9970e+00  2.6025e-01
 3.0000e+00  2.6007e-01
