 1.0000e-03  0.0000e+00
 1.0093e-03  0.0000e+00
 1.0186e-03  0.0000e+00
 1.0280e-03  0.0000e+00
 1.0376e-03  0.0000e+00
 1.0472e-03  0.0000e+00
 1.0569e-03  0.0000e+00
 1.0667e-03  0.0000e+00
 1.0765e-03  0.0000e+00
 1.0865e-03  0.0000e+00
 1.0966e-03  0.0000e+00
 1.1067e-03  0.0000e+00
 1.1170e-03  0.0000e+00
 1.1273e-03  0.0000e+00
 1.1378e-03  0.0000e+00
 1.1483e-03  0.0000e+00
 1.1589e-03  0.0000e+00
 1.1697e-03  0.0000e+00
 1.1805e-03  0.0000e+00
 1.1915e-03  0.0000e+00
 1.2025e-03  0.0000e+00
 1.2136e-03  0.0000e+00
 1.2249e-03  0.0000e+00
 1.2362e-03  0.0000e+00
 1.2477e-03  0.0000e+00
 1.2592e-03  0.0000e+00
 1.2709e-03  0.0000e+00
 1.2826e-03  0.0000e+00
 1.2945e-03  0.0000e+00
 1.3065e-03  0.0000e+00
 1.3186e-03  0.0000e+00
 1.3308e-03  0.0000e+00
 1.3432e-03  0.0000e+00
 1.3556e-03  0.0000e+00
 1.3682e-03  0.0000e+00
 1.3808e-03  0.0000e+00
 1.3936e-03  0.0000e+00
 1.4065e-03  0.0000e+00
 1.4196e-03  0.0000e+00
 1.4327e-03  0.0000e+00
 1.4460e-03  0.0000e+00
 1.4594e-03  0.0000e+00
 1.4729e-03  0.0000e+00
 1.4865e-03  0.0000e+00
 1.5003e-03  0.0000e+00
 1.5142e-03  0.0000e+00
 1.5282e-03  0.0000e+00
 1.5424e-03  0.0000e+00
 1.5567e-03  0.0000e+00
 1.5711e-03  0.0000e+00
 1.5856e-03  0.0000e+00
 1.6003e-03  0.0000e+00
 1.6151e-03  0.0000e+00
 1.6301e-03  0.0000e+00
 1.6452e-03  0.0000e+00
 1.6604e-03  0.0000e+00
 1.6758e-03  0.0000e+00
 1.6913e-03  0.0000e+00
 1.7070e-03  0.0000e+00
 1.7228e-03  0.0000e+00
 1.7388e-03  0.0000e+00
 1.7549e-03  0.0000e+00
 1.7711e-03  0.0000e+00
 1.7875e-03  0.0000e+00
 1.8041e-03  0.0000e+00
 1.8208e-03  0.0000e+00
 1.8377e-03  0.0000e+00
 1.8547e-03  0.0000e+00
 1.8719e-03  0.0000e+00
 1.8892e-03  0.0000e+00
 1.9067e-03  0.0000e+00
 1.9244e-03  0.0000e+00
 1.9422e-03  0.0000e+00
 1.9602e-03  0.0000e+00
 1.9783e-03  0.0000e+00
 1.9966e-03  0.0000e+00
 2.0151e-03  0.0000e+00
 2.0338e-03  0.0000e+00
 2.0526e-03  0.0000e+00
 2.0716e-03  0.0000e+00
 2.0908e-03  0.0000e+00
 2.1102e-03  0.0000e+00
 2.1297e-03  0.0000e+00
 2.1495e-03  0.0000e+00
 2.1694e-03  0.0000e+00
 2.1895e-03  0.0000e+00
 2.2098e-03  0.0000e+00
 2.2302e-03  0.0000e+00
 2.2509e-03  0.0000e+00
 2.2717e-03  0.0000e+00
 2.2928e-03  0.0000e+00
 2.3140e-03  0.0000e+00
 2.3354e-03  0.0000e+00
 2.3571e-03  0.0000e+00
 2.3789e-03  0.0000e+00
 2.4009e-03  0.0000e+00
 2.4232e-03  0.0000e+00
 2.4456e-03  0.0000e+00
 2.4683e-03  0.0000e+00
 2.4911e-03  0.0000e+00
 2.5142e-03  0.0000e+00
 2.5375e-03  0.0000e+00
 2.5610e-03  0.0000e+00
 2.5847e-03  0.0000e+00
 2.6087e-03  0.0000e+00
 2.6328e-03  0.0000e+00
 2.6572e-03  0.0000e+00
 2.6818e-03  0.0000e+00
 2.7067e-03  0.0000e+00
 2.7317e-03  0.0000e+00
 2.7570e-03  0.0000e+00
 2.7826e-03  0.0000e+00
 2.8083e-03  0.0000e+00
 2.8343e-03  0.0000e+00
 2.8606e-03  0.0000e+00
 2.8871e-03  0.0000e+00
 2.9138e-03  0.0000e+00
 2.9408e-03  0.0000e+00
 2.9681e-03  0.0000e+00
 2.9955e-03  0.0000e+00
 3.0233e-03  0.0000e+00
 3.0513e-03  0.0000e+00
 3.0796e-03  0.0000e+00
 3.1081e-03  0.0000e+00
 3.1369e-03  0.0000e+00
 3.1659e-03  0.0000e+00
 3.1952e-03  0.0000e+00
 3.2248e-03  0.0000e+00
 3.2547e-03  0.0000e+00
 3.2849e-03  0.0000e+00
 3.3153e-03  0.0000e+00
 3.3460e-03  0.0000e+00
 3.3770e-03  0.0000e+00
 3.4083e-03  0.0000e+00
 3.4398e-03  0.0000e+00
 3.4717e-03  0.0000e+00
 3.5038e-03  0.0000e+00
 3.5363e-03  0.0000e+00
 3.5690e-03  0.0000e+00
 3.6021e-03  0.0000e+00
 3.6355e-03  0.0000e+00
 3.6691e-03  0.0000e+00
 3.7031e-03  0.0000e+00
 3.7374e-03  0.0000e+00
 3.7720e-03  0.0000e+00
 3.8070e-03  0.0000e+00
 3.8422e-03  0.0000e+00
 3.8778e-03  0.0000e+00
 3.9137e-03  0.0000e+00
 3.9500e-03  0.0000e+00
 3.9866e-03  0.0000e+00
 4.0235e-03  0.0000e+00
 4.0608e-03  0.0000e+00
 4.0984e-03  0.0000e+00
 4.1363e-03  0.0000e+00
 4.1747e-03  0.0000e+00
 4.2133e-03  0.0000e+00
 4.2523e-03  0.0000e+00
 4.2917e-03  0.0000e+00
 4.3315e-03  0.0000e+00
 4.3716e-03  0.0000e+00
 4.4121e-03  0.0000e+00
 4.4530e-03  0.0000e+00
 4.4942e-03  0.0000e+00
 4.5358e-03  0.0000e+00
 4.5778e-03  0.0000e+00
 4.6202e-03  0.0000e+00
 4.6630e-03  0.0000e+00
 4.7062e-03  0.0000e+00
 4.7498e-03  0.0000e+00
 4.7938e-03  0.0000e+00
 4.8382e-03  0.0000e+00
 4.8830e-03  0.0000e+00
 4.9282e-03  0.0000e+00
 4.9739e-03  0.0000e+00
 5.0200e-03  0.0000e+00
 5.0665e-03  0.0000e+00
 5.1134e-03  0.0000e+00
 5.1607e-03  0.0000e+00
 5.2085e-03  0.0000e+00
 5.2568e-03  0.0000e+00
 5.3055e-03  0.0000e+00
 5.3546e-03  0.0000e+00
 5.4042e-03  0.0000e+00
 5.4543e-03  0.0000e+00
 5.5048e-03  0.0000e+00
 5.5558e-03  0.0000e+00
 5.6072e-03  0.0000e+00
 5.6592e-03  0.0000e+00
 5.7116e-03  0.0000e+00
 5.7645e-03  0.0000e+00
 5.8179e-03  0.0000e+00
 5.8718e-03  0.0000e+00
 5.9262e-03  0.0000e+00
 5.9810e-03  0.0000e+00
 6.0364e-03  0.0000e+00
 6.0923e-03  0.0000e+00
 6.1488e-03  0.0000e+00
 6.2057e-03  0.0000e+00
 6.2632e-03  0.0000e+00
 6.3212e-03  0.0000e+00
 6.3798e-03  0.0000e+00
 6.4389e-03  0.0000e+00
 6.4985e-03  0.0000e+00
 6.5587e-03  0.0000e+00
 6.6194e-03  0.0000e+00
 6.6807e-03  0.0000e+00
 6.7426e-03  0.0000e+00
 6.8051e-03  0.0000e+00
 6.8681e-03  0.0000e+00
 6.9317e-03  0.0000e+00
 6.9959e-03  0.0000e+00
 7.0607e-03  0.0000e+00
 7.1261e-03  0.0000e+00
 7.1921e-03  0.0000e+00
 7.2587e-03  0.0000e+00
 7.3260e-03  0.0000e+00
 7.3938e-03  0.0000e+00
 7.4623e-03  0.0000e+00
 7.5314e-03  0.0000e+00
 7.6012e-03  0.0000e+00
 7.6716e-03  0.0000e+00
 7.7426e-03  0.0000e+00
 7.8144e-03  0.0000e+00
 7.8867e-03  0.0000e+00
 7.9598e-03  0.0000e+00
 8.0335e-03  0.0000e+00
 8.1079e-03  0.0000e+00
 8.1830e-03  0.0000e+00
 8.2588e-03  0.0000e+00
 8.3353e-03  0.0000e+00
 8.4125e-03  0.0000e+00
 8.4904e-03  0.0000e+00
 8.5691e-03  0.0000e+00
 8.6484e-03  0.0000e+00
 8.7285e-03  0.0000e+00
 8.8094e-03  0.0000e+00
 8.8910e-03  0.0000e+00
 8.9733e-03  0.0000e+00
 9.0564e-03  0.0000e+00
 9.1403e-03  0.0000e+00
 9.2250e-03  0.0000e+00
 9.3104e-03  0.0000e+00
 9.3966e-03  0.0000e+00
 9.4837e-03  0.0000e+00
 9.5715e-03  0.0000e+00
 9.6602e-03  0.0000e+00
 9.7496e-03  0.0000e+00
 9.8400e-03  0.0000e+00
 9.9311e-03  0.0000e+00
 1.0023e-02  0.0000e+00
 1.0116e-02  0.0000e+00
 1.0210e-02  0.0000e+00
 1.0304e-02  0.0000e+00
 1.0400e-02  0.0000e+00
 1.0496e-02  0.0000e+00
 1.0593e-02  0.0000e+00
 1.0691e-02  0.0000e+00
 1.0790e-02  0.0000e+00
 1.0890e-02  0.0000e+00
 1.0991e-02  0.0000e+00
 1.1093e-02  0.0000e+00
 1.1196e-02  0.0000e+00
 1.1299e-02  0.0000e+00
 1.1404e-02  0.0000e+00
 1.1510e-02  0.0000e+00
 1.1616e-02  0.0000e+00
 1.1724e-02  0.0000e+00
 1.1832e-02  0.0000e+00
 1.1942e-02  0.0000e+00
 1.2053e-02  0.0000e+00
 1.2164e-02  0.0000e+00
 1.2277e-02  0.0000e+00
 1.2391e-02  0.0000e+00
 1.2505e-02  0.0000e+00
 1.2621e-02  0.0000e+00
 1.2738e-02  0.0000e+00
 1.2856e-02  0.0000e+00
 1.2975e-02  0.0000e+00
 1.3095e-02  0.0000e+00
 1.3217e-02  0.0000e+00
 1.3339e-02  0.0000e+00
 1.3463e-02  0.0000e+00
 1.3587e-02  0.0000e+00
 1.3713e-02  0.0000e+00
 1.3840e-02  0.0000e+00
 1.3968e-02  0.0000e+00
 1.4098e-02  0.0000e+00
 1.4228e-02  0.0000e+00
 1.4360e-02  0.0000e+00
 1.4493e-02  0.0000e+00
 1.4627e-02  0.0000e+00
 1.4763e-02  0.0000e+00
 1.4900e-02  0.0000e+00
 1.5038e-02  0.0000e+00
 1.5177e-02  0.0000e+00
 1.5317e-02  0.0000e+00
 1.5459e-02  0.0000e+00
 1.5602e-02  0.0000e+00
 1.5747e-02  0.0000e+00
 1.5893e-02  0.0000e+00
 1.6040e-02  0.0000e+00
 1.6189e-02  0.0000e+00
 1.6339e-02  0.0000e+00
 1.6490e-02  0.0000e+00
 1.6643e-02  0.0000e+00
 1.6797e-02  0.0000e+00
 1.6952e-02  0.0000e+00
 1.7109e-02  0.0000e+00
 1.7268e-02  0.0000e+00
 1.7428e-02  0.0000e+00
 1.7589e-02  0.0000e+00
 1.7752e-02  0.0000e+00
 1.7917e-02  0.0000e+00
 1.8082e-02  0.0000e+00
 1.8250e-02  0.0000e+00
 1.8419e-02  0.0000e+00
 1.8590e-02  0.0000e+00
 1.8762e-02  0.0000e+00
 1.8936e-02  0.0000e+00
 1.9111e-02  0.0000e+00
 1.9288e-02  0.0000e+00
 1.9467e-02  0.0000e+00
 1.9647e-02  0.0000e+00
 1.9829e-02  0.0000e+00
 2.0012e-02  0.0000e+00
 2.0198e-02  0.0000e+00
 2.0385e-02  0.0000e+00
 2.0574e-02  0.0000e+00
 2.0764e-02  0.0000e+00
 2.0957e-02  0.0000e+00
 2.1151e-02  0.0000e+00
 2.1347e-02  0.0000e+00
 2.1544e-02  0.0000e+00
 2.1744e-02  0.0000e+00
 2.1945e-02  0.0000e+00
 2.2149e-02  0.0000e+00
 2.2354e-02  0.0000e+00
 2.2561e-02  0.0000e+00
 2.2770e-02  0.0000e+00
 2.2981e-02  0.0000e+00
 2.3193e-02  0.0000e+00
 2.3408e-02  0.0000e+00
 2.3625e-02  0.0000e+00
 2.3844e-02  0.0000e+00
 2.4065e-02  0.0000e+00
 2.4288e-02  0.0000e+00
 2.4513e-02  0.0000e+00
 2.4740e-02  0.0000e+00
 2.4969e-02  0.0000e+00
 2.5200e-02  0.0000e+00
 2.5433e-02  0.0000e+00
 2.5669e-02  0.0000e+00
 2.5907e-02  0.0000e+00
 2.6147e-02  0.0000e+00
 2.6389e-02  0.0000e+00
 2.6633e-02  0.0000e+00
 2.6880e-02  0.0000e+00
 2.7129e-02  0.0000e+00
 2.7380e-02  0.0000e+00
 2.7634e-02  0.0000e+00
 2.7890e-02  0.0000e+00
 2.8148e-02  0.0000e+00
 2.8409e-02  0.0000e+00
 2.8672e-02  0.0000e+00
 2.8938e-02  0.0000e+00
 2.9206e-02  0.0000e+00
 2.9476e-02  0.0000e+00
 2.9749e-02  0.0000e+00
 3.0025e-02  0.0000e+00
 3.0303e-02  0.0000e+00
 3.0583e-02  0.0000e+00
 3.0867e-02  0.0000e+00
 3.1153e-02  0.0000e+00
 3.1441e-02  0.0000e+00
 3.1732e-02  0.0000e+00
 3.2026e-02  0.0000e+00
 3.2323e-02  0.0000e+00
 3.2622e-02  0.0000e+00
 3.2924e-02  0.0000e+00
 3.3229e-02  0.0000e+00
 3.3537e-02  0.0000e+00
 3.3848e-02  0.0000e+00
 3.4161e-02  0.0000e+00
 3.4478e-02  0.0000e+00
 3.4797e-02  0.0000e+00
 3.5119e-02  0.0000e+00
 3.5445e-02  0.0000e+00
 3.5773e-02  0.0000e+00
 3.6104e-02  0.0000e+00
 3.6439e-02  0.0000e+00
 3.6776e-02  0.0000e+00
 3.7117e-02  0.0000e+00
 3.7461e-02  0.0000e+00
 3.7807e-02  0.0000e+00
 3.8158e-02  0.0000e+00
 3.8511e-02  0.0000e+00
 3.8868e-02  0.0000e+00
 3.9228e-02  0.0000e+00
 3.9591e-02  0.0000e+00
 3.9958e-02  0.0000e+00
 4.0328e-02  0.0000e+00
 4.0701e-02  0.0000e+00
 4.1078e-02  0.0000e+00
 4.1459e-02  0.0000e+00
 4.1843e-02  0.0000e+00
 4.2230e-02  0.0000e+00
 4.2622e-02  0.0000e+00
 4.3016e-02  0.0000e+00
 4.3415e-02  0.0000e+00
 4.3817e-02  0.0000e+00
 4.4223e-02  0.0000e+00
 4.4632e-02  0.0000e+00
 4.5046e-02  0.0000e+00
 4.5463e-02  0.0000e+00
 4.5884e-02  0.0000e+00
 4.6309e-02  0.0000e+00
 4.6738e-02  0.0000e+00
 4.7171e-02  0.0000e+00
 4.7608e-02  0.0000e+00
 4.8049e-02  0.0000e+00
 4.8494e-02  0.0000e+00
 4.8943e-02  0.0000e+00
 4.9396e-02  0.0000e+00
 4.9854e-02  0.0000e+00
 5.0315e-02  0.0000e+00
 5.0782e-02  0.0000e+00
 5.1252e-02  0.0000e+00
 5.1727e-02  0.0000e+00
 5.2206e-02  0.0000e+00
 5.2689e-02  0.0000e+00
 5.3177e-02  0.0000e+00
 5.3670e-02  0.0000e+00
 5.4167e-02  0.0000e+00
 5.4669e-02  0.0000e+00
 5.5175e-02  0.0000e+00
 5.5686e-02  0.0000e+00
 5.6202e-02  0.0000e+00
 5.6722e-02  0.0000e+00
 5.7248e-02  0.0000e+00
 5.7778e-02  0.0000e+00
 5.8313e-02  0.0000e+00
 5.8853e-02  0.0000e+00
 5.9398e-02  0.0000e+00
 5.9948e-02  0.0000e+00
 6.0504e-02  0.0000e+00
 6.1064e-02  0.0000e+00
 6.1630e-02  0.0000e+00
 6.2200e-02  0.0000e+00
 6.2777e-02  0.0000e+00
 6.3358e-02  0.0000e+00
 6.3945e-02  0.0000e+00
 6.4537e-02  0.0000e+00
 6.5135e-02  0.0000e+00
 6.5738e-02  0.0000e+00
 6.6347e-02  0.0000e+00
 6.6962e-02  0.0000e+00
 6.7582e-02  0.0000e+00
 6.8208e-02  0.0000e+00
 6.8840e-02  0.0000e+00
 6.9477e-02  0.0000e+00
 7.0121e-02  0.0000e+00
 7.0770e-02  0.0000e+00
 7.1426e-02  0.0000e+00
 7.2087e-02  0.0000e+00
 7.2755e-02  0.0000e+00
 7.3429e-02  0.0000e+00
 7.4109e-02  0.0000e+00
 7.4795e-02  0.0000e+00
 7.5488e-02  0.0000e+00
 7.6187e-02  0.0000e+00
 7.6893e-02  0.0000e+00
 7.7605e-02  0.0000e+00
 7.8324e-02  0.0000e+00
 7.9049e-02  0.0000e+00
 7.9781e-02  0.0000e+00
 8.0520e-02  0.0000e+00
 8.1266e-02  0.0000e+00
 8.2019e-02  0.0000e+00
 8.2779e-02  0.0000e+00
 8.3545e-02  0.0000e+00
 8.4319e-02  0.0000e+00
 8.5100e-02  0.0000e+00
 8.5888e-02  0.0000e+00
 8.6684e-02  0.0000e+00
 8.7487e-02  0.0000e+00
 8.8297e-02  0.0000e+00
 8.9115e-02  0.0000e+00
 8.9940e-02  0.0000e+00
 9.0773e-02  0.0000e+00
 9.1614e-02  0.0000e+00
 9.2463e-02  0.0000e+00
 9.3319e-02  0.0000e+00
 9.4183e-02  0.0000e+00
 9.5056e-02  0.0000e+00
 9.5936e-02  0.0000e+00
 9.6825e-02  0.0000e+00
 9.7721e-02  0.0000e+00
 9.8627e-02  0.0000e+00
 9.9540e-02  0.0000e+00
 1.0046e-01  0.0000e+00
 1.0139e-01  0.0000e+00
 1.0233e-01  0.0000e+00
 1.0328e-01  0.0000e+00
 1.0424e-01  0.0000e+00
 1.0520e-01  0.0000e+00
 1.0618e-01  0.0000e+00
 1.0716e-01  0.0000e+00
 1.0815e-01  0.0000e+00
 1.0915e-01  0.0000e+00
 1.1016e-01  0.0000e+00
 1.1118e-01  0.0000e+00
 1.1221e-01  0.0000e+00
 1.1325e-01  0.0000e+00
 1.1430e-01  0.0000e+00
 1.1536e-01  0.0000e+00
 1.1643e-01  0.0000e+00
 1.1751e-01  0.0000e+00
 1.1860e-01  0.0000e+00
 1.1970e-01  0.0000e+00
 1.2080e-01  0.0000e+00
 1.2192e-01  0.0000e+00
 1.2305e-01  0.0000e+00
 1.2419e-01  0.0000e+00
 1.2534e-01  0.0000e+00
 1.2650e-01  0.0000e+00
 1.2768e-01  0.0000e+00
 1.2886e-01  0.0000e+00
 1.3005e-01  0.0000e+00
 1.3126e-01  0.0000e+00
 1.3247e-01  0.0000e+00
 1.3370e-01  0.0000e+00
 1.3494e-01  0.0000e+00
 1.3619e-01  0.0000e+00
 1.3745e-01  0.0000e+00
 1.3872e-01  0.0000e+00
 1.4001e-01  0.0000e+00
 1.4130e-01  0.0000e+00
 1.4261e-01  0.0000e+00
 1.4393e-01  0.0000e+00
 1.4527e-01  0.0000e+00
 1.4661e-01  0.0000e+00
 1.4797e-01  0.0000e+00
 1.4934e-01  0.0000e+00
 1.5072e-01  0.0000e+00
 1.5212e-01  0.0000e+00
 1.5353e-01  0.0000e+00
 1.5495e-01  0.0000e+00
 1.5638e-01  0.0000e+00
 1.5783e-01  0.0000e+00
 1.5930e-01  0.0000e+00
 1.6077e-01  0.0000e+00
 1.6226e-01  0.0000e+00
 1.6376e-01  0.0000e+00
 1.6528e-01  0.0000e+00
 1.6681e-01  0.0000e+00
 1.6836e-01  0.0000e+00
 1.6991e-01  0.0000e+00
 1.7149e-01  0.0000e+00
 1.7308e-01  0.0000e+00
 1.7468e-01  0.0000e+00
 1.7630e-01  0.0000e+00
 1.7793e-01  0.0000e+00
 1.7958e-01  0.0000e+00
 1.8124e-01  0.0000e+00
 1.8292e-01  0.0000e+00
 1.8461e-01  0.0000e+00
 1.8632e-01  0.0000e+00
 1.8805e-01  0.0000e+00
 1.8979e-01  0.0000e+00
 1.9155e-01  0.0000e+00
 1.9332e-01  0.0000e+00
 1.9511e-01  0.0000e+00
 1.9692e-01  0.0000e+00
 1.9875e-01  0.0000e+00
 2.0059e-01  0.0000e+00
 2.0244e-01  0.0000e+00
 2.0432e-01  0.0000e+00
 2.0621e-01  0.0000e+00
 2.0812e-01  0.0000e+00
 2.1005e-01  0.0000e+00
 2.1200e-01  0.0000e+00
 2.1396e-01  0.0000e+00
 2.1594e-01  0.0000e+00
 2.1794e-01  0.0000e+00
 2.1996e-01  0.0000e+00
 2.2200e-01  0.0000e+00
 2.2405e-01  0.0000e+00
 2.2613e-01  0.0000e+00
 2.2822e-01  0.0000e+00
 2.3034e-01  0.0000e+00
 2.3247e-01  0.0000e+00
 2.3462e-01  0.0000e+00
 2.3680e-01  0.0000e+00
 2.3899e-01  0.0000e+00
 2.4120e-01  0.0000e+00
 2.4344e-01  0.0000e+00
 2.4569e-01  0.0000e+00
 2.4797e-01  0.0000e+00
 2.5026e-01  0.0000e+00
 2.5258e-01  0.0000e+00
 2.5492e-01  0.0000e+00
 2.5728e-01  0.0000e+00
 2.5967e-01  0.0000e+00
 2.6207e-01  0.0000e+00
 2.6450e-01  0.0000e+00
 2.6695e-01  0.0000e+00
 2.6942e-01  0.0000e+00
 2.7192e-01  0.0000e+00
 2.7443e-01  0.0000e+00
 2.7698e-01  0.0000e+00
 2.7954e-01  0.0000e+00
 2.8213e-01  0.0000e+00
 2.8474e-01  0.0000e+00
 2.8738e-01  0.0000e+00
 2.9004e-01  0.0000e+00
 2.9273e-01  0.0000e+00
 2.9544e-01  0.0000e+00
 2.9818e-01  0.0000e+00
 3.0094e-01  0.0000e+00
 3.0373e-01  0.0000e+00
 3.0654e-01  0.0000e+00
 3.0938e-01  0.0000e+00
 3.1224e-01  0.0000e+00
 3.1514e-01  0.0000e+00
 3.1806e-01  0.0000e+00
 3.2100e-01  0.0000e+00
 3.2397e-01  0.0000e+00
 3.2697e-01  0.0000e+00
 3.3000e-01  0.0000e+00
 3.3306e-01  0.0000e+00
 3.3614e-01  0.0000e+00
 3.3926e-01  0.0000e+00
 3.4240e-01  0.0000e+00
 3.4557e-01  0.0000e+00
 3.4877e-01  0.0000e+00
 3.5200e-01  0.0000e+00
 3.5526e-01  0.0000e+00
 3.5855e-01  0.0000e+00
 3.6187e-01  0.0000e+00
 3.6523e-01  0.0000e+00
 3.6861e-01  0.0000e+00
 3.7202e-01  0.0000e+00
 3.7547e-01  0.0000e+00
 3.7895e-01  0.0000e+00
 3.8246e-01  0.0000e+00
 3.8600e-01  0.0000e+00
 3.8957e-01  0.0000e+00
 3.9318e-01  0.0000e+00
 3.9682e-01  0.0000e+00
 4.0050e-01  0.0000e+00
 4.0421e-01  0.0000e+00
 4.0795e-01  0.0000e+00
 4.1173e-01  0.0000e+00
 4.1555e-01  0.0000e+00
 4.1939e-01  0.0000e+00
 4.2328e-01  0.0000e+00
 4.2720e-01  0.0000e+00
 4.3116e-01  0.0000e+00
 4.3515e-01  0.0000e+00
 4.3918e-01  0.0000e+00
 4.4325e-01  0.0000e+00
 4.4735e-01  0.0000e+00
 4.5150e-01  0.0000e+00
 4.5568e-01  0.0000e+00
 4.5990e-01  0.0000e+00
 4.6416e-01  0.0000e+00
 4.6846e-01  0.0000e+00
 4.7280e-01  0.0000e+00
 4.7718e-01  0.0000e+00
 4.8160e-01  0.0000e+00
 4.8606e-01  0.0000e+00
 4.9056e-01  0.0000e+00
 4.9510e-01  0.0000e+00
 4.9969e-01  0.0000e+00
 5.0432e-01  0.0000e+00
 5.0899e-01  0.0000e+00
 5.1370e-01  0.0000e+00
 5.1846e-01  0.0000e+00
 5.2326e-01  0.0000e+00
 5.2811e-01  0.0000e+00
 5.3300e-01  0.0000e+00
 5.3794e-01  0.0000e+00
 5.4292e-01  0.0000e+00
 5.4795e-01  0.0000e+00
 5.5302e-01  0.0000e+00
 5.5814e-01  0.0000e+00
 5.6331e-01  0.0000e+00
 5.6853e-01  0.0000e+00
 5.7380e-01  0.0000e+00
 5.7911e-01  0.0000e+00
 5.8448e-01  0.0000e+00
 5.8989e-01  0.0000e+00
 5.9535e-01  0.0000e+00
 6.0087e-01  0.0000e+00
 6.0643e-01  0.0000e+00
 6.1205e-01  0.0000e+00
 6.1772e-01  0.0000e+00
 6.2344e-01  0.0000e+00
 6.2921e-01  0.0000e+00
 6.3504e-01  0.0000e+00
 6.4092e-01  0.0000e+00
 6.4686e-01  0.0000e+00
 6.5285e-01  0.0000e+00
 6.5890e-01  0.0000e+00
 6.6500e-01  0.0000e+00
 6.7116e-01  0.0000e+00
 6.7738e-01  0.0000e+00
 6.8365e-01  0.0000e+00
 6.8998e-01  0.0000e+00
 6.9637e-01  0.0000e+00
 7.0282e-01  0.0000e+00
 7.0933e-01  0.0000e+00
 7.1590e-01  0.0000e+00
 7.2253e-01  0.0000e+00
 7.2923e-01  0.0000e+00
 7.3598e-01  0.0000e+00
 7.4280e-01  0.0000e+00
 7.4968e-01  0.0000e+00
 7.5662e-01  0.0000e+00
 7.6363e-01  0.0000e+00
 7.7070e-01  0.0000e+00
 7.7784e-01  0.0000e+00
 7.8505e-01  0.0000e+00
 7.9232e-01  0.0000e+00
 7.9966e-01  0.0000e+00
 8.0706e-01  0.0000e+00
 8.1454e-01  0.0000e+00
 8.2208e-01  0.0000e+00
 8.2970e-01  0.0000e+00
 8.3738e-01  0.0000e+00
 8.4514e-01  0.0000e+00
 8.5296e-01  0.0000e+00
 8.6086e-01  0.0000e+00
 8.6884e-01  0.0000e+00
 8.7689e-01  0.0000e+00
 8.8501e-01  0.0000e+00
 8.9320e-01  0.0000e+00
 9.0148e-01  0.0000e+00
 9.0983e-01  0.0000e+00
 9.1825e-01  0.0000e+00
 9.2676e-01  0.0000e+00
 9.3534e-01  0.0000e+00
 9.4401e-01  0.0000e+00
 9.5275e-01  0.0000e+00
 9.6157e-01  0.0000e+00
 9.7048e-01  0.0000e+00
 9.7947e-01  0.0000e+00
 9.8854e-01  0.0000e+00
 9.9770e-01  0.0000e+00
 1.0069e+00  0.0000e+00
 1.0163e+00  0.0000e+00
 1.0257e+00  0.0000e+00
 1.0352e+00  0.0000e+00
 1.0448e+00  0.0000e+00
 1.0544e+00  0.0000e+00
 1.0642e+00  0.0000e+00
 1.0741e+00  0.0000e+00
 1.0840e+00  0.0000e+00
 1.0941e+00  0.0000e+00
 1.1042e+00  0.0000e+00
 1.1144e+00  0.0000e+00
 1.1247e+00  0.0000e+00
 1.1352e+00  0.0000e+00
 1.1457e+00  0.0000e+00
 1.1563e+00  0.0000e+00
 1.1670e+00  0.0000e+00
 1.1778e+00  0.0000e+00
 1.1887e+00  0.0000e+00
 1.1997e+00  0.0000e+00
 1.2108e+00  0.0000e+00
 1.2220e+00  0.0000e+00
 1.2334e+00  0.0000e+00
 1.2448e+00  0.0000e+00
 1.2563e+00  0.0000e+00
 1.2680e+00  0.0000e+00
 1.2797e+00  0.0000e+00
 1.2915e+00  0.0000e+00
 1.3035e+00  0.0000e+00
 1.3156e+00  0.0000e+00
 1.3278e+00  0.0000e+00
 1.3401e+00  0.0000e+00
 1.3525e+00  0.0000e+00
 1.3650e+00  0.0000e+00
 1.3777e+00  0.0000e+00
 1.3904e+00  0.0000e+00
 1.4033e+00  0.0000e+00
 1.4163e+00  0.0000e+00
 1.4294e+00  0.0000e+00
 1.4426e+00  0.0000e+00
 1.4560e+00  0.0000e+00
 1.4695e+00  0.0000e+00
 1.4831e+00  0.0000e+00
 1.4968e+00  0.0000e+00
 1.5107e+00  0.0000e+00
 1.5247e+00  0.0000e+00
 1.5388e+00  0.0000e+00
 1.5531e+00  0.0000e+00
 1.5675e+00  0.0000e+00
 1.5820e+00  0.0000e+00
 1.5966e+00  0.0000e+00
 1.6114e+00  0.0000e+00
 1.6263e+00  0.0000e+00
 1.6414e+00  0.0000e+00
 1.6566e+00  0.0000e+00
 1.6719e+00  0.0000e+00
 1.6874e+00  0.0000e+00
 1.7031e+00  0.0000e+00
 1.7188e+00  0.0000e+00
 1.7348e+00  0.0000e+00
 1.7508e+00  0.0000e+00
 1.7670e+00  0.0000e+00
 1.7834e+00  0.0000e+00
 1.7999e+00  0.0000e+00
 1.8166e+00  0.0000e+00
 1.8334e+00  0.0000e+00
 1.8504e+00  0.0000e+00
 1.8675e+00  0.0000e+00
 1.8848e+00  0.0000e+00
 1.9023e+00  0.0000e+00
 1.9199e+00  0.0000e+00
 1.9377e+00  0.0000e+00
 1.9557e+00  0.0000e+00
 1.9738e+00  0.0000e+00
 1.9920e+00  0.0000e+00
 2.0105e+00  0.0000e+00
 2.0291e+00  0.0000e+00
 2.0479e+00  0.0000e+00
 2.0669e+00  0.0000e+00
 2.0860e+00  0.0000e+00
 2.1053e+00  0.0000e+00
 2.1248e+00  0.0000e+00
 2.1445e+00  0.0000e+00
 2.1644e+00  0.0000e+00
 2.1844e+00  0.0000e+00
 2.2047e+00  0.0000e+00
 2.2251e+00  0.0000e+00
 2.2457e+00  0.0000e+00
 2.2665e+00  0.0000e+00
 2.2875e+00  0.0000e+00
 2.3087e+00  0.0000e+00
 2.3301e+00  0.0000e+00
 2.3516e+00  0.0000e+00
 2.3734e+00  0.0000e+00
 2.3954e+00  0.0000e+00
 2.4176e+00  0.0000e+00
 2.4400e+00  0.0000e+00
 2.4626e+00  0.0000e+00
 2.4854e+00  0.0000e+00
 2.5084e+00  0.0000e+00
 2.5316e+00  0.0000e+00
 2.5551e+00  4.1819e-04
 2.5788e+00  8.5098e-04
 2.6026e+00  1.1959e-03
 2.6268e+00  1.5177e-03
 2.6511e+00  1.8304e-03
 2.6756e+00  2.1393e-03
 2.7004e+00  2.4466e-03
 2.7254e+00  2.7531e-03
 2.7507e+00  3.0593e-03
 2.7762e+00  3.3654e-03
 2.8019e+00  3.6711e-03
 2.8278e+00  3.9765e-03
 2.8540e+00  4.2813e-03
 2.8804e+00  4.5853e-03
 2.9071e+00  4.8885e-03
 2.9340e+00  5.1904e-03
 2.9612e+00  5.4911e-03
 2.9887e+00  5.7903e-03
 3.0163e+00  6.0877e-03
 3.0443e+00  6.3834e-03
 3.0725e+00  6.6771e-03
 3.1009e+00  6.9688e-03
 3.1296e+00  7.2582e-03
 3.1586e+00  7.5453e-03
 3.1879e+00  7.8300e-03
 3.2174e+00  8.1122e-03
 3.2472e+00  8.3917e-03
 3.2773e+00  8.6687e-03
 3.3076e+00  8.9429e-03
 3.3383e+00  9.2143e-03
 3.3692e+00  9.4829e-03
 3.4004e+00  9.7485e-03
 3.4319e+00  1.0011e-02
 3.4637e+00  1.0271e-02
 3.4958e+00  1.0528e-02
 3.5282e+00  1.0782e-02
 3.5608e+00  1.0820e-02
 3.5938e+00  1.0781e-02
 3.6271e+00  1.0854e-02
 3.6607e+00  1.0959e-02
 3.6946e+00  1.1080e-02
 3.7288e+00  1.1211e-02
 3.7634e+00  1.1347e-02
 3.7982e+00  1.1488e-02
 3.8334e+00  1.1630e-02
 3.8689e+00  1.1774e-02
 3.9047e+00  1.1919e-02
 3.9409e+00  1.2064e-02
 3.9774e+00  1.2208e-02
 4.0142e+00  1.2353e-02
 4.0514e+00  1.2496e-02
 4.0889e+00  1.2639e-02
 4.1268e+00  1.2781e-02
 4.1650e+00  1.2922e-02
 4.2036e+00  1.3061e-02
 4.2426e+00  1.3199e-02
 4.2819e+00  1.3336e-02
 4.3215e+00  1.3471e-02
 4.3615e+00  1.3605e-02
 4.4019e+00  1.3738e-02
 4.4427e+00  1.3869e-02
 4.4839e+00  1.3998e-02
 4.5254e+00  1.4126e-02
 4.5673e+00  1.4252e-02
 4.6096e+00  1.4377e-02
 4.6523e+00  1.4500e-02
 4.6954e+00  1.4621e-02
 4.7389e+00  1.4741e-02
 4.7828e+00  1.4859e-02
 4.8271e+00  1.4976e-02
 4.8718e+00  1.5091e-02
 4.9169e+00  1.5204e-02
 4.9624e+00  1.5316e-02
 5.0084e+00  1.5427e-02
 5.0548e+00  1.5535e-02
 5.1016e+00  1.5643e-02
 5.1489e+00  1.5748e-02
 5.1966e+00  1.5852e-02
 5.2447e+00  1.5955e-02
 5.2933e+00  1.6056e-02
 5.3423e+00  1.6156e-02
 5.3918e+00  1.6254e-02
 5.4417e+00  1.6351e-02
 5.4921e+00  1.6446e-02
 5.5430e+00  1.6540e-02
 5.5943e+00  1.6632e-02
 5.6461e+00  1.6723e-02
 5.6984e+00  1.6812e-02
 5.7512e+00  1.6901e-02
 5.8045e+00  1.6987e-02
 5.8582e+00  1.7073e-02
 5.9125e+00  1.7157e-02
 5.9673e+00  1.7240e-02
 6.0225e+00  1.7321e-02
 6.0783e+00  1.7402e-02
 6.1346e+00  1.7480e-02
 6.1914e+00  1.7558e-02
 6.2488e+00  1.7635e-02
 6.3067e+00  1.7710e-02
 6.3651e+00  1.7784e-02
 6.4240e+00  1.7857e-02
 6.4835e+00  1.7928e-02
 6.5436e+00  1.7999e-02
 6.6042e+00  1.8068e-02
 6.6654e+00  1.8137e-02
 6.7271e+00  1.8204e-02
 6.7894e+00  1.8270e-02
 6.8523e+00  1.8335e-02
 6.9158e+00  1.8399e-02
 6.9798e+00  1.8462e-02
 7.0445e+00  1.8523e-02
 7.1097e+00  1.8584e-02
 7.1756e+00  1.8644e-02
 7.2420e+00  1.8703e-02
 7.3091e+00  1.8761e-02
 7.3768e+00  1.8817e-02
 7.4451e+00  1.8873e-02
 7.5141e+00  1.8928e-02
 7.5837e+00  1.8982e-02
 7.6539e+00  1.9036e-02
 7.7248e+00  1.9088e-02
 7.7964e+00  1.9139e-02
 7.8686e+00  1.9190e-02
 7.9415e+00  1.9239e-02
 8.0150e+00  1.9288e-02
 8.0892e+00  1.9336e-02
 8.1642e+00  1.9383e-02
 8.2398e+00  1.9430e-02
 8.3161e+00  1.9475e-02
 8.3931e+00  1.9515e-02
 8.4709e+00  1.9553e-02
 8.5493e+00  1.9591e-02
 8.6285e+00  1.9629e-02
 8.7084e+00  1.9666e-02
 8.7891e+00  1.9702e-02
 8.8705e+00  1.9738e-02
 8.9527e+00  1.9773e-02
 9.0356e+00  1.9807e-02
 9.1193e+00  1.9841e-02
 9.2037e+00  1.9874e-02
 9.2890e+00  1.9906e-02
 9.3750e+00  1.9937e-02
 9.4618e+00  1.9968e-02
 9.5495e+00  1.9998e-02
 9.6379e+00  2.0028e-02
 9.7272e+00  2.0057e-02
 9.8173e+00  2.0085e-02
 9.9082e+00  2.0113e-02
 1.0000e+01  2.0141e-02
