 0.0000e+00  0.0000e+00
 3.0030e-03  0.0000e+00
 6.0060e-03  0.0000e+00
 9.0090e-03  0.0000e+00
 1.2012e-02  0.0000e+00
 1.5015e-02  0.0000e+00
 1.8018e-02  0.0000e+00
 2.1021e-02  0.0000e+00
 2.4024e-02  0.0000e+00
 2.7027e-02  0.0000e+00
 3.0030e-02  0.0000e+00
 3.3033e-02  0.0000e+00
 3.6036e-02  0.0000e+00
 3.9039e-02  0.0000e+00
 4.2042e-02  0.0000e+00
 4.5045e-02  0.0000e+00
 4.8048e-02  0.0000e+00
 5.1051e-02  0.0000e+00
 5.4054e-02  0.0000e+00
 5.7057e-02  0.0000e+00
 6.0060e-02  0.0000e+00
 6.3063e-02  0.0000e+00
 6.6066e-02  0.0000e+00
 6.9069e-02  0.0000e+00
 7.2072e-02  0.0000e+00
 7.5075e-02  0.0000e+00
 7.8078e-02  0.0000e+00
 8.1081e-02  0.0000e+00
 8.4084e-02  0.0000e+00
 8.7087e-02  0.0000e+00
 9.0090e-02  0.0000e+00
 9.3093e-02  0.0000e+00
 9.6096e-02  0.0000e+00
 9.9099e-02  0.0000e+00
 1.0210e-01  0.0000e+00
 1.0511e-01  0.0000e+00
 1.0811e-01  0.0000e+00
 1.1111e-01  0.0000e+00
 1.1411e-01  0.0000e+00
 1.1712e-01  0.0000e+00
 1.2012e-01  0.0000e+00
 1.2312e-01  0.0000e+00
 1.2613e-01  0.0000e+00
 1.2913e-01  0.0000e+00
 1.3213e-01  0.0000e+00
 1.3514e-01  0.0000e+00
 1.3814e-01  0.0000e+00
 1.4114e-01  0.0000e+00
 1.4414e-01  0.0000e+00
 1.4715e-01  0.0000e+00
 1.5015e-01  0.0000e+00
 1.5315e-01  0.0000e+00
 1.5616e-01  0.0000e+00
 1.5916e-01  0.0000e+00
 1.6216e-01  0.0000e+00
 1.6517e-01  0.0000e+00
 1.6817e-01  0.0000e+00
 1.7117e-01  0.0000e+00
 1.7417e-01  0.0000e+00
 1.7718e-01  0.0000e+00
 1.8018e-01  0.0000e+00
 1.8318e-01  0.0000e+00
 1.8619e-01  0.0000e+00
 1.8919e-01  0.0000e+00
 1.9219e-01  0.0000e+00
 1.9520e-01  0.0000e+00
 1.9820e-01  0.0000e+00
 2.0120e-01  0.0000e+00
 2.0420e-01  0.0000e+00
 2.0721e-01  0.0000e+00
 2.1021e-01  0.0000e+00
 2.1321e-01  0.0000e+00
 2.1622e-01  0.0000e+00
 2.1922e-01  0.0000e+00
 2.2222e-01  0.0000e+00
 2.2523e-01  0.0000e+00
 2.2823e-01  0.0000e+00
 2.3123e-01  0.0000e+00
 2.3423e-01  0.0000e+00
 2.3724e-01  0.0000e+00
 2.4024e-01  0.0000e+00
 2.4324e-01  0.0000e+00
 2.4625e-01  0.0000e+00
 2.4925e-01  0.0000e+00
 2.5225e-01  0.0000e+00
 2.5526e-01  0.0000e+00
 2.5826e-01  0.0000e+00
 2.6126e-01  0.0000e+00
 2.6426e-01  0.0000e+00
 2.6727e-01  0.0000e+00
 2.7027e-01  0.0000e+00
 2.7327e-01  0.0000e+00
 2.7628e-01  0.0000e+00
 2.7928e-01  0.0000e+00
 2.8228e-01  0.0000e+00
 2.8529e-01  0.0000e+00
 2.8829e-01  0.0000e+00
 2.9129e-01  0.0000e+00
 2.9429e-01  0.0000e+00
 2.9730e-01  0.0000e+00
 3.0030e-01  0.0000e+00
 3.0330e-01  0.0000e+00
 3.0631e-01  0.0000e+00
 3.0931e-01  0.0000e+00
 3.1231e-01  0.0000e+00
 3.1532e-01  0.0000e+00
 3.1832e-01  0.0000e+00
 3.2132e-01  0.0000e+00
 3.2432e-01  0.0000e+00
 3.2733e-01  0.0000e+00
 3.3033e-01  0.0000e+00
 3.3333e-01  0.0000e+00
 3.3634e-01  0.0000e+00
 3.3934e-01  0.0000e+00
 3.4234e-01  0.0000e+00
 3.4535e-01  0.0000e+00
 3.4835e-01  0.0000e+00
 3.5135e-01  0.0000e+00
 3.5435e-01  0.0000e+00
 3.5736e-01  0.0000e+00
 3.6036e-01  0.0000e+00
 3.6336e-01  0.0000e+00
 3.6637e-01  0.0000e+00
 3.6937e-01  0.0000e+00
 3.7237e-01  0.0000e+00
 3.7538e-01  0.0000e+00
 3.7838e-01  0.0000e+00
 3.8138e-01  0.0000e+00
 3.8438e-01  0.0000e+00
 3.8739e-01  8.0047e-04
 3.9039e-01  1.8466e-03
 3.9339e-01  3.1928e-03
 3.9640e-01  4.4657e-03
 3.9940e-01  5.6572e-03
 4.0240e-01  6.7381e-03
 4.0541e-01  7.7696e-03
 4.0841e-01  8.6896e-03
 4.1141e-01  9.5497e-03
 4.1441e-01  1.0344e-02
 4.1742e-01  1.1046e-02
 4.2042e-01  1.1710e-02
 4.2342e-01  1.2281e-02
 4.2643e-01  1.2805e-02
 4.2943e-01  1.3275e-02
 4.3243e-01  1.3670e-02
 4.3544e-01  1.4034e-02
 4.3844e-01  1.4324e-02
 4.4144e-01  1.4575e-02
 4.4444e-01  1.4785e-02
 4.4745e-01  1.4933e-02
 4.5045e-01  1.5058e-02
 4.5345e-01  1.5125e-02
 4.5646e-01  1.5161e-02
 4.5946e-01  1.5166e-02
 4.6246e-01  1.5124e-02
 4.6547e-01  1.5064e-02
 4.6847e-01  1.4960e-02
 4.7147e-01  1.4835e-02
 4.7447e-01  1.4686e-02
 4.7748e-01  1.4504e-02
 4.8048e-01  1.4309e-02
 4.8348e-01  1.4085e-02
 4.8649e-01  1.3846e-02
 4.8949e-01  1.3592e-02
 4.9249e-01  1.3318e-02
 4.9550e-01  1.3037e-02
 4.9850e-01  1.2739e-02
 5.0150e-01  1.2435e-02
 5.0450e-01  1.2123e-02
 5.0751e-01  1.1804e-02
 5.1051e-01  1.1483e-02
 5.1351e-01  1.1158e-02
 5.1652e-01  1.0834e-02
 5.1952e-01  1.0510e-02
 5.2252e-01  1.0191e-02
 5.2553e-01  9.8758e-03
 5.2853e-01  9.5688e-03
 5.3153e-01  9.2702e-03
 5.3453e-01  8.9797e-03
 5.3754e-01  8.7068e-03
 5.4054e-01  8.4421e-03
 5.4354e-01  8.1984e-03
 5.4655e-01  7.9707e-03
 5.4955e-01  7.7580e-03
 5.5255e-01  7.5756e-03
 5.5556e-01  7.4063e-03
 5.5856e-01  7.2703e-03
 5.6156e-01  7.1581e-03
 5.6456e-01  7.0679e-03
 5.6757e-01  7.0207e-03
 5.7057e-01  6.9913e-03
 5.7357e-01  7.0068e-03
 5.7658e-01  7.0540e-03
 5.7958e-01  7.1299e-03
 5.8258e-01  7.2610e-03
 5.8559e-01  7.4147e-03
 5.8859e-01  7.6249e-03
 5.9159e-01  7.8741e-03
 5.9459e-01  8.1576e-03
 5.9760e-01  8.5096e-03
 6.0060e-01  8.8885e-03
 6.0360e-01  9.3342e-03
 6.0661e-01  9.8263e-03
 6.0961e-01  1.0358e-02
 6.1261e-01  1.0971e-02
 6.1562e-01  1.1614e-02
 6.1862e-01  1.2334e-02
 6.2162e-01  1.3107e-02
 6.2462e-01  1.3925e-02
 6.2763e-01  1.4835e-02
 6.3063e-01  1.5778e-02
 6.3363e-01  1.6807e-02
 6.3664e-01  1.7892e-02
 6.3964e-01  1.9025e-02
 6.4264e-01  2.0253e-02
 6.4565e-01  2.1514e-02
 6.4865e-01  2.2858e-02
 6.5165e-01  2.4258e-02
 6.5465e-01  2.5704e-02
 6.5766e-01  2.7242e-02
 6.6066e-01  2.8812e-02
 6.6366e-01  3.0463e-02
 6.6667e-01  3.2168e-02
 6.6967e-01  3.3916e-02
 6.7267e-01  3.5754e-02
 6.7568e-01  3.7622e-02
 6.7868e-01  3.9567e-02
 6.8168e-01  4.1564e-02
 6.8468e-01  4.3601e-02
 6.8769e-01  4.5728e-02
 6.9069e-01  4.7882e-02
 6.9369e-01  5.0112e-02
 6.9670e-01  5.2397e-02
 6.9970e-01  5.4719e-02
 7.0270e-01  5.7131e-02
 7.0571e-01  5.9569e-02
 7.0871e-01  6.2082e-02
 7.1171e-01  6.4649e-02
 7.1471e-01  6.7251e-02
 7.1772e-01  6.9947e-02
 7.2072e-01  7.2667e-02
 7.2372e-01  7.5459e-02
 7.2673e-01  7.8304e-02
 7.2973e-01  8.1180e-02
 7.3273e-01  8.4159e-02
 7.3574e-01  8.7174e-02
 7.3874e-01  9.0306e-02
 7.4174e-01  9.3561e-02
 7.4474e-01  9.6896e-02
 7.4775e-01  1.0049e-01
 7.5075e-01  1.0417e-01
 7.5375e-01  1.0809e-01
 7.5676e-01  1.1223e-01
 7.5976e-01  1.1650e-01
 7.6276e-01  1.2117e-01
 7.6577e-01  1.2596e-01
 7.6877e-01  1.3109e-01
 7.7177e-01  1.3650e-01
 7.7477e-01  1.4207e-01
 7.7778e-01  1.4815e-01
 7.8078e-01  1.5436e-01
 7.8378e-01  1.6095e-01
 7.8679e-01  1.6784e-01
 7.8979e-01  1.7488e-01
 7.9279e-01  1.8242e-01
 7.9580e-01  1.9004e-01
 7.9880e-01  1.9800e-01
 8.0180e-01  2.0620e-01
 8.0480e-01  2.1449e-01
 8.0781e-01  2.2321e-01
 8.1081e-01  2.3196e-01
 8.1381e-01  2.4097e-01
 8.1682e-01  2.5016e-01
 8.1982e-01  2.5936e-01
 8.2282e-01  2.6893e-01
 8.2583e-01  2.7846e-01
 8.2883e-01  2.8817e-01
 8.3183e-01  2.9800e-01
 8.3483e-01  3.0780e-01
 8.3784e-01  3.1798e-01
 8.4084e-01  3.2812e-01
 8.4384e-01  3.3853e-01
 8.4685e-01  3.4915e-01
 8.4985e-01  3.5976e-01
 8.5285e-01  3.7092e-01
 8.5586e-01  3.8203e-01
 8.5886e-01  3.9344e-01
 8.6186e-01  4.0507e-01
 8.6486e-01  4.1664e-01
 8.6787e-01  4.2877e-01
 8.7087e-01  4.4076e-01
 8.7387e-01  4.5300e-01
 8.7688e-01  4.6540e-01
 8.7988e-01  4.7762e-01
 8.8288e-01  4.9028e-01
 8.8589e-01  5.0265e-01
 8.8889e-01  5.1505e-01
 8.9189e-01  5.2730e-01
 8.9489e-01  5.3919e-01
 8.9790e-01  5.5107e-01
 9.0090e-01  5.6250e-01
 9.0390e-01  5.7368e-01
 9.0691e-01  5.8453e-01
 9.0991e-01  5.9496e-01
 9.1291e-01  6.0514e-01
 9.1592e-01  6.1488e-01
 9.1892e-01  6.2428e-01
 9.2192e-01  6.3330e-01
 9.2492e-01  6.4194e-01
 9.2793e-01  6.5024e-01
 9.3093e-01  6.5817e-01
 9.3393e-01  6.6576e-01
 9.3694e-01  6.7301e-01
 9.3994e-01  6.7996e-01
 9.4294e-01  6.8662e-01
 9.4595e-01  6.9300e-01
 9.4895e-01  6.9912e-01
 9.5195e-01  7.0499e-01
 9.5495e-01  7.1063e-01
 9.5796e-01  7.1604e-01
 9.6096e-01  7.2125e-01
 9.6396e-01  7.2626e-01
 9.6697e-01  7.3107e-01
 9.6997e-01  7.3571e-01
 9.7297e-01  7.4017e-01
 9.7598e-01  7.4447e-01
 9.7898e-01  7.4860e-01
 9.8198e-01  7.5259e-01
 9.8498e-01  7.5645e-01
 9.8799e-01  7.7102e-01
 9.9099e-01  7.7447e-01
 9.9399e-01  7.7779e-01
 9.9700e-01  7.8098e-01
 1.0000e+00  7.8406e-01
 1.0030e+00  7.8749e-01
 1.0060e+00  7.9060e-01
 1.0090e+00  7.9361e-01
 1.0120e+00  7.9646e-01
 1.0150e+00  7.9918e-01
 1.0180e+00  8.0177e-01
 1.0210e+00  8.0426e-01
 1.0240e+00  8.0663e-01
 1.0270e+00  8.0891e-01
 1.0300e+00  8.1110e-01
 1.0330e+00  8.1319e-01
 1.0360e+00  8.1519e-01
 1.0390e+00  8.1712e-01
 1.0420e+00  8.1896e-01
 1.0450e+00  8.2074e-01
 1.0480e+00  8.2244e-01
 1.0511e+00  8.2409e-01
 1.0541e+00  8.2567e-01
 1.0571e+00  8.2720e-01
 1.0601e+00  8.2868e-01
 1.0631e+00  8.3009e-01
 1.0661e+00  8.3147e-01
 1.0691e+00  8.3279e-01
 1.0721e+00  8.3407e-01
 1.0751e+00  8.3532e-01
 1.0781e+00  8.3652e-01
 1.0811e+00  8.3769e-01
 1.0841e+00  8.3882e-01
 1.0871e+00  8.3991e-01
 1.0901e+00  8.4098e-01
 1.0931e+00  8.4200e-01
 1.0961e+00  8.4300e-01
 1.0991e+00  8.4397e-01
 1.1021e+00  8.4491e-01
 1.1051e+00  8.4582e-01
 1.1081e+00  8.4669e-01
 1.1111e+00  8.4754e-01
 1.1141e+00  8.4835e-01
 1.1171e+00  8.4913e-01
 1.1201e+00  8.4989e-01
 1.1231e+00  8.5060e-01
 1.1261e+00  8.5129e-01
 1.1291e+00  8.5195e-01
 1.1321e+00  8.5257e-01
 1.1351e+00  8.5316e-01
 1.1381e+00  8.5372e-01
 1.1411e+00  8.5426e-01
 1.1441e+00  8.5476e-01
 1.1471e+00  8.5524e-01
 1.1502e+00  8.5571e-01
 1.1532e+00  8.5614e-01
 1.1562e+00  8.5655e-01
 1.1592e+00  8.5695e-01
 1.1622e+00  8.5732e-01
 1.1652e+00  8.5768e-01
 1.1682e+00  8.5802e-01
 1.1712e+00  8.5835e-01
 1.1742e+00  8.5867e-01
 1.1772e+00  8.5897e-01
 1.1802e+00  8.5926e-01
 1.1832e+00  8.5953e-01
 1.1862e+00  8.5980e-01
 1.1892e+00  8.6006e-01
 1.1922e+00  8.6029e-01
 1.1952e+00  8.6052e-01
 1.1982e+00  8.6073e-01
 1.2012e+00  8.6091e-01
 1.2042e+00  8.6109e-01
 1.2072e+00  8.6123e-01
 1.2102e+00  8.6136e-01
 1.2132e+00  8.6146e-01
 1.2162e+00  8.6154e-01
 1.2192e+00  8.6160e-01
 1.2222e+00  8.6162e-01
 1.2252e+00  8.6162e-01
 1.2282e+00  8.6158e-01
 1.2312e+00  8.6152e-01
 1.2342e+00  8.6143e-01
 1.2372e+00  8.6129e-01
 1.2402e+00  8.6114e-01
 1.2432e+00  8.6095e-01
 1.2462e+00  8.6074e-01
 1.2492e+00  8.6050e-01
 1.2523e+00  8.6022e-01
 1.2553e+00  8.5993e-01
 1.2583e+00  8.5961e-01
 1.2613e+00  8.5927e-01
 1.2643e+00  8.5890e-01
 1.2673e+00  8.5851e-01
 1.2703e+00  8.5811e-01
 1.2733e+00  8.5767e-01
 1.2763e+00  8.5722e-01
 1.2793e+00  8.5675e-01
 1.2823e+00  8.5627e-01
 1.2853e+00  8.5577e-01
 1.2883e+00  8.5524e-01
 1.2913e+00  8.5471e-01
 1.2943e+00  8.5415e-01
 1.2973e+00  8.5357e-01
 1.3003e+00  8.5298e-01
 1.3033e+00  8.5237e-01
 1.3063e+00  8.5174e-01
 1.3093e+00  8.5110e-01
 1.3123e+00  8.5043e-01
 1.3153e+00  8.4976e-01
 1.3183e+00  8.4906e-01
 1.3213e+00  8.4835e-01
 1.3243e+00  8.4762e-01
 1.3273e+00  8.4687e-01
 1.3303e+00  8.4611e-01
 1.3333e+00  8.4534e-01
 1.3363e+00  8.4455e-01
 1.3393e+00  8.4375e-01
 1.3423e+00  8.4294e-01
 1.3453e+00  8.4212e-01
 1.3483e+00  8.4129e-01
 1.3514e+00  8.4045e-01
 1.3544e+00  8.3961e-01
 1.3574e+00  8.3877e-01
 1.3604e+00  8.3792e-01
 1.3634e+00  8.3707e-01
 1.3664e+00  8.3623e-01
 1.3694e+00  8.3539e-01
 1.3724e+00  8.3456e-01
 1.3754e+00  8.3373e-01
 1.3784e+00  8.3292e-01
 1.3814e+00  8.3211e-01
 1.3844e+00  8.3132e-01
 1.3874e+00  8.3055e-01
 1.3904e+00  8.2977e-01
 1.3934e+00  8.2901e-01
 1.3964e+00  8.2825e-01
 1.3994e+00  8.2749e-01
 1.4024e+00  8.2672e-01
 1.4054e+00  8.2596e-01
 1.4084e+00  8.2518e-01
 1.4114e+00  8.2440e-01
 1.4144e+00  8.2360e-01
 1.4174e+00  8.2279e-01
 1.4204e+00  8.2196e-01
 1.4234e+00  8.2111e-01
 1.4264e+00  8.2024e-01
 1.4294e+00  8.1934e-01
 1.4324e+00  8.1840e-01
 1.4354e+00  8.1744e-01
 1.4384e+00  8.1645e-01
 1.4414e+00  8.1544e-01
 1.4444e+00  8.1440e-01
 1.4474e+00  8.1334e-01
 1.4505e+00  8.1226e-01
 1.4535e+00  8.1117e-01
 1.4565e+00  8.1008e-01
 1.4595e+00  8.0897e-01
 1.4625e+00  8.0786e-01
 1.4655e+00  8.0674e-01
 1.4685e+00  8.0564e-01
 1.4715e+00  8.0454e-01
 1.4745e+00  8.0344e-01
 1.4775e+00  8.0237e-01
 1.4805e+00  8.0131e-01
 1.4835e+00  8.0031e-01
 1.4865e+00  7.9951e-01
 1.4895e+00  7.9893e-01
 1.4925e+00  7.9834e-01
 1.4955e+00  7.9775e-01
 1.4985e+00  7.9715e-01
 1.5015e+00  7.9655e-01
 1.5045e+00  7.9594e-01
 1.5075e+00  7.9534e-01
 1.5105e+00  7.9475e-01
 1.5135e+00  7.9429e-01
 1.5165e+00  7.9406e-01
 1.5195e+00  7.9405e-01
 1.5225e+00  7.9404e-01
 1.5255e+00  7.9403e-01
 1.5285e+00  7.9403e-01
 1.5315e+00  7.9402e-01
 1.5345e+00  7.9401e-01
 1.5375e+00  7.9400e-01
 1.5405e+00  7.9400e-01
 1.5435e+00  7.9399e-01
 1.5465e+00  7.9398e-01
 1.5495e+00  7.9397e-01
 1.5526e+00  7.9397e-01
 1.5556e+00  7.9396e-01
 1.5586e+00  7.9395e-01
 1.5616e+00  7.9394e-01
 1.5646e+00  7.9394e-01
 1.5676e+00  7.9393e-01
 1.5706e+00  7.9392e-01
 1.5736e+00  7.9391e-01
 1.5766e+00  7.9391e-01
 1.5796e+00  7.9390e-01
 1.5826e+00  7.9389e-01
 1.5856e+00  7.9389e-01
 1.5886e+00  7.9388e-01
 1.5916e+00  7.9387e-01
 1.5946e+00  7.9387e-01
 1.5976e+00  7.9386e-01
 1.6006e+00  7.9385e-01
 1.6036e+00  7.9384e-01
 1.6066e+00  7.9384e-01
 1.6096e+00  7.9383e-01
 1.6126e+00  7.9382e-01
 1.6156e+00  7.9382e-01
 1.6186e+00  7.9381e-01
 1.6216e+00  7.9381e-01
 1.6246e+00  7.9380e-01
 1.6276e+00  7.9379e-01
 1.6306e+00  7.9379e-01
 1.6336e+00  7.9378e-01
 1.6366e+00  7.9377e-01
 1.6396e+00  7.9377e-01
 1.6426e+00  7.9376e-01
 1.6456e+00  7.9375e-01
 1.6486e+00  7.9375e-01
 1.6517e+00  7.9374e-01
 1.6547e+00  7.9374e-01
 1.6577e+00  7.9373e-01
 1.6607e+00  7.9372e-01
 1.6637e+00  7.9372e-01
 1.6667e+00  7.9371e-01
 1.6697e+00  7.9371e-01
 1.6727e+00  7.9370e-01
 1.6757e+00  7.9369e-01
 1.6787e+00  7.9369e-01
 1.6817e+00  7.9368e-01
 1.6847e+00  7.9368e-01
 1.6877e+00  7.9367e-01
 1.6907e+00  7.9366e-01
 1.6937e+00  7.9366e-01
 1.6967e+00  7.9365e-01
 1.6997e+00  7.9365e-01
 1.7027e+00  7.9364e-01
 1.7057e+00  7.9364e-01
 1.7087e+00  7.9363e-01
 1.7117e+00  7.9362e-01
 1.7147e+00  7.9362e-01
 1.7177e+00  7.9361e-01
 1.7207e+00  7.9361e-01
 1.7237e+00  7.9360e-01
 1.7267e+00  7.9360e-01
 1.7297e+00  7.9359e-01
 1.7327e+00  7.9359e-01
 1.7357e+00  7.9358e-01
 1.7387e+00  7.9358e-01
 1.7417e+00  7.9357e-01
 1.7447e+00  7.9357e-01
 1.7477e+00  7.9356e-01
 1.7508e+00  7.9356e-01
 1.7538e+00  7.9355e-01
 1.7568e+00  7.9354e-01
 1.7598e+00  7.9354e-01
 1.7628e+00  7.9353e-01
 1.7658e+00  7.9353e-01
 1.7688e+00  7.9352e-01
 1.7718e+00  7.9352e-01
 1.7748e+00  7.9351e-01
 1.7778e+00  7.9351e-01
 1.7808e+00  7.9350e-01
 1.7838e+00  7.9350e-01
 1.7868e+00  7.9349e-01
 1.7898e+00  7.9349e-01
 1.7928e+00  7.9349e-01
 1.7958e+00  7.9348e-01
 1.7988e+00  7.9348e-01
 1.8018e+00  7.9347e-01
 1.8048e+00  7.9347e-01
 1.8078e+00  7.9346e-01
 1.8108e+00  7.9346e-01
 1.8138e+00  7.9345e-01
 1.8168e+00  7.9345e-01
 1.8198e+00  7.9344e-01
 1.8228e+00  7.9344e-01
 1.8258e+00  7.9343e-01
 1.8288e+00  7.9343e-01
 1.8318e+00  7.9342e-01
 1.8348e+00  7.9342e-01
 1.8378e+00  7.9342e-01
 1.8408e+00  7.9341e-01
 1.8438e+00  7.9341e-01
 1.8468e+00  7.9340e-01
 1.8498e+00  7.9340e-01
 1.8529e+00  7.9339e-01
 1.8559e+00  7.9339e-01
 1.8589e+00  7.9338e-01
 1.8619e+00  7.9336e-01
 1.8649e+00  7.9330e-01
 1.8679e+00  7.9321e-01
 1.8709e+00  7.9311e-01
 1.8739e+00  7.9299e-01
 1.8769e+00  7.9286e-01
 1.8799e+00  7.9272e-01
 1.8829e+00  7.9257e-01
 1.8859e+00  7.9241e-01
 1.8889e+00  7.9224e-01
 1.8919e+00  7.9206e-01
 1.8949e+00  7.9188e-01
 1.8979e+00  7.9169e-01
 1.9009e+00  7.9150e-01
 1.9039e+00  7.9130e-01
 1.9069e+00  7.9109e-01
 1.9099e+00  7.9088e-01
 1.9129e+00  7.9066e-01
 1.9159e+00  7.9044e-01
 1.9189e+00  7.9021e-01
 1.9219e+00  7.8998e-01
 1.9249e+00  7.8975e-01
 1.9279e+00  7.8951e-01
 1.9309e+00  7.8926e-01
 1.9339e+00  7.8902e-01
 1.9369e+00  7.8877e-01
 1.9399e+00  7.8852e-01
 1.9429e+00  7.8826e-01
 1.9459e+00  7.8800e-01
 1.9489e+00  7.8774e-01
 1.9520e+00  7.8748e-01
 1.9550e+00  7.8721e-01
 1.9580e+00  7.8694e-01
 1.9610e+00  7.8667e-01
 1.9640e+00  7.8640e-01
 1.9670e+00  7.8612e-01
 1.9700e+00  7.8585e-01
 1.9730e+00  7.8557e-01
 1.9760e+00  7.8528e-01
 1.9790e+00  7.8500e-01
 1.9820e+00  7.8472e-01
 1.9850e+00  7.8443e-01
 1.9880e+00  7.8414e-01
 1.9910e+00  7.8385e-01
 1.9940e+00  7.8356e-01
 1.9970e+00  7.8327e-01
 2.0000e+00  7.8297e-01
 2.0030e+00  7.8268e-01
 2.0060e+00  7.8238e-01
 2.0090e+00  7.8208e-01
 2.0120e+00  7.8179e-01
 2.0150e+00  7.8149e-01
 2.0180e+00  7.8119e-01
 2.0210e+00  7.8088e-01
 2.0240e+00  7.8058e-01
 2.0270e+00  7.8028e-01
 2.0300e+00  7.7998e-01
 2.0330e+00  7.7967e-01
 2.0360e+00  7.7936e-01
 2.0390e+00  7.7906e-01
 2.0420e+00  7.7875e-01
 2.0450e+00  7.7844e-01
 2.0480e+00  7.7814e-01
 2.0511e+00  7.7783e-01
 2.0541e+00  7.7752e-01
 2.0571e+00  7.7721e-01
 2.0601e+00  7.7690e-01
 2.0631e+00  7.7659e-01
 2.0661e+00  7.7628e-01
 2.0691e+00  7.7597e-01
 2.0721e+00  7.7566e-01
 2.0751e+00  7.7535e-01
 2.0781e+00  7.7504e-01
 2.0811e+00  7.7472e-01
 2.0841e+00  7.7441e-01
 2.0871e+00  7.7410e-01
 2.0901e+00  7.7379e-01
 2.0931e+00  7.7348e-01
 2.0961e+00  7.7316e-01
 2.0991e+00  7.7285e-01
 2.1021e+00  7.7254e-01
 2.1051e+00  7.7223e-01
 2.1081e+00  7.7192e-01
 2.1111e+00  7.7160e-01
 2.1141e+00  7.7129e-01
 2.1171e+00  7.7098e-01
 2.1201e+00  7.7067e-01
 2.1231e+00  7.7036e-01
 2.1261e+00  7.7004e-01
 2.1291e+00  7.6973e-01
 2.1321e+00  7.6942e-01
 2.1351e+00  7.6911e-01
 2.1381e+00  7.6880e-01
 2.1411e+00  7.6849e-01
 2.1441e+00  7.6818e-01
 2.1471e+00  7.6787e-01
 2.1502e+00  7.6756e-01
 2.1532e+00  7.6725e-01
 2.1562e+00  7.6694e-01
 2.1592e+00  7.6663e-01
 2.1622e+00  7.6632e-01
 2.1652e+00  7.6601e-01
 2.1682e+00  7.6570e-01
 2.1712e+00  7.6539e-01
 2.1742e+00  7.6509e-01
 2.1772e+00  7.6478e-01
 2.1802e+00  7.6447e-01
 2.1832e+00  7.6417e-01
 2.1862e+00  7.6386e-01
 2.1892e+00  7.6355e-01
 2.1922e+00  7.6325e-01
 2.1952e+00  7.6294e-01
 2.1982e+00  7.6264e-01
 2.2012e+00  7.6234e-01
 2.2042e+00  7.6203e-01
 2.2072e+00  7.6173e-01
 2.2102e+00  7.6143e-01
 2.2132e+00  7.6113e-01
 2.2162e+00  7.6082e-01
 2.2192e+00  7.6052e-01
 2.2222e+00  7.6022e-01
 2.2252e+00  7.5992e-01
 2.2282e+00  7.5962e-01
 2.2312e+00  7.5932e-01
 2.2342e+00  7.5903e-01
 2.2372e+00  7.5873e-01
 2.2402e+00  7.5843e-01
 2.2432e+00  7.5813e-01
 2.2462e+00  7.5784e-01
 2.2492e+00  7.5754e-01
 2.2523e+00  7.5725e-01
 2.2553e+00  7.5695e-01
 2.2583e+00  7.5666e-01
 2.2613e+00  7.5637e-01
 2.2643e+00  7.5607e-01
 2.2673e+00  7.5578e-01
 2.2703e+00  7.5549e-01
 2.2733e+00  7.5520e-01
 2.2763e+00  7.5491e-01
 2.2793e+00  7.5462e-01
 2.2823e+00  7.5433e-01
 2.2853e+00  7.5404e-01
 2.2883e+00  7.5375e-01
 2.2913e+00  7.5346e-01
 2.2943e+00  7.5318e-01
 2.2973e+00  7.5289e-01
 2.3003e+00  7.5261e-01
 2.3033e+00  7.5232e-01
 2.3063e+00  7.5204e-01
 2.3093e+00  7.5175e-01
 2.3123e+00  7.5147e-01
 2.3153e+00  7.5119e-01
 2.3183e+00  7.5091e-01
 2.3213e+00  7.5063e-01
 2.3243e+00  7.5035e-01
 2.3273e+00  7.5007e-01
 2.3303e+00  7.4979e-01
 2.3333e+00  7.4951e-01
 2.3363e+00  7.4923e-01
 2.3393e+00  7.4896e-01
 2.3423e+00  7.4868e-01
 2.3453e+00  7.4840e-01
 2.3483e+00  7.4813e-01
 2.3514e+00  7.4785e-01
 2.3544e+00  7.4758e-01
 2.3574e+00  7.4731e-01
 2.3604e+00  7.4704e-01
 2.3634e+00  7.4676e-01
 2.3664e+00  7.4649e-01
 2.3694e+00  7.4622e-01
 2.3724e+00  7.4595e-01
 2.3754e+00  7.4568e-01
 2.3784e+00  7.4542e-01
 2.3814e+00  7.4515e-01
 2.3844e+00  7.4488e-01
 2.3874e+00  7.4462e-01
 2.3904e+00  7.4435e-01
 2.3934e+00  7.4408e-01
 2.3964e+00  7.4382e-01
 2.3994e+00  7.4356e-01
 2.4024e+00  7.4329e-01
 2.4054e+00  7.4303e-01
 2.4084e+00  7.4277e-01
 2.4114e+00  7.4251e-01
 2.4144e+00  7.4225e-01
 2.4174e+00  7.4199e-01
 2.4204e+00  7.4173e-01
 2.4234e+00  7.4147e-01
 2.4264e+00  7.4122e-01
 2.4294e+00  7.4096e-01
 2.4324e+00  7.4070e-01
 2.4354e+00  7.4045e-01
 2.4384e+00  7.4019e-01
 2.4414e+00  7.3994e-01
 2.4444e+00  7.3969e-01
 2.4474e+00  7.3943e-01
 2.4505e+00  7.3918e-01
 2.4535e+00  7.3893e-01
 2.4565e+00  7.3868e-01
 2.4595e+00  7.3843e-01
 2.4625e+00  7.3818e-01
 2.4655e+00  7.3793e-01
 2.4685e+00  7.3769e-01
 2.4715e+00  7.3744e-01
 2.4745e+00  7.3719e-01
 2.4775e+00  7.3695e-01
 2.4805e+00  7.3670e-01
 2.4835e+00  7.3646e-01
 2.4865e+00  7.3621e-01
 2.4895e+00  7.3597e-01
 2.4925e+00  7.3573e-01
 2.4955e+00  7.3549e-01
 2.4985e+00  7.3524e-01
 2.5015e+00  7.3500e-01
 2.5045e+00  7.3476e-01
 2.5075e+00  7.3453e-01
 2.5105e+00  7.3429e-01
 2.5135e+00  7.3405e-01
 2.5165e+00  7.3381e-01
 2.5195e+00  7.3358e-01
 2.5225e+00  7.3334e-01
 2.5255e+00  7.3310e-01
 2.5285e+00  7.3287e-01
 2.5315e+00  7.3264e-01
 2.5345e+00  7.3240e-01
 2.5375e+00  7.3217e-01
 2.5405e+00  7.3194e-01
 2.5435e+00  7.3168e-01
 2.5465e+00  7.3141e-01
 2.5495e+00  7.3113e-01
 2.5526e+00  7.3085e-01
 2.5556e+00  7.3055e-01
 2.5586e+00  7.3025e-01
 2.5616e+00  7.2995e-01
 2.5646e+00  7.2964e-01
 2.5676e+00  7.2933e-01
 2.5706e+00  7.2902e-01
 2.5736e+00  7.2870e-01
 2.5766e+00  7.2837e-01
 2.5796e+00  7.2805e-01
 2.5826e+00  7.2772e-01
 2.5856e+00  7.2739e-01
 2.5886e+00  7.2706e-01
 2.5916e+00  7.2672e-01
 2.5946e+00  7.2639e-01
 2.5976e+00  7.2605e-01
 2.6006e+00  7.2571e-01
 2.6036e+00  7.2536e-01
 2.6066e+00  7.2502e-01
 2.6096e+00  7.2468e-01
 2.6126e+00  7.2433e-01
 2.6156e+00  7.2398e-01
 2.6186e+00  7.2363e-01
 2.6216e+00  7.2328e-01
 2.6246e+00  7.2293e-01
 2.6276e+00  7.2257e-01
 2.6306e+00  7.2222e-01
 2.6336e+00  7.2187e-01
 2.6366e+00  7.2151e-01
 2.6396e+00  7.2115e-01
 2.6426e+00  7.2080e-01
 2.6456e+00  7.2044e-01
 2.6486e+00  7.2008e-01
 2.6517e+00  7.1972e-01
 2.6547e+00  7.1936e-01
 2.6577e+00  7.1900e-01
 2.6607e+00  7.1864e-01
 2.6637e+00  7.1828e-01
 2.6667e+00  7.1792e-01
 2.6697e+00  7.1755e-01
 2.6727e+00  7.1719e-01
 2.6757e+00  7.1683e-01
 2.6787e+00  7.1646e-01
 2.6817e+00  7.1610e-01
 2.6847e+00  7.1574e-01
 2.6877e+00  7.1537e-01
 2.6907e+00  7.1501e-01
 2.6937e+00  7.1464e-01
 2.6967e+00  7.1428e-01
 2.6997e+00  7.1392e-01
 2.7027e+00  7.1355e-01
 2.7057e+00  7.1319e-01
 2.7087e+00  7.1282e-01
 2.7117e+00  7.1246e-01
 2.7147e+00  7.1209e-01
 2.7177e+00  7.1173e-01
 2.7207e+00  7.1137e-01
 2.7237e+00  7.1100e-01
 2.7267e+00  7.1064e-01
 2.7297e+00  7.1027e-01
 2.7327e+00  7.0991e-01
 2.7357e+00  7.0955e-01
 2.7387e+00  7.0918e-01
 2.7417e+00  7.0882e-01
 2.7447e+00  7.0846e-01
 2.7477e+00  7.0809e-01
 2.7508e+00  7.0773e-01
 2.7538e+00  7.0737e-01
 2.7568e+00  7.0701e-01
 2.7598e+00  7.0664e-01
 2.7628e+00  7.0628e-01
 2.7658e+00  7.0592e-01
 2.7688e+00  7.0556e-01
 2.7718e+00  7.0520e-01
 2.7748e+00  7.0484e-01
 2.7778e+00  7.0448e-01
 2.7808e+00  7.0412e-01
 2.7838e+00  7.0376e-01
 2.7868e+00  7.0340e-01
 2.7898e+00  7.0305e-01
 2.7928e+00  7.0269e-01
 2.7958e+00  7.0233e-01
 2.7988e+00  7.0197e-01
 2.8018e+00  7.0162e-01
 2.8048e+00  7.0126e-01
 2.8078e+00  7.0091e-01
 2.8108e+00  7.0055e-01
 2.8138e+00  7.0020e-01
 2.8168e+00  6.9984e-01
 2.8198e+00  6.9949e-01
 2.8228e+00  6.9914e-01
 2.8258e+00  6.9878e-01
 2.8288e+00  6.9843e-01
 2.8318e+00  6.9808e-01
 2.8348e+00  6.9773e-01
 2.8378e+00  6.9738e-01
 2.8408e+00  6.9703e-01
 2.8438e+00  6.9668e-01
 2.8468e+00  6.9633e-01
 2.8498e+00  6.9598e-01
 2.8529e+00  6.9564e-01
 2.8559e+00  6.9529e-01
 2.8589e+00  6.9494e-01
 2.8619e+00  6.9460e-01
 2.8649e+00  6.9425e-01
 2.8679e+00  6.9391e-01
 2.8709e+00  6.9356e-01
 2.8739e+00  6.9322e-01
 2.8769e+00  6.9288e-01
 2.8799e+00  6.9254e-01
 2.8829e+00  6.9220e-01
 2.8859e+00  6.9185e-01
 2.8889e+00  6.9151e-01
 2.8919e+00  6.9117e-01
 2.8949e+00  6.9084e-01
 2.8979e+00  6.9050e-01
 2.9009e+00  6.9016e-01
 2.9039e+00  6.8982e-01
 2.9069e+00  6.8949e-01
 2.9099e+00  6.8915e-01
 2.9129e+00  6.8882e-01
 2.9159e+00  6.8848e-01
 2.9189e+00  6.8815e-01
 2.9219e+00  6.8781e-01
 2.9249e+00  6.8748e-01
 2.9279e+00  6.8715e-01
 2.9309e+00  6.8682e-01
 2.9339e+00  6.8649e-01
 2.9369e+00  6.8616e-01
 2.9399e+00  6.8583e-01
 2.9429e+00  6.8550e-01
 2.9459e+00  6.8517e-01
 2.9489e+00  6.8485e-01
 2.9520e+00  6.8452e-01
 2.9550e+00  6.8420e-01
 2.9580e+00  6.8387e-01
 2.9610e+00  6.8355e-01
 2.9640e+00  6.8322e-01
 2.9670e+00  6.8290e-01
 2.9700e+00  6.8258e-01
 2.9730e+00  6.8226e-01
 2.9760e+00  6.8194e-01
 2.9790e+00  6.8162e-01
 2.9820e+00  6.8130e-01
 2.9850e+00  6.8098e-01
 2.9880e+00  6.8066e-01
 2.9910e+00  6.8034e-01
 2.9940e+00  6.8003e-01
 2.9970e+00  6.7971e-01
 3.0000e+00  6.7940e-01
