 1.0000e-02  0.0000e+00
 2.0000e-02  0.0000e+00
 3.0000e-02  0.0000e+00
 4.0000e-02  0.0000e+00
 5.0000e-02  0.0000e+00
 6.0000e-02  0.0000e+00
 7.0000e-02  0.0000e+00
 8.0000e-02  0.0000e+00
 9.0000e-02  0.0000e+00
 1.0000e-01  0.0000e+00
 1.1000e-01  0.0000e+00
 1.2000e-01  0.0000e+00
 1.3000e-01  0.0000e+00
 1.4000e-01  0.0000e+00
 1.5000e-01  1.9003e-14
 1.6000e-01  1.4498e-13
 1.7000e-01  4.7402e-13
 1.8000e-01  1.1076e-12
 1.9000e-01  2.1792e-12
 2.0000e-01  3.9251e-12
 2.1000e-01  7.2328e-12
 2.2000e-01  1.1109e-11
 2.3000e-01  1.4465e-11
 2.4000e-01  1.8299e-11
 2.5000e-01  2.2633e-11
 2.6000e-01  2.7494e-11
 2.7000e-01  3.2915e-11
 2.8000e-01  3.8932e-11
 2.9000e-01  5.8953e-08
 3.0000e-01  1.5869e-07
 3.1000e-01  2.7692e-07
 3.2000e-01  4.0457e-07
 3.3000e-01  5.3643e-07
 3.4000e-01  6.6936e-07
 3.5000e-01  8.0154e-07
 3.6000e-01  9.3202e-07
 3.7000e-01  1.0606e-06
 3.8000e-01  1.1874e-06
 3.9000e-01  1.3131e-06
 4.0000e-01  1.4385e-06
 4.1000e-01  1.5648e-06
 4.2000e-01  1.6933e-06
 4.3000e-01  1.8256e-06
 4.4000e-01  1.9634e-06
 4.5000e-01  2.1085e-06
 4.6000e-01  2.2631e-06
 4.7000e-01  2.4290e-06
 4.8000e-01  2.6079e-06
 4.9000e-01  2.8019e-06
 5.0000e-01  3.0132e-06
 5.1000e-01  3.2444e-06
 5.2000e-01  3.4985e-06
 5.3000e-01  3.7788e-06
 5.4000e-01  4.0892e-06
 5.5000e-01  4.4347e-06
 5.6000e-01  4.8208e-06
 5.7000e-01  5.2546e-06
 5.8000e-01  5.7446e-06
 5.9000e-01  6.3018e-06
 6.0000e-01  6.9384e-06
 6.1000e-01  7.6701e-06
 6.2000e-01  8.5149e-06
 6.3000e-01  9.4948e-06
 6.4000e-01  1.0637e-05
 6.5000e-01  1.1973e-05
 6.6000e-01  1.3539e-05
 6.7000e-01  1.5369e-05
 6.8000e-01  1.7500e-05
 6.9000e-01  1.9960e-05
 7.0000e-01  2.2754e-05
 7.1000e-01  2.5849e-05
 7.2000e-01  2.9138e-05
 7.3000e-01  3.2415e-05
 7.4000e-01  3.5384e-05
 7.5000e-01  3.7767e-05
 7.6000e-01  3.9705e-05
 7.7000e-01  4.3700e-05
 7.8000e-01  7.6664e-05
 7.9000e-01  3.9938e-05
 8.0000e-01  2.7991e-05
 8.1000e-01  2.3590e-05
 8.2000e-01  2.0277e-05
 8.3000e-01  1.7504e-05
 8.4000e-01  1.5159e-05
 8.5000e-01  1.3178e-05
 8.6000e-01  1.1505e-05
 8.7000e-01  1.0089e-05
 8.8000e-01  8.8914e-06
 8.9000e-01  7.8754e-06
 9.0000e-01  7.0199e-06
 9.1000e-01  6.2950e-06
 9.2000e-01  5.6787e-06
 9.3000e-01  5.1568e-06
 9.4000e-01  4.7186e-06
 9.5000e-01  4.3557e-06
 9.6000e-01  4.0633e-06
 9.7000e-01  3.8406e-06
 9.8000e-01  3.6963e-06
 9.9000e-01  3.6707e-06
 1.0000e+00  4.2183e-06
 1.0100e+00  1.0041e-05
 1.0200e+00  1.5600e-04
 1.0300e+00  1.2696e-05
 1.0400e+00  6.2570e-06
 1.0500e+00  4.6909e-06
 1.0600e+00  4.0746e-06
 1.0700e+00  3.7856e-06
 1.0800e+00  3.6361e-06
 1.0900e+00  3.5386e-06
 1.1000e+00  3.4474e-06
 1.1100e+00  3.3552e-06
 1.1200e+00  3.2669e-06
 1.1300e+00  3.1913e-06
 1.1400e+00  3.1392e-06
 1.1500e+00  3.1169e-06
 1.1600e+00  3.1185e-06
 1.1700e+00  3.1374e-06
 1.1800e+00  3.1666e-06
 1.1900e+00  3.1988e-06
 1.2000e+00  3.2292e-06
 1.2100e+00  3.2599e-06
 1.2200e+00  3.2939e-06
 1.2300e+00  3.3342e-06
 1.2400e+00  3.3842e-06
 1.2500e+00  3.4453e-06
 1.2600e+00  3.5151e-06
 1.2700e+00  3.5901e-06
 1.2800e+00  3.6665e-06
 1.2900e+00  3.7406e-06
 1.3000e+00  3.8104e-06
 1.3100e+00  3.8776e-06
 1.3200e+00  3.9444e-06
 1.3300e+00  4.0136e-06
 1.3400e+00  4.0875e-06
 1.3500e+00  4.1674e-06
 1.3600e+00  4.2516e-06
 1.3700e+00  4.3377e-06
 1.3800e+00  4.4239e-06
 1.3900e+00  4.5079e-06
 1.4000e+00  4.5923e-06
 1.4100e+00  4.6949e-06
 1.4200e+00  4.7966e-06
 1.4300e+00  4.8943e-06
 1.4400e+00  4.9844e-06
 1.4500e+00  5.0634e-06
 1.4600e+00  5.1278e-06
 1.4700e+00  5.1797e-06
 1.4800e+00  5.2571e-06
 1.4900e+00  5.7260e-06
 1.5000e+00  6.0002e-06
 1.5100e+00  6.1209e-06
 1.5200e+00  6.1178e-06
 1.5300e+00  6.0391e-06
 1.5400e+00  5.9321e-06
 1.5500e+00  5.8435e-06
 1.5600e+00  5.8096e-06
 1.5700e+00  5.8301e-06
 1.5800e+00  5.8953e-06
 1.5900e+00  5.9958e-06
 1.6000e+00  6.1222e-06
 1.6100e+00  6.2643e-06
 1.6200e+00  6.4066e-06
 1.6300e+00  6.5329e-06
 1.6400e+00  6.6270e-06
 1.6500e+00  6.6731e-06
 1.6600e+00  6.6617e-06
 1.6700e+00  6.6069e-06
 1.6800e+00  6.5285e-06
 1.6900e+00  6.4462e-06
 1.7000e+00  6.3791e-06
 1.7100e+00  6.3411e-06
 1.7200e+00  6.3246e-06
 1.7300e+00  6.3170e-06
 1.7400e+00  6.3060e-06
 1.7500e+00  6.2793e-06
 1.7600e+00  6.2270e-06
 1.7700e+00  6.1483e-06
 1.7800e+00  6.0446e-06
 1.7900e+00  5.9172e-06
 1.8000e+00  5.7675e-06
 1.8100e+00  5.5978e-06
 1.8200e+00  5.4146e-06
 1.8300e+00  5.2255e-06
 1.8400e+00  5.0378e-06
 1.8500e+00  4.8589e-06
 1.8600e+00  4.6957e-06
 1.8700e+00  4.5539e-06
 1.8800e+00  4.4390e-06
 1.8900e+00  4.3560e-06
 1.9000e+00  4.3104e-06
 1.9100e+00  4.3063e-06
 1.9200e+00  4.3448e-06
 1.9300e+00  4.4258e-06
 1.9400e+00  4.5492e-06
 1.9500e+00  4.7152e-06
 1.9600e+00  4.9131e-06
 1.9700e+00  5.0904e-06
 1.9800e+00  5.1845e-06
 1.9900e+00  5.1336e-06
