 0.0000e+00  0.0000e+00
 3.0030e-03  0.0000e+00
 6.0060e-03  0.0000e+00
 9.0090e-03  0.0000e+00
 1.2012e-02  0.0000e+00
 1.5015e-02  0.0000e+00
 1.8018e-02  0.0000e+00
 2.1021e-02  0.0000e+00
 2.4024e-02  0.0000e+00
 2.7027e-02  0.0000e+00
 3.0030e-02  0.0000e+00
 3.3033e-02  0.0000e+00
 3.6036e-02  0.0000e+00
 3.9039e-02  0.0000e+00
 4.2042e-02  0.0000e+00
 4.5045e-02  0.0000e+00
 4.8048e-02  0.0000e+00
 5.1051e-02  0.0000e+00
 5.4054e-02  0.0000e+00
 5.7057e-02  0.0000e+00
 6.0060e-02  0.0000e+00
 6.3063e-02  0.0000e+00
 6.6066e-02  0.0000e+00
 6.9069e-02  0.0000e+00
 7.2072e-02  0.0000e+00
 7.5075e-02  0.0000e+00
 7.8078e-02  0.0000e+00
 8.1081e-02  0.0000e+00
 8.4084e-02  0.0000e+00
 8.7087e-02  0.0000e+00
 9.0090e-02  0.0000e+00
 9.3093e-02  0.0000e+00
 9.6096e-02  0.0000e+00
 9.9099e-02  0.0000e+00
 1.0210e-01  0.0000e+00
 1.0511e-01  0.0000e+00
 1.0811e-01  0.0000e+00
 1.1111e-01  0.0000e+00
 1.1411e-01  0.0000e+00
 1.1712e-01  0.0000e+00
 1.2012e-01  0.0000e+00
 1.2312e-01  0.0000e+00
 1.2613e-01  0.0000e+00
 1.2913e-01  0.0000e+00
 1.3213e-01  0.0000e+00
 1.3514e-01  0.0000e+00
 1.3814e-01  0.0000e+00
 1.4114e-01  0.0000e+00
 1.4414e-01  0.0000e+00
 1.4715e-01  0.0000e+00
 1.5015e-01  0.0000e+00
 1.5315e-01  0.0000e+00
 1.5616e-01  0.0000e+00
 1.5916e-01  0.0000e+00
 1.6216e-01  0.0000e+00
 1.6517e-01  0.0000e+00
 1.6817e-01  0.0000e+00
 1.7117e-01  0.0000e+00
 1.7417e-01  0.0000e+00
 1.7718e-01  0.0000e+00
 1.8018e-01  0.0000e+00
 1.8318e-01  0.0000e+00
 1.8619e-01  0.0000e+00
 1.8919e-01  0.0000e+00
 1.9219e-01  0.0000e+00
 1.9520e-01  0.0000e+00
 1.9820e-01  0.0000e+00
 2.0120e-01  0.0000e+00
 2.0420e-01  0.0000e+00
 2.0721e-01  0.0000e+00
 2.1021e-01  0.0000e+00
 2.1321e-01  0.0000e+00
 2.1622e-01  0.0000e+00
 2.1922e-01  0.0000e+00
 2.2222e-01  0.0000e+00
 2.2523e-01  0.0000e+00
 2.2823e-01  0.0000e+00
 2.3123e-01  0.0000e+00
 2.3423e-01  0.0000e+00
 2.3724e-01  0.0000e+00
 2.4024e-01  0.0000e+00
 2.4324e-01  0.0000e+00
 2.4625e-01  0.0000e+00
 2.4925e-01  0.0000e+00
 2.5225e-01  0.0000e+00
 2.5526e-01  0.0000e+00
 2.5826e-01  0.0000e+00
 2.6126e-01  0.0000e+00
 2.6426e-01  0.0000e+00
 2.6727e-01  0.0000e+00
 2.7027e-01  0.0000e+00
 2.7327e-01  0.0000e+00
 2.7628e-01  0.0000e+00
 2.7928e-01  0.0000e+00
 2.8228e-01  0.0000e+00
 2.8529e-01  0.0000e+00
 2.8829e-01  0.0000e+00
 2.9129e-01  0.0000e+00
 2.9429e-01  0.0000e+00
 2.9730e-01  0.0000e+00
 3.0030e-01  0.0000e+00
 3.0330e-01  0.0000e+00
 3.0631e-01  0.0000e+00
 3.0931e-01  0.0000e+00
 3.1231e-01  0.0000e+00
 3.1532e-01  0.0000e+00
 3.1832e-01  0.0000e+00
 3.2132e-01  0.0000e+00
 3.2432e-01  0.0000e+00
 3.2733e-01  0.0000e+00
 3.3033e-01  0.0000e+00
 3.3333e-01  0.0000e+00
 3.3634e-01  0.0000e+00
 3.3934e-01  0.0000e+00
 3.4234e-01  0.0000e+00
 3.4535e-01  0.0000e+00
 3.4835e-01  0.0000e+00
 3.5135e-01  0.0000e+00
 3.5435e-01  0.0000e+00
 3.5736e-01  0.0000e+00
 3.6036e-01  0.0000e+00
 3.6336e-01  0.0000e+00
 3.6637e-01  0.0000e+00
 3.6937e-01  0.0000e+00
 3.7237e-01  0.0000e+00
 3.7538e-01  0.0000e+00
 3.7838e-01  0.0000e+00
 3.8138e-01  0.0000e+00
 3.8438e-01  0.0000e+00
 3.8739e-01  0.0000e+00
 3.9039e-01  0.0000e+00
 3.9339e-01  0.0000e+00
 3.9640e-01  0.0000e+00
 3.9940e-01  0.0000e+00
 4.0240e-01  0.0000e+00
 4.0541e-01  0.0000e+00
 4.0841e-01  0.0000e+00
 4.1141e-01  0.0000e+00
 4.1441e-01  0.0000e+00
 4.1742e-01  0.0000e+00
 4.2042e-01  0.0000e+00
 4.2342e-01  0.0000e+00
 4.2643e-01  0.0000e+00
 4.2943e-01  0.0000e+00
 4.3243e-01  0.0000e+00
 4.3544e-01  0.0000e+00
 4.3844e-01  0.0000e+00
 4.4144e-01  0.0000e+00
 4.4444e-01  0.0000e+00
 4.4745e-01  0.0000e+00
 4.5045e-01  0.0000e+00
 4.5345e-01  0.0000e+00
 4.5646e-01  0.0000e+00
 4.5946e-01  0.0000e+00
 4.6246e-01  0.0000e+00
 4.6547e-01  0.0000e+00
 4.6847e-01  0.0000e+00
 4.7147e-01  0.0000e+00
 4.7447e-01  0.0000e+00
 4.7748e-01  0.0000e+00
 4.8048e-01  0.0000e+00
 4.8348e-01  0.0000e+00
 4.8649e-01  0.0000e+00
 4.8949e-01  0.0000e+00
 4.9249e-01  0.0000e+00
 4.9550e-01  0.0000e+00
 4.9850e-01  0.0000e+00
 5.0150e-01  0.0000e+00
 5.0450e-01  0.0000e+00
 5.0751e-01  0.0000e+00
 5.1051e-01  0.0000e+00
 5.1351e-01  0.0000e+00
 5.1652e-01  0.0000e+00
 5.1952e-01  0.0000e+00
 5.2252e-01  0.0000e+00
 5.2553e-01  0.0000e+00
 5.2853e-01  0.0000e+00
 5.3153e-01  0.0000e+00
 5.3453e-01  0.0000e+00
 5.3754e-01  0.0000e+00
 5.4054e-01  0.0000e+00
 5.4354e-01  0.0000e+00
 5.4655e-01  0.0000e+00
 5.4955e-01  0.0000e+00
 5.5255e-01  0.0000e+00
 5.5556e-01  0.0000e+00
 5.5856e-01  0.0000e+00
 5.6156e-01  0.0000e+00
 5.6456e-01  0.0000e+00
 5.6757e-01  0.0000e+00
 5.7057e-01  0.0000e+00
 5.7357e-01  0.0000e+00
 5.7658e-01  0.0000e+00
 5.7958e-01  0.0000e+00
 5.8258e-01  0.0000e+00
 5.8559e-01  0.0000e+00
 5.8859e-01  0.0000e+00
 5.9159e-01  0.0000e+00
 5.9459e-01  0.0000e+00
 5.9760e-01  0.0000e+00
 6.0060e-01  0.0000e+00
 6.0360e-01  0.0000e+00
 6.0661e-01  0.0000e+00
 6.0961e-01  0.0000e+00
 6.1261e-01  0.0000e+00
 6.1562e-01  0.0000e+00
 6.1862e-01  0.0000e+00
 6.2162e-01  0.0000e+00
 6.2462e-01  0.0000e+00
 6.2763e-01  0.0000e+00
 6.3063e-01  0.0000e+00
 6.3363e-01  0.0000e+00
 6.3664e-01  0.0000e+00
 6.3964e-01  0.0000e+00
 6.4264e-01  0.0000e+00
 6.4565e-01  0.0000e+00
 6.4865e-01  0.0000e+00
 6.5165e-01  0.0000e+00
 6.5465e-01  0.0000e+00
 6.5766e-01  0.0000e+00
 6.6066e-01  0.0000e+00
 6.6366e-01  0.0000e+00
 6.6667e-01  0.0000e+00
 6.6967e-01  0.0000e+00
 6.7267e-01  0.0000e+00
 6.7568e-01  0.0000e+00
 6.7868e-01  0.0000e+00
 6.8168e-01  0.0000e+00
 6.8468e-01  0.0000e+00
 6.8769e-01  0.0000e+00
 6.9069e-01  0.0000e+00
 6.9369e-01  0.0000e+00
 6.9670e-01  0.0000e+00
 6.9970e-01  0.0000e+00
 7.0270e-01  0.0000e+00
 7.0571e-01  0.0000e+00
 7.0871e-01  0.0000e+00
 7.1171e-01  0.0000e+00
 7.1471e-01  0.0000e+00
 7.1772e-01  0.0000e+00
 7.2072e-01  0.0000e+00
 7.2372e-01  0.0000e+00
 7.2673e-01  0.0000e+00
 7.2973e-01  0.0000e+00
 7.3273e-01  0.0000e+00
 7.3574e-01  0.0000e+00
 7.3874e-01  0.0000e+00
 7.4174e-01  0.0000e+00
 7.4474e-01  0.0000e+00
 7.4775e-01  0.0000e+00
 7.5075e-01  0.0000e+00
 7.5375e-01  0.0000e+00
 7.5676e-01  0.0000e+00
 7.5976e-01  0.0000e+00
 7.6276e-01  0.0000e+00
 7.6577e-01  0.0000e+00
 7.6877e-01  0.0000e+00
 7.7177e-01  0.0000e+00
 7.7477e-01  0.0000e+00
 7.7778e-01  0.0000e+00
 7.8078e-01  0.0000e+00
 7.8378e-01  0.0000e+00
 7.8679e-01  0.0000e+00
 7.8979e-01  0.0000e+00
 7.9279e-01  0.0000e+00
 7.9580e-01  0.0000e+00
 7.9880e-01  0.0000e+00
 8.0180e-01  0.0000e+00
 8.0480e-01  0.0000e+00
 8.0781e-01  0.0000e+00
 8.1081e-01  0.0000e+00
 8.1381e-01  0.0000e+00
 8.1682e-01  0.0000e+00
 8.1982e-01  0.0000e+00
 8.2282e-01  0.0000e+00
 8.2583e-01  0.0000e+00
 8.2883e-01  0.0000e+00
 8.3183e-01  0.0000e+00
 8.3483e-01  0.0000e+00
 8.3784e-01  0.0000e+00
 8.4084e-01  0.0000e+00
 8.4384e-01  0.0000e+00
 8.4685e-01  0.0000e+00
 8.4985e-01  0.0000e+00
 8.5285e-01  0.0000e+00
 8.5586e-01  0.0000e+00
 8.5886e-01  0.0000e+00
 8.6186e-01  0.0000e+00
 8.6486e-01  0.0000e+00
 8.6787e-01  0.0000e+00
 8.7087e-01  0.0000e+00
 8.7387e-01  0.0000e+00
 8.7688e-01  0.0000e+00
 8.7988e-01  0.0000e+00
 8.8288e-01  0.0000e+00
 8.8589e-01  0.0000e+00
 8.8889e-01  0.0000e+00
 8.9189e-01  0.0000e+00
 8.9489e-01  0.0000e+00
 8.9790e-01  0.0000e+00
 9.0090e-01  0.0000e+00
 9.0390e-01  0.0000e+00
 9.0691e-01  0.0000e+00
 9.0991e-01  0.0000e+00
 9.1291e-01  0.0000e+00
 9.1592e-01  0.0000e+00
 9.1892e-01  0.0000e+00
 9.2192e-01  0.0000e+00
 9.2492e-01  0.0000e+00
 9.2793e-01  0.0000e+00
 9.3093e-01  0.0000e+00
 9.3393e-01  0.0000e+00
 9.3694e-01  0.0000e+00
 9.3994e-01  0.0000e+00
 9.4294e-01  0.0000e+00
 9.4595e-01  0.0000e+00
 9.4895e-01  0.0000e+00
 9.5195e-01  0.0000e+00
 9.5495e-01  0.0000e+00
 9.5796e-01  0.0000e+00
 9.6096e-01  0.0000e+00
 9.6396e-01  0.0000e+00
 9.6697e-01  0.0000e+00
 9.6997e-01  0.0000e+00
 9.7297e-01  0.0000e+00
 9.7598e-01  0.0000e+00
 9.7898e-01  0.0000e+00
 9.8198e-01  0.0000e+00
 9.8498e-01  0.0000e+00
 9.8799e-01  0.0000e+00
 9.9099e-01  1.8174e-02
 9.9399e-01  8.9185e-02
 9.9700e-01  2.5271e-01
 1.0000e+00  5.1259e-01
 1.0030e+00  7.8163e-01
 1.0060e+00  9.5264e-01
 1.0090e+00  1.0095e+00
 1.0120e+00  9.9598e-01
 1.0150e+00  9.5106e-01
 1.0180e+00  8.8258e-01
 1.0210e+00  8.0859e-01
 1.0240e+00  7.7180e-01
 1.0270e+00  7.3056e-01
 1.0300e+00  6.9089e-01
 1.0330e+00  6.5444e-01
 1.0360e+00  6.2145e-01
 1.0390e+00  5.9185e-01
 1.0420e+00  5.6546e-01
 1.0450e+00  5.4205e-01
 1.0480e+00  5.2142e-01
 1.0511e+00  5.0335e-01
 1.0541e+00  4.8764e-01
 1.0571e+00  4.7412e-01
 1.0601e+00  4.6253e-01
 1.0631e+00  4.5271e-01
 1.0661e+00  4.4445e-01
 1.0691e+00  4.3755e-01
 1.0721e+00  4.3178e-01
 1.0751e+00  4.2696e-01
 1.0781e+00  4.2283e-01
 1.0811e+00  4.1923e-01
 1.0841e+00  4.1590e-01
 1.0871e+00  4.1263e-01
 1.0901e+00  4.0922e-01
 1.0931e+00  4.0555e-01
 1.0961e+00  4.0159e-01
 1.0991e+00  3.9735e-01
 1.1021e+00  3.9285e-01
 1.1051e+00  3.8808e-01
 1.1081e+00  3.8305e-01
 1.1111e+00  3.7784e-01
 1.1141e+00  3.7247e-01
 1.1171e+00  3.6700e-01
 1.1201e+00  3.6150e-01
 1.1231e+00  3.5600e-01
 1.1261e+00  3.5064e-01
 1.1291e+00  3.4546e-01
 1.1321e+00  3.4056e-01
 1.1351e+00  3.3608e-01
 1.1381e+00  3.3208e-01
 1.1411e+00  3.2867e-01
 1.1441e+00  3.2583e-01
 1.1471e+00  3.2353e-01
 1.1502e+00  3.2174e-01
 1.1532e+00  3.2041e-01
 1.1562e+00  3.1950e-01
 1.1592e+00  3.1897e-01
 1.1622e+00  3.1876e-01
 1.1652e+00  3.1881e-01
 1.1682e+00  3.1909e-01
 1.1712e+00  3.1953e-01
 1.1742e+00  3.2006e-01
 1.1772e+00  3.2064e-01
 1.1802e+00  3.2121e-01
 1.1832e+00  3.2169e-01
 1.1862e+00  3.2202e-01
 1.1892e+00  3.2213e-01
 1.1922e+00  3.2199e-01
 1.1952e+00  3.2162e-01
 1.1982e+00  3.2103e-01
 1.2012e+00  3.2022e-01
 1.2042e+00  3.1924e-01
 1.2072e+00  3.1810e-01
 1.2102e+00  3.1682e-01
 1.2132e+00  3.1544e-01
 1.2162e+00  3.1398e-01
 1.2192e+00  3.1249e-01
 1.2222e+00  3.1097e-01
 1.2252e+00  3.0945e-01
 1.2282e+00  3.0799e-01
 1.2312e+00  3.0661e-01
 1.2342e+00  3.0533e-01
 1.2372e+00  3.0421e-01
 1.2402e+00  3.0327e-01
 1.2432e+00  3.0250e-01
 1.2462e+00  3.0189e-01
 1.2492e+00  3.0143e-01
 1.2523e+00  3.0109e-01
 1.2553e+00  3.0086e-01
 1.2583e+00  3.0071e-01
 1.2613e+00  3.0064e-01
 1.2643e+00  3.0061e-01
 1.2673e+00  3.0061e-01
 1.2703e+00  3.0062e-01
 1.2733e+00  3.0062e-01
 1.2763e+00  3.0058e-01
 1.2793e+00  3.0048e-01
 1.2823e+00  3.0030e-01
 1.2853e+00  3.0002e-01
 1.2883e+00  2.9963e-01
 1.2913e+00  2.9908e-01
 1.2943e+00  2.9843e-01
 1.2973e+00  2.9768e-01
 1.3003e+00  2.9685e-01
 1.3033e+00  2.9599e-01
 1.3063e+00  2.9508e-01
 1.3093e+00  2.9419e-01
 1.3123e+00  2.9329e-01
 1.3153e+00  2.9243e-01
 1.3183e+00  2.9162e-01
 1.3213e+00  2.9088e-01
 1.3243e+00  2.9026e-01
 1.3273e+00  2.8974e-01
 1.3303e+00  2.8938e-01
 1.3333e+00  2.8919e-01
 1.3363e+00  2.8920e-01
 1.3393e+00  2.8942e-01
 1.3423e+00  2.8987e-01
 1.3453e+00  2.9054e-01
 1.3483e+00  2.9139e-01
 1.3514e+00  2.9243e-01
 1.3544e+00  2.9360e-01
 1.3574e+00  2.9493e-01
 1.3604e+00  2.9635e-01
 1.3634e+00  2.9786e-01
 1.3664e+00  2.9945e-01
 1.3694e+00  3.0109e-01
 1.3724e+00  3.0273e-01
 1.3754e+00  3.0439e-01
 1.3784e+00  3.0602e-01
 1.3814e+00  3.0759e-01
 1.3844e+00  3.0908e-01
 1.3874e+00  3.1047e-01
 1.3904e+00  3.1172e-01
 1.3934e+00  3.1287e-01
 1.3964e+00  3.1385e-01
 1.3994e+00  3.1473e-01
 1.4024e+00  3.1384e-01
 1.4054e+00  3.1321e-01
 1.4084e+00  3.1239e-01
 1.4114e+00  3.1140e-01
 1.4144e+00  3.1028e-01
 1.4174e+00  3.0903e-01
 1.4204e+00  3.0765e-01
 1.4234e+00  3.0619e-01
 1.4264e+00  3.0466e-01
 1.4294e+00  3.0306e-01
 1.4324e+00  3.0145e-01
 1.4354e+00  2.9980e-01
 1.4384e+00  2.9818e-01
 1.4414e+00  2.9656e-01
 1.4444e+00  2.9498e-01
 1.4474e+00  2.9344e-01
 1.4505e+00  2.9194e-01
 1.4535e+00  2.9049e-01
 1.4565e+00  2.8904e-01
 1.4595e+00  2.8761e-01
 1.4625e+00  2.8612e-01
 1.4655e+00  2.8457e-01
 1.4685e+00  2.8291e-01
 1.4715e+00  2.8114e-01
 1.4745e+00  2.7921e-01
 1.4775e+00  2.8618e-01
 1.4805e+00  2.8541e-01
 1.4835e+00  2.8269e-01
 1.4865e+00  2.7972e-01
 1.4895e+00  2.7647e-01
 1.4925e+00  2.7290e-01
 1.4955e+00  2.6902e-01
 1.4985e+00  2.6481e-01
 1.5015e+00  2.6072e-01
 1.5045e+00  2.5674e-01
 1.5075e+00  2.5251e-01
 1.5105e+00  2.4808e-01
 1.5135e+00  2.4349e-01
 1.5165e+00  2.3881e-01
 1.5195e+00  2.3405e-01
 1.5225e+00  2.2929e-01
 1.5255e+00  2.2454e-01
 1.5285e+00  2.1985e-01
 1.5315e+00  2.1524e-01
 1.5345e+00  2.1075e-01
 1.5375e+00  2.0638e-01
 1.5405e+00  2.0216e-01
 1.5435e+00  1.9811e-01
 1.5465e+00  1.9424e-01
 1.5495e+00  1.9055e-01
 1.5526e+00  1.8707e-01
 1.5556e+00  1.8378e-01
 1.5586e+00  1.8069e-01
 1.5616e+00  1.7781e-01
 1.5646e+00  1.7513e-01
 1.5676e+00  1.7266e-01
 1.5706e+00  1.7041e-01
 1.5736e+00  1.6836e-01
 1.5766e+00  1.6652e-01
 1.5796e+00  1.6489e-01
 1.5826e+00  1.6348e-01
 1.5856e+00  1.6228e-01
 1.5886e+00  1.6131e-01
 1.5916e+00  1.6055e-01
 1.5946e+00  1.5999e-01
 1.5976e+00  1.5961e-01
 1.6006e+00  1.5939e-01
 1.6036e+00  1.5931e-01
 1.6066e+00  1.5933e-01
 1.6096e+00  1.5941e-01
 1.6126e+00  1.5951e-01
 1.6156e+00  1.5959e-01
 1.6186e+00  1.5962e-01
 1.6216e+00  1.5956e-01
 1.6246e+00  1.5935e-01
 1.6276e+00  1.5897e-01
 1.6306e+00  1.5836e-01
 1.6336e+00  1.5748e-01
 1.6366e+00  1.5559e-01
 1.6396e+00  1.5227e-01
 1.6426e+00  1.4855e-01
 1.6456e+00  1.4448e-01
 1.6486e+00  1.4013e-01
 1.6517e+00  1.3552e-01
 1.6547e+00  1.3073e-01
 1.6577e+00  1.2581e-01
 1.6607e+00  1.2082e-01
 1.6637e+00  1.1583e-01
 1.6667e+00  1.1088e-01
 1.6697e+00  1.0603e-01
 1.6727e+00  1.0133e-01
 1.6757e+00  9.6812e-02
 1.6787e+00  9.2525e-02
 1.6817e+00  8.8509e-02
 1.6847e+00  8.4793e-02
 1.6877e+00  8.1412e-02
 1.6907e+00  7.8385e-02
 1.6937e+00  7.5692e-02
 1.6967e+00  7.3296e-02
 1.6997e+00  7.1166e-02
 1.7027e+00  6.9268e-02
 1.7057e+00  6.7565e-02
 1.7087e+00  6.6016e-02
 1.7117e+00  6.4198e-02
 1.7147e+00  6.2324e-02
 1.7177e+00  6.0490e-02
 1.7207e+00  5.8667e-02
 1.7237e+00  5.6828e-02
 1.7267e+00  5.4947e-02
 1.7297e+00  5.3002e-02
 1.7327e+00  5.0972e-02
 1.7357e+00  4.8836e-02
 1.7387e+00  4.6580e-02
 1.7417e+00  4.4206e-02
 1.7447e+00  4.1752e-02
 1.7477e+00  3.9257e-02
 1.7508e+00  3.6755e-02
 1.7538e+00  3.4280e-02
 1.7568e+00  3.1864e-02
 1.7598e+00  2.9530e-02
 1.7628e+00  2.7304e-02
 1.7658e+00  2.5204e-02
 1.7688e+00  2.3247e-02
 1.7718e+00  2.1444e-02
 1.7748e+00  1.9807e-02
 1.7778e+00  1.8342e-02
 1.7808e+00  1.7054e-02
 1.7838e+00  1.5949e-02
 1.7868e+00  1.5028e-02
 1.7898e+00  1.4293e-02
 1.7928e+00  1.3734e-02
 1.7958e+00  1.3331e-02
 1.7988e+00  1.3066e-02
 1.8018e+00  1.2926e-02
 1.8048e+00  1.2897e-02
 1.8078e+00  1.2969e-02
 1.8108e+00  1.3132e-02
 1.8138e+00  1.3378e-02
 1.8168e+00  1.3696e-02
 1.8198e+00  1.4081e-02
 1.8228e+00  1.4521e-02
 1.8258e+00  1.5008e-02
 1.8288e+00  1.5533e-02
 1.8318e+00  1.6085e-02
 1.8348e+00  1.6651e-02
 1.8378e+00  1.7219e-02
 1.8408e+00  1.7780e-02
 1.8438e+00  1.8329e-02
 1.8468e+00  1.8865e-02
 1.8498e+00  1.9388e-02
 1.8529e+00  1.9897e-02
 1.8559e+00  2.0391e-02
 1.8589e+00  2.0872e-02
 1.8619e+00  2.0871e-02
 1.8649e+00  2.1031e-02
 1.8679e+00  2.1252e-02
 1.8709e+00  2.1491e-02
 1.8739e+00  2.1733e-02
 1.8769e+00  2.1973e-02
 1.8799e+00  2.2206e-02
 1.8829e+00  2.2431e-02
 1.8859e+00  2.2648e-02
 1.8889e+00  2.2853e-02
 1.8919e+00  2.3047e-02
 1.8949e+00  2.3229e-02
 1.8979e+00  2.3401e-02
 1.9009e+00  2.3560e-02
 1.9039e+00  2.3709e-02
 1.9069e+00  2.3845e-02
 1.9099e+00  2.3969e-02
 1.9129e+00  2.4082e-02
 1.9159e+00  2.4183e-02
 1.9189e+00  2.4274e-02
 1.9219e+00  2.4355e-02
 1.9249e+00  2.4424e-02
 1.9279e+00  2.4484e-02
 1.9309e+00  2.4532e-02
 1.9339e+00  2.4572e-02
 1.9369e+00  2.4603e-02
 1.9399e+00  2.4625e-02
 1.9429e+00  2.4639e-02
 1.9459e+00  2.4644e-02
 1.9489e+00  2.4642e-02
 1.9520e+00  2.4632e-02
 1.9550e+00  2.4615e-02
 1.9580e+00  2.4593e-02
 1.9610e+00  2.4564e-02
 1.9640e+00  2.4529e-02
 1.9670e+00  2.4489e-02
 1.9700e+00  2.4445e-02
 1.9730e+00  2.4396e-02
 1.9760e+00  2.4343e-02
 1.9790e+00  2.4288e-02
 1.9820e+00  2.4229e-02
 1.9850e+00  2.4168e-02
 1.9880e+00  2.4103e-02
 1.9910e+00  2.4038e-02
 1.9940e+00  2.3972e-02
 1.9970e+00  2.3905e-02
 2.0000e+00  2.3838e-02
 2.0030e+00  2.3807e-02
 2.0060e+00  2.3777e-02
 2.0090e+00  2.3747e-02
 2.0120e+00  2.3718e-02
 2.0150e+00  2.3690e-02
 2.0180e+00  2.3662e-02
 2.0210e+00  2.3635e-02
 2.0240e+00  2.3608e-02
 2.0270e+00  2.3581e-02
 2.0300e+00  2.3555e-02
 2.0330e+00  2.3530e-02
 2.0360e+00  2.3505e-02
 2.0390e+00  2.3480e-02
 2.0420e+00  2.3456e-02
 2.0450e+00  2.3432e-02
 2.0480e+00  2.3408e-02
 2.0511e+00  2.3385e-02
 2.0541e+00  2.3362e-02
 2.0571e+00  2.3340e-02
 2.0601e+00  2.3318e-02
 2.0631e+00  2.3296e-02
 2.0661e+00  2.3275e-02
 2.0691e+00  2.3254e-02
 2.0721e+00  2.3233e-02
 2.0751e+00  2.3213e-02
 2.0781e+00  2.3193e-02
 2.0811e+00  2.3173e-02
 2.0841e+00  2.3153e-02
 2.0871e+00  2.3134e-02
 2.0901e+00  2.3115e-02
 2.0931e+00  2.3096e-02
 2.0961e+00  2.3078e-02
 2.0991e+00  2.3060e-02
 2.1021e+00  2.3042e-02
 2.1051e+00  2.3024e-02
 2.1081e+00  2.3007e-02
 2.1111e+00  2.2989e-02
 2.1141e+00  2.2972e-02
 2.1171e+00  2.2956e-02
 2.1201e+00  2.2939e-02
 2.1231e+00  2.2923e-02
 2.1261e+00  2.2907e-02
 2.1291e+00  2.2891e-02
 2.1321e+00  2.2875e-02
 2.1351e+00  2.2860e-02
 2.1381e+00  2.2844e-02
 2.1411e+00  2.2829e-02
 2.1441e+00  2.2814e-02
 2.1471e+00  2.2800e-02
 2.1502e+00  2.2785e-02
 2.1532e+00  2.2771e-02
 2.1562e+00  2.2757e-02
 2.1592e+00  2.2743e-02
 2.1622e+00  2.2729e-02
 2.1652e+00  2.2715e-02
 2.1682e+00  2.2702e-02
 2.1712e+00  2.2688e-02
 2.1742e+00  2.2675e-02
 2.1772e+00  2.2662e-02
 2.1802e+00  2.2649e-02
 2.1832e+00  2.2636e-02
 2.1862e+00  2.2624e-02
 2.1892e+00  2.2611e-02
 2.1922e+00  2.2599e-02
 2.1952e+00  2.2587e-02
 2.1982e+00  2.2575e-02
 2.2012e+00  2.2563e-02
 2.2042e+00  2.2551e-02
 2.2072e+00  2.2540e-02
 2.2102e+00  2.2528e-02
 2.2132e+00  2.2517e-02
 2.2162e+00  2.2506e-02
 2.2192e+00  2.2495e-02
 2.2222e+00  2.2484e-02
 2.2252e+00  2.2473e-02
 2.2282e+00  2.2462e-02
 2.2312e+00  2.2451e-02
 2.2342e+00  2.2441e-02
 2.2372e+00  2.2430e-02
 2.2402e+00  2.2420e-02
 2.2432e+00  2.2410e-02
 2.2462e+00  2.2400e-02
 2.2492e+00  2.2390e-02
 2.2523e+00  2.2380e-02
 2.2553e+00  2.2370e-02
 2.2583e+00  2.2360e-02
 2.2613e+00  2.2351e-02
 2.2643e+00  2.2341e-02
 2.2673e+00  2.2332e-02
 2.2703e+00  2.2323e-02
 2.2733e+00  2.2314e-02
 2.2763e+00  2.2304e-02
 2.2793e+00  2.2295e-02
 2.2823e+00  2.2286e-02
 2.2853e+00  2.2278e-02
 2.2883e+00  2.2269e-02
 2.2913e+00  2.2260e-02
 2.2943e+00  2.2252e-02
 2.2973e+00  2.2243e-02
 2.3003e+00  2.2235e-02
 2.3033e+00  2.2226e-02
 2.3063e+00  2.2218e-02
 2.3093e+00  2.2210e-02
 2.3123e+00  2.2202e-02
 2.3153e+00  2.2194e-02
 2.3183e+00  2.2186e-02
 2.3213e+00  2.2178e-02
 2.3243e+00  2.2170e-02
 2.3273e+00  2.2163e-02
 2.3303e+00  2.2155e-02
 2.3333e+00  2.2147e-02
 2.3363e+00  2.2140e-02
 2.3393e+00  2.2132e-02
 2.3423e+00  2.2125e-02
 2.3453e+00  2.2118e-02
 2.3483e+00  2.2111e-02
 2.3514e+00  2.2103e-02
 2.3544e+00  2.2096e-02
 2.3574e+00  2.2089e-02
 2.3604e+00  2.2082e-02
 2.3634e+00  2.2075e-02
 2.3664e+00  2.2069e-02
 2.3694e+00  2.2062e-02
 2.3724e+00  2.2055e-02
 2.3754e+00  2.2048e-02
 2.3784e+00  2.2042e-02
 2.3814e+00  2.2035e-02
 2.3844e+00  2.2029e-02
 2.3874e+00  2.2022e-02
 2.3904e+00  2.2016e-02
 2.3934e+00  2.2010e-02
 2.3964e+00  2.2003e-02
 2.3994e+00  2.1997e-02
 2.4024e+00  2.1991e-02
 2.4054e+00  2.1985e-02
 2.4084e+00  2.1979e-02
 2.4114e+00  2.1973e-02
 2.4144e+00  2.1967e-02
 2.4174e+00  2.1961e-02
 2.4204e+00  2.1955e-02
 2.4234e+00  2.1950e-02
 2.4264e+00  2.1944e-02
 2.4294e+00  2.1938e-02
 2.4324e+00  2.1932e-02
 2.4354e+00  2.1927e-02
 2.4384e+00  2.1921e-02
 2.4414e+00  2.1916e-02
 2.4444e+00  2.1910e-02
 2.4474e+00  2.1905e-02
 2.4505e+00  2.1900e-02
 2.4535e+00  2.1894e-02
 2.4565e+00  2.1889e-02
 2.4595e+00  2.1884e-02
 2.4625e+00  2.1879e-02
 2.4655e+00  2.1873e-02
 2.4685e+00  2.1868e-02
 2.4715e+00  2.1863e-02
 2.4745e+00  2.1858e-02
 2.4775e+00  2.1853e-02
 2.4805e+00  2.1848e-02
 2.4835e+00  2.1843e-02
 2.4865e+00  2.1838e-02
 2.4895e+00  2.1834e-02
 2.4925e+00  2.1829e-02
 2.4955e+00  2.1824e-02
 2.4985e+00  2.1819e-02
 2.5015e+00  2.1815e-02
 2.5045e+00  2.1810e-02
 2.5075e+00  2.1805e-02
 2.5105e+00  2.1801e-02
 2.5135e+00  2.1796e-02
 2.5165e+00  2.1792e-02
 2.5195e+00  2.1787e-02
 2.5225e+00  2.1783e-02
 2.5255e+00  2.1779e-02
 2.5285e+00  2.1774e-02
 2.5315e+00  2.1770e-02
 2.5345e+00  2.1766e-02
 2.5375e+00  2.1761e-02
 2.5405e+00  2.1584e-02
 2.5435e+00  2.1317e-02
 2.5465e+00  2.1161e-02
 2.5495e+00  2.1040e-02
 2.5526e+00  2.0939e-02
 2.5556e+00  2.0849e-02
 2.5586e+00  2.0769e-02
 2.5616e+00  2.0695e-02
 2.5646e+00  2.0627e-02
 2.5676e+00  2.0564e-02
 2.5706e+00  2.0504e-02
 2.5736e+00  2.0448e-02
 2.5766e+00  2.0395e-02
 2.5796e+00  2.0344e-02
 2.5826e+00  2.0295e-02
 2.5856e+00  2.0249e-02
 2.5886e+00  2.0204e-02
 2.5916e+00  2.0161e-02
 2.5946e+00  2.0120e-02
 2.5976e+00  2.0079e-02
 2.6006e+00  2.0041e-02
 2.6036e+00  2.0003e-02
 2.6066e+00  1.9967e-02
 2.6096e+00  1.9931e-02
 2.6126e+00  1.9897e-02
 2.6156e+00  1.9863e-02
 2.6186e+00  1.9831e-02
 2.6216e+00  1.9799e-02
 2.6246e+00  1.9768e-02
 2.6276e+00  1.9738e-02
 2.6306e+00  1.9708e-02
 2.6336e+00  1.9679e-02
 2.6366e+00  1.9651e-02
 2.6396e+00  1.9623e-02
 2.6426e+00  1.9596e-02
 2.6456e+00  1.9570e-02
 2.6486e+00  1.9544e-02
 2.6517e+00  1.9518e-02
 2.6547e+00  1.9493e-02
 2.6577e+00  1.9469e-02
 2.6607e+00  1.9445e-02
 2.6637e+00  1.9421e-02
 2.6667e+00  1.9398e-02
 2.6697e+00  1.9375e-02
 2.6727e+00  1.9353e-02
 2.6757e+00  1.9331e-02
 2.6787e+00  1.9310e-02
 2.6817e+00  1.9288e-02
 2.6847e+00  1.9267e-02
 2.6877e+00  1.9247e-02
 2.6907e+00  1.9227e-02
 2.6937e+00  1.9207e-02
 2.6967e+00  1.9187e-02
 2.6997e+00  1.9168e-02
 2.7027e+00  1.9149e-02
 2.7057e+00  1.9130e-02
 2.7087e+00  1.9112e-02
 2.7117e+00  1.9094e-02
 2.7147e+00  1.9076e-02
 2.7177e+00  1.9058e-02
 2.7207e+00  1.9041e-02
 2.7237e+00  1.9024e-02
 2.7267e+00  1.9007e-02
 2.7297e+00  1.8990e-02
 2.7327e+00  1.8974e-02
 2.7357e+00  1.8957e-02
 2.7387e+00  1.8941e-02
 2.7417e+00  1.8925e-02
 2.7447e+00  1.8910e-02
 2.7477e+00  1.8894e-02
 2.7508e+00  1.8879e-02
 2.7538e+00  1.8864e-02
 2.7568e+00  1.8849e-02
 2.7598e+00  1.8835e-02
 2.7628e+00  1.8820e-02
 2.7658e+00  1.8806e-02
 2.7688e+00  1.8792e-02
 2.7718e+00  1.8778e-02
 2.7748e+00  1.8764e-02
 2.7778e+00  1.8750e-02
 2.7808e+00  1.8737e-02
 2.7838e+00  1.8724e-02
 2.7868e+00  1.8710e-02
 2.7898e+00  1.8697e-02
 2.7928e+00  1.8685e-02
 2.7958e+00  1.8672e-02
 2.7988e+00  1.8659e-02
 2.8018e+00  1.8647e-02
 2.8048e+00  1.8635e-02
 2.8078e+00  1.8622e-02
 2.8108e+00  1.8610e-02
 2.8138e+00  1.8598e-02
 2.8168e+00  1.8587e-02
 2.8198e+00  1.8575e-02
 2.8228e+00  1.8563e-02
 2.8258e+00  1.8552e-02
 2.8288e+00  1.8541e-02
 2.8318e+00  1.8530e-02
 2.8348e+00  1.8519e-02
 2.8378e+00  1.8508e-02
 2.8408e+00  1.8497e-02
 2.8438e+00  1.8486e-02
 2.8468e+00  1.8475e-02
 2.8498e+00  1.8465e-02
 2.8529e+00  1.8455e-02
 2.8559e+00  1.8444e-02
 2.8589e+00  1.8434e-02
 2.8619e+00  1.8424e-02
 2.8649e+00  1.8414e-02
 2.8679e+00  1.8404e-02
 2.8709e+00  1.8394e-02
 2.8739e+00  1.8384e-02
 2.8769e+00  1.8375e-02
 2.8799e+00  1.8365e-02
 2.8829e+00  1.8356e-02
 2.8859e+00  1.8347e-02
 2.8889e+00  1.8337e-02
 2.8919e+00  1.8328e-02
 2.8949e+00  1.8319e-02
 2.8979e+00  1.8310e-02
 2.9009e+00  1.8301e-02
 2.9039e+00  1.8292e-02
 2.9069e+00  1.8283e-02
 2.9099e+00  1.8275e-02
 2.9129e+00  1.8266e-02
 2.9159e+00  1.8258e-02
 2.9189e+00  1.8249e-02
 2.9219e+00  1.8241e-02
 2.9249e+00  1.8232e-02
 2.9279e+00  1.8224e-02
 2.9309e+00  1.8216e-02
 2.9339e+00  1.8208e-02
 2.9369e+00  1.8200e-02
 2.9399e+00  1.8192e-02
 2.9429e+00  1.8184e-02
 2.9459e+00  1.8176e-02
 2.9489e+00  1.8168e-02
 2.9520e+00  1.8161e-02
 2.9550e+00  1.8153e-02
 2.9580e+00  1.8146e-02
 2.9610e+00  1.8138e-02
 2.9640e+00  1.8131e-02
 2.9670e+00  1.8123e-02
 2.9700e+00  1.8116e-02
 2.9730e+00  1.8109e-02
 2.9760e+00  1.8102e-02
 2.9790e+00  1.8094e-02
 2.9820e+00  1.8087e-02
 2.9850e+00  1.8080e-02
 2.9880e+00  1.8073e-02
 2.9910e+00  1.8066e-02
 2.9940e+00  1.8060e-02
 2.9970e+00  1.8053e-02
 3.0000e+00  1.8046e-02
