-3.0000e+00  1.5381e-01
-2.8980e+00  1.5269e-01
-2.7959e+00  1.5138e-01
-2.6939e+00  1.4988e-01
-2.5918e+00  1.4813e-01
-2.4898e+00  1.4610e-01
-2.3878e+00  1.4374e-01
-2.2857e+00  1.4098e-01
-2.1837e+00  1.3777e-01
-2.0816e+00  1.3402e-01
-1.9796e+00  1.2963e-01
-1.8776e+00  1.2451e-01
-1.7755e+00  1.1856e-01
-1.6735e+00  1.1167e-01
-1.5714e+00  1.0377e-01
-1.4694e+00  9.4818e-02
-1.3673e+00  8.4853e-02
-1.2653e+00  7.4043e-02
-1.1633e+00  6.2718e-02
-1.0612e+00  5.1404e-02
-9.5918e-01  4.0803e-02
-8.5714e-01  3.1715e-02
-7.5510e-01  2.4893e-02
-6.5306e-01  2.0869e-02
-5.5102e-01  1.9833e-02
-4.4898e-01  2.1604e-02
-3.4694e-01  2.5713e-02
-2.4490e-01  3.1539e-02
-1.4286e-01  3.8454e-02
-4.0816e-02  4.5907e-02
 6.1224e-02  5.3476e-02
 1.6327e-01  6.0864e-02
 2.6531e-01  6.7885e-02
 3.6735e-01  7.4438e-02
 4.6939e-01  8.0478e-02
 5.7143e-01  8.6000e-02
 6.7347e-01  9.1023e-02
 7.7551e-01  9.5578e-02
 8.7755e-01  9.9703e-02
 9.7959e-01  1.0344e-01
 1.0816e+00  1.0682e-01
 1.1837e+00  1.0989e-01
 1.2857e+00  1.1268e-01
 1.3878e+00  1.1521e-01
 1.4898e+00  1.1752e-01
 1.5918e+00  1.1963e-01
 1.6939e+00  1.2156e-01
 1.7959e+00  1.2333e-01
 1.8980e+00  1.2496e-01
 2.0000e+00  1.2646e-01
