 0.0000e+00  0.0000e+00
 3.0030e-03  0.0000e+00
 6.0060e-03  0.0000e+00
 9.0090e-03  0.0000e+00
 1.2012e-02  0.0000e+00
 1.5015e-02  0.0000e+00
 1.8018e-02  0.0000e+00
 2.1021e-02  0.0000e+00
 2.4024e-02  0.0000e+00
 2.7027e-02  0.0000e+00
 3.0030e-02  0.0000e+00
 3.3033e-02  0.0000e+00
 3.6036e-02  0.0000e+00
 3.9039e-02  0.0000e+00
 4.2042e-02  0.0000e+00
 4.5045e-02  0.0000e+00
 4.8048e-02  0.0000e+00
 5.1051e-02  0.0000e+00
 5.4054e-02  0.0000e+00
 5.7057e-02  0.0000e+00
 6.0060e-02  0.0000e+00
 6.3063e-02  0.0000e+00
 6.6066e-02  0.0000e+00
 6.9069e-02  0.0000e+00
 7.2072e-02  0.0000e+00
 7.5075e-02  0.0000e+00
 7.8078e-02  0.0000e+00
 8.1081e-02  0.0000e+00
 8.4084e-02  0.0000e+00
 8.7087e-02  0.0000e+00
 9.0090e-02  0.0000e+00
 9.3093e-02  0.0000e+00
 9.6096e-02  0.0000e+00
 9.9099e-02  0.0000e+00
 1.0210e-01  0.0000e+00
 1.0511e-01  0.0000e+00
 1.0811e-01  0.0000e+00
 1.1111e-01  0.0000e+00
 1.1411e-01  0.0000e+00
 1.1712e-01  0.0000e+00
 1.2012e-01  0.0000e+00
 1.2312e-01  0.0000e+00
 1.2613e-01  0.0000e+00
 1.2913e-01  0.0000e+00
 1.3213e-01  0.0000e+00
 1.3514e-01  0.0000e+00
 1.3814e-01  0.0000e+00
 1.4114e-01  5.3519e-05
 1.4414e-01  2.2341e-03
 1.4715e-01  1.0989e-02
 1.5015e-01  3.0022e-02
 1.5315e-01  6.1581e-02
 1.5616e-01  1.0605e-01
 1.5916e-01  1.6190e-01
 1.6216e-01  2.2614e-01
 1.6517e-01  2.9503e-01
 1.6817e-01  3.6490e-01
 1.7117e-01  4.3271e-01
 1.7417e-01  4.9632e-01
 1.7718e-01  5.5450e-01
 1.8018e-01  6.0669e-01
 1.8318e-01  6.5289e-01
 1.8619e-01  6.9344e-01
 1.8919e-01  7.2882e-01
 1.9219e-01  7.5959e-01
 1.9520e-01  7.8630e-01
 1.9820e-01  8.0950e-01
 2.0120e-01  8.2967e-01
 2.0420e-01  8.4724e-01
 2.0721e-01  8.6257e-01
 2.1021e-01  8.7600e-01
 2.1321e-01  8.6844e-01
 2.1622e-01  8.7042e-01
 2.1922e-01  8.7568e-01
 2.2222e-01  8.8190e-01
 2.2523e-01  8.8838e-01
 2.2823e-01  8.9478e-01
 2.3123e-01  9.0097e-01
 2.3423e-01  9.0686e-01
 2.3724e-01  9.1243e-01
 2.4024e-01  9.1766e-01
 2.4324e-01  9.2257e-01
 2.4625e-01  9.2715e-01
 2.4925e-01  9.3143e-01
 2.5225e-01  9.3542e-01
 2.5526e-01  9.3914e-01
 2.5826e-01  9.4260e-01
 2.6126e-01  9.4584e-01
 2.6426e-01  9.4886e-01
 2.6727e-01  9.5168e-01
 2.7027e-01  9.5431e-01
 2.7327e-01  9.5676e-01
 2.7628e-01  9.5906e-01
 2.7928e-01  9.6121e-01
 2.8228e-01  9.6323e-01
 2.8529e-01  9.6511e-01
 2.8829e-01  9.6688e-01
 2.9129e-01  9.6854e-01
 2.9429e-01  9.7010e-01
 2.9730e-01  9.7157e-01
 3.0030e-01  9.7295e-01
 3.0330e-01  9.7425e-01
 3.0631e-01  9.7547e-01
 3.0931e-01  9.7662e-01
 3.1231e-01  9.7771e-01
 3.1532e-01  9.7874e-01
 3.1832e-01  9.7971e-01
 3.2132e-01  9.8062e-01
 3.2432e-01  9.8149e-01
 3.2733e-01  9.8231e-01
 3.3033e-01  9.8309e-01
 3.3333e-01  9.8383e-01
 3.3634e-01  9.8453e-01
 3.3934e-01  9.8519e-01
 3.4234e-01  9.8582e-01
 3.4535e-01  9.8642e-01
 3.4835e-01  9.8699e-01
 3.5135e-01  9.8753e-01
 3.5435e-01  9.8805e-01
 3.5736e-01  9.8854e-01
 3.6036e-01  9.8900e-01
 3.6336e-01  9.8945e-01
 3.6637e-01  9.8987e-01
 3.6937e-01  9.9028e-01
 3.7237e-01  9.9066e-01
 3.7538e-01  9.9103e-01
 3.7838e-01  9.9139e-01
 3.8138e-01  9.9172e-01
 3.8438e-01  9.9205e-01
 3.8739e-01  9.9235e-01
 3.9039e-01  9.9265e-01
 3.9339e-01  9.9293e-01
 3.9640e-01  9.9320e-01
 3.9940e-01  9.9346e-01
 4.0240e-01  9.9371e-01
 4.0541e-01  9.9394e-01
 4.0841e-01  9.9417e-01
 4.1141e-01  9.9439e-01
 4.1441e-01  9.9460e-01
 4.1742e-01  9.9480e-01
 4.2042e-01  9.9488e-01
 4.2342e-01  9.9346e-01
 4.2643e-01  9.9061e-01
 4.2943e-01  9.8640e-01
 4.3243e-01  9.8093e-01
 4.3544e-01  9.7430e-01
 4.3844e-01  9.6661e-01
 4.4144e-01  9.5794e-01
 4.4444e-01  9.4840e-01
 4.4745e-01  9.3807e-01
 4.5045e-01  9.2704e-01
 4.5345e-01  9.1540e-01
 4.5646e-01  9.0322e-01
 4.5946e-01  8.9059e-01
 4.6246e-01  8.7756e-01
 4.6547e-01  8.6420e-01
 4.6847e-01  8.5058e-01
 4.7147e-01  8.3675e-01
 4.7447e-01  8.2275e-01
 4.7748e-01  8.0864e-01
 4.8048e-01  7.9446e-01
 4.8348e-01  7.8024e-01
 4.8649e-01  7.6601e-01
 4.8949e-01  7.5181e-01
 4.9249e-01  7.3767e-01
 4.9550e-01  7.2360e-01
 4.9850e-01  7.0963e-01
 5.0150e-01  6.9577e-01
 5.0450e-01  6.8205e-01
 5.0751e-01  6.6847e-01
 5.1051e-01  6.5506e-01
 5.1351e-01  6.4180e-01
 5.1652e-01  6.2874e-01
 5.1952e-01  6.1585e-01
 5.2252e-01  6.0318e-01
 5.2553e-01  5.9067e-01
 5.2853e-01  5.7837e-01
 5.3153e-01  5.6628e-01
 5.3453e-01  5.5441e-01
 5.3754e-01  5.2292e-01
 5.4054e-01  5.1153e-01
 5.4354e-01  5.0032e-01
 5.4655e-01  4.8929e-01
 5.4955e-01  4.7840e-01
 5.5255e-01  4.6825e-01
 5.5556e-01  4.5806e-01
 5.5856e-01  4.4793e-01
 5.6156e-01  4.3820e-01
 5.6456e-01  4.2838e-01
 5.6757e-01  4.1895e-01
 5.7057e-01  4.0971e-01
 5.7357e-01  3.9990e-01
 5.7658e-01  3.9278e-01
 5.7958e-01  3.8292e-01
 5.8258e-01  3.7498e-01
 5.8559e-01  3.6650e-01
 5.8859e-01  3.5941e-01
 5.9159e-01  3.5036e-01
 5.9459e-01  3.4407e-01
 5.9760e-01  3.3601e-01
 6.0060e-01  3.2884e-01
 6.0360e-01  3.2115e-01
 6.0661e-01  3.1439e-01
 6.0961e-01  3.0830e-01
 6.1261e-01  3.0161e-01
 6.1562e-01  2.9467e-01
 6.1862e-01  2.8871e-01
 6.2162e-01  2.8240e-01
 6.2462e-01  2.7656e-01
 6.2763e-01  2.7071e-01
 6.3063e-01  2.6452e-01
 6.3363e-01  2.5890e-01
 6.3664e-01  2.5367e-01
 6.3964e-01  2.4815e-01
 6.4264e-01  2.4288e-01
 6.4565e-01  2.3800e-01
 6.4865e-01  2.3305e-01
 6.5165e-01  2.2807e-01
 6.5465e-01  2.2346e-01
 6.5766e-01  2.1871e-01
 6.6066e-01  2.1421e-01
 6.6366e-01  2.0994e-01
 6.6667e-01  2.0563e-01
 6.6967e-01  2.0140e-01
 6.7267e-01  1.9728e-01
 6.7568e-01  1.9336e-01
 6.7868e-01  1.8947e-01
 6.8168e-01  1.8561e-01
 6.8468e-01  1.8191e-01
 6.8769e-01  1.7828e-01
 6.9069e-01  1.7476e-01
 6.9369e-01  1.7130e-01
 6.9670e-01  1.6794e-01
 6.9970e-01  1.6469e-01
 7.0270e-01  1.6146e-01
 7.0571e-01  1.5834e-01
 7.0871e-01  1.5529e-01
 7.1171e-01  1.5230e-01
 7.1471e-01  1.4940e-01
 7.1772e-01  1.4656e-01
 7.2072e-01  1.4379e-01
 7.2372e-01  1.4109e-01
 7.2673e-01  1.3845e-01
 7.2973e-01  1.3588e-01
 7.3273e-01  1.3336e-01
 7.3574e-01  1.3091e-01
 7.3874e-01  1.2851e-01
 7.4174e-01  1.2618e-01
 7.4474e-01  1.2389e-01
 7.4775e-01  1.2166e-01
 7.5075e-01  1.1948e-01
 7.5375e-01  1.1735e-01
 7.5676e-01  1.1526e-01
 7.5976e-01  1.1322e-01
 7.6276e-01  1.1121e-01
 7.6577e-01  1.0922e-01
 7.6877e-01  1.0723e-01
 7.7177e-01  1.0519e-01
 7.7477e-01  1.0293e-01
 7.7778e-01  1.0000e-01
 7.8078e-01  9.5183e-02
 7.8378e-01  8.8732e-02
 7.8679e-01  8.4476e-02
 7.8979e-01  8.2067e-02
 7.9279e-01  8.0310e-02
 7.9580e-01  7.8801e-02
 7.9880e-01  7.7420e-02
 8.0180e-01  7.5466e-02
 8.0480e-01  7.3144e-02
 8.0781e-01  7.0889e-02
 8.1081e-01  6.8706e-02
 8.1381e-01  6.6597e-02
 8.1682e-01  6.4567e-02
 8.1982e-01  6.2610e-02
 8.2282e-01  6.0730e-02
 8.2583e-01  5.8930e-02
 8.2883e-01  5.7200e-02
 8.3183e-01  5.5549e-02
 8.3483e-01  5.3969e-02
 8.3784e-01  5.2456e-02
 8.4084e-01  5.1011e-02
 8.4384e-01  4.9633e-02
 8.4685e-01  4.8314e-02
 8.4985e-01  4.7059e-02
 8.5285e-01  4.5854e-02
 8.5586e-01  4.4705e-02
 8.5886e-01  4.3606e-02
 8.6186e-01  4.2553e-02
 8.6486e-01  4.1545e-02
 8.6787e-01  4.0578e-02
 8.7087e-01  3.9649e-02
 8.7387e-01  3.8753e-02
 8.7688e-01  3.7890e-02
 8.7988e-01  3.7055e-02
 8.8288e-01  3.6246e-02
 8.8589e-01  3.5459e-02
 8.8889e-01  3.4693e-02
 8.9189e-01  3.4082e-02
 8.9489e-01  3.3003e-02
 8.9790e-01  3.1981e-02
 9.0090e-01  3.1008e-02
 9.0390e-01  3.0080e-02
 9.0691e-01  2.9190e-02
 9.0991e-01  2.8339e-02
 9.1291e-01  2.7521e-02
 9.1592e-01  2.6740e-02
 9.1892e-01  2.5988e-02
 9.2192e-01  2.5267e-02
 9.2492e-01  2.4576e-02
 9.2793e-01  2.3915e-02
 9.3093e-01  2.3282e-02
 9.3393e-01  2.2679e-02
 9.3694e-01  2.2101e-02
 9.3994e-01  2.1556e-02
 9.4294e-01  2.1040e-02
 9.4595e-01  2.0553e-02
 9.4895e-01  2.0099e-02
 9.5195e-01  1.9680e-02
 9.5495e-01  1.9294e-02
 9.5796e-01  1.8949e-02
 9.6096e-01  1.8648e-02
 9.6396e-01  1.8392e-02
 9.6697e-01  1.8193e-02
 9.6997e-01  1.8057e-02
 9.7297e-01  1.7997e-02
 9.7598e-01  1.8031e-02
 9.7898e-01  1.8184e-02
 9.8198e-01  1.8495e-02
 9.8498e-01  1.9022e-02
 9.8799e-01  1.9862e-02
 9.9099e-01  2.0798e-02
 9.9399e-01  2.1228e-02
 9.9700e-01  2.0130e-02
 1.0000e+00  1.6535e-02
 1.0030e+00  1.1123e-02
 1.0060e+00  6.1177e-03
 1.0090e+00  2.8274e-03
 1.0120e+00  1.0913e-03
 1.0150e+00  3.2280e-04
 1.0180e+00  7.1867e-05
 1.0210e+00  7.7636e-05
 1.0240e+00  2.0432e-04
 1.0270e+00  3.8109e-04
 1.0300e+00  5.7218e-04
 1.0330e+00  7.5953e-04
 1.0360e+00  9.3432e-04
 1.0390e+00  1.0924e-03
 1.0420e+00  1.2325e-03
 1.0450e+00  1.3545e-03
 1.0480e+00  1.4590e-03
 1.0511e+00  1.5472e-03
 1.0541e+00  1.6203e-03
 1.0571e+00  1.6799e-03
 1.0601e+00  1.7272e-03
 1.0631e+00  1.7637e-03
 1.0661e+00  1.7909e-03
 1.0691e+00  1.8100e-03
 1.0721e+00  1.8223e-03
 1.0751e+00  1.8290e-03
 1.0781e+00  1.8312e-03
 1.0811e+00  1.8301e-03
 1.0841e+00  1.8266e-03
 1.0871e+00  1.8218e-03
 1.0901e+00  1.8165e-03
 1.0931e+00  1.8112e-03
 1.0961e+00  1.8060e-03
 1.0991e+00  1.8012e-03
 1.1021e+00  1.7967e-03
 1.1051e+00  1.7927e-03
 1.1081e+00  1.7890e-03
 1.1111e+00  1.7857e-03
 1.1141e+00  1.7825e-03
 1.1171e+00  1.7795e-03
 1.1201e+00  1.7764e-03
 1.1231e+00  1.7731e-03
 1.1261e+00  1.7695e-03
 1.1291e+00  1.7652e-03
 1.1321e+00  1.7600e-03
 1.1351e+00  1.7539e-03
 1.1381e+00  1.7464e-03
 1.1411e+00  1.7374e-03
 1.1441e+00  1.7271e-03
 1.1471e+00  1.7154e-03
 1.1502e+00  1.7026e-03
 1.1532e+00  1.6888e-03
 1.1562e+00  1.6741e-03
 1.1592e+00  1.6587e-03
 1.1622e+00  1.6426e-03
 1.1652e+00  1.6261e-03
 1.1682e+00  1.6092e-03
 1.1712e+00  1.5922e-03
 1.1742e+00  1.5750e-03
 1.1772e+00  1.5578e-03
 1.1802e+00  1.5409e-03
 1.1832e+00  1.5243e-03
 1.1862e+00  1.5080e-03
 1.1892e+00  1.4923e-03
 1.1922e+00  1.4773e-03
 1.1952e+00  1.4627e-03
 1.1982e+00  1.4487e-03
 1.2012e+00  1.4349e-03
 1.2042e+00  1.4216e-03
 1.2072e+00  1.4086e-03
 1.2102e+00  1.3958e-03
 1.2132e+00  1.3833e-03
 1.2162e+00  1.3709e-03
 1.2192e+00  1.3587e-03
 1.2222e+00  1.3466e-03
 1.2252e+00  1.3345e-03
 1.2282e+00  1.3225e-03
 1.2312e+00  1.3104e-03
 1.2342e+00  1.2982e-03
 1.2372e+00  1.2860e-03
 1.2402e+00  1.2737e-03
 1.2432e+00  1.2612e-03
 1.2462e+00  1.2487e-03
 1.2492e+00  1.2362e-03
 1.2523e+00  1.2238e-03
 1.2553e+00  1.2114e-03
 1.2583e+00  1.1992e-03
 1.2613e+00  1.1873e-03
 1.2643e+00  1.1756e-03
 1.2673e+00  1.1642e-03
 1.2703e+00  1.1533e-03
 1.2733e+00  1.1427e-03
 1.2763e+00  1.1325e-03
 1.2793e+00  1.1228e-03
 1.2823e+00  1.1137e-03
 1.2853e+00  1.1052e-03
 1.2883e+00  1.0972e-03
 1.2913e+00  1.0899e-03
 1.2943e+00  1.0834e-03
 1.2973e+00  1.0774e-03
 1.3003e+00  1.0719e-03
 1.3033e+00  1.0670e-03
 1.3063e+00  1.0626e-03
 1.3093e+00  1.0586e-03
 1.3123e+00  1.0551e-03
 1.3153e+00  1.0519e-03
 1.3183e+00  1.0491e-03
 1.3213e+00  1.0464e-03
 1.3243e+00  1.0441e-03
 1.3273e+00  1.0419e-03
 1.3303e+00  1.0398e-03
 1.3333e+00  1.0378e-03
 1.3363e+00  1.0358e-03
 1.3393e+00  1.0338e-03
 1.3423e+00  1.0318e-03
 1.3453e+00  1.0297e-03
 1.3483e+00  1.0276e-03
 1.3514e+00  1.0255e-03
 1.3544e+00  1.0233e-03
 1.3574e+00  1.0213e-03
 1.3604e+00  1.0192e-03
 1.3634e+00  1.0172e-03
 1.3664e+00  1.0152e-03
 1.3694e+00  1.0133e-03
 1.3724e+00  1.0115e-03
 1.3754e+00  1.0098e-03
 1.3784e+00  1.0083e-03
 1.3814e+00  1.0069e-03
 1.3844e+00  1.0056e-03
 1.3874e+00  1.0046e-03
 1.3904e+00  1.0038e-03
 1.3934e+00  1.0031e-03
 1.3964e+00  1.0027e-03
 1.3994e+00  1.0023e-03
 1.4024e+00  9.9695e-04
 1.4054e+00  9.9282e-04
 1.4084e+00  9.8857e-04
 1.4114e+00  9.8418e-04
 1.4144e+00  9.7964e-04
 1.4174e+00  9.7498e-04
 1.4204e+00  9.7021e-04
 1.4234e+00  9.6527e-04
 1.4264e+00  9.6028e-04
 1.4294e+00  9.5518e-04
 1.4324e+00  9.5001e-04
 1.4354e+00  9.4472e-04
 1.4384e+00  9.3943e-04
 1.4414e+00  9.3403e-04
 1.4444e+00  9.2867e-04
 1.4474e+00  9.2330e-04
 1.4505e+00  9.1796e-04
 1.4535e+00  9.1270e-04
 1.4565e+00  9.0730e-04
 1.4595e+00  9.0185e-04
 1.4625e+00  8.9624e-04
 1.4655e+00  8.9029e-04
 1.4685e+00  8.8394e-04
 1.4715e+00  8.7722e-04
 1.4745e+00  8.6988e-04
 1.4775e+00  8.9024e-04
 1.4805e+00  8.8644e-04
 1.4835e+00  8.7652e-04
 1.4865e+00  8.6582e-04
 1.4895e+00  8.5425e-04
 1.4925e+00  8.4175e-04
 1.4955e+00  8.2820e-04
 1.4985e+00  8.1372e-04
 1.5015e+00  7.9973e-04
 1.5045e+00  7.8630e-04
 1.5075e+00  7.7204e-04
 1.5105e+00  7.5715e-04
 1.5135e+00  7.4170e-04
 1.5165e+00  7.2591e-04
 1.5195e+00  7.0986e-04
 1.5225e+00  6.9372e-04
 1.5255e+00  6.7758e-04
 1.5285e+00  6.6156e-04
 1.5315e+00  6.4575e-04
 1.5345e+00  6.3021e-04
 1.5375e+00  6.1496e-04
 1.5405e+00  6.0013e-04
 1.5435e+00  5.8577e-04
 1.5465e+00  5.7189e-04
 1.5495e+00  5.5849e-04
 1.5526e+00  5.4568e-04
 1.5556e+00  5.3345e-04
 1.5586e+00  5.2176e-04
 1.5616e+00  5.1069e-04
 1.5646e+00  5.0017e-04
 1.5676e+00  4.9030e-04
 1.5706e+00  4.8099e-04
 1.5736e+00  4.7229e-04
 1.5766e+00  4.6420e-04
 1.5796e+00  4.5670e-04
 1.5826e+00  4.4980e-04
 1.5856e+00  4.4349e-04
 1.5886e+00  4.3778e-04
 1.5916e+00  4.3271e-04
 1.5946e+00  4.2823e-04
 1.5976e+00  4.2439e-04
 1.6006e+00  4.2123e-04
 1.6036e+00  4.1873e-04
 1.6066e+00  4.1686e-04
 1.6096e+00  4.1562e-04
 1.6126e+00  4.1496e-04
 1.6156e+00  4.1488e-04
 1.6186e+00  4.1534e-04
 1.6216e+00  4.1633e-04
 1.6246e+00  4.1787e-04
 1.6276e+00  4.1992e-04
 1.6306e+00  4.2246e-04
 1.6336e+00  4.2554e-04
 1.6366e+00  4.2718e-04
 1.6396e+00  4.2627e-04
 1.6426e+00  4.2547e-04
 1.6456e+00  4.2480e-04
 1.6486e+00  4.2424e-04
 1.6517e+00  4.2368e-04
 1.6547e+00  4.2316e-04
 1.6577e+00  4.2263e-04
 1.6607e+00  4.2209e-04
 1.6637e+00  4.2159e-04
 1.6667e+00  4.2111e-04
 1.6697e+00  4.2063e-04
 1.6727e+00  4.2018e-04
 1.6757e+00  4.1978e-04
 1.6787e+00  4.1943e-04
 1.6817e+00  4.1917e-04
 1.6847e+00  4.1897e-04
 1.6877e+00  4.1887e-04
 1.6907e+00  4.1892e-04
 1.6937e+00  4.1911e-04
 1.6967e+00  4.1955e-04
 1.6997e+00  4.2023e-04
 1.7027e+00  4.2124e-04
 1.7057e+00  4.2257e-04
 1.7087e+00  4.2421e-04
 1.7117e+00  4.2362e-04
 1.7147e+00  4.2219e-04
 1.7177e+00  4.2079e-04
 1.7207e+00  4.1939e-04
 1.7237e+00  4.1801e-04
 1.7267e+00  4.1663e-04
 1.7297e+00  4.1525e-04
 1.7327e+00  4.1391e-04
 1.7357e+00  4.1257e-04
 1.7387e+00  4.1122e-04
 1.7417e+00  4.0988e-04
 1.7447e+00  4.0856e-04
 1.7477e+00  4.0726e-04
 1.7508e+00  4.0596e-04
 1.7538e+00  4.0466e-04
 1.7568e+00  4.0338e-04
 1.7598e+00  4.0209e-04
 1.7628e+00  4.0083e-04
 1.7658e+00  3.9957e-04
 1.7688e+00  3.9832e-04
 1.7718e+00  3.9707e-04
 1.7748e+00  3.9584e-04
 1.7778e+00  3.9461e-04
 1.7808e+00  3.9339e-04
 1.7838e+00  3.9219e-04
 1.7868e+00  3.9098e-04
 1.7898e+00  3.8979e-04
 1.7928e+00  3.8860e-04
 1.7958e+00  3.8742e-04
 1.7988e+00  3.8625e-04
 1.8018e+00  3.8508e-04
 1.8048e+00  3.8393e-04
 1.8078e+00  3.8278e-04
 1.8108e+00  3.8164e-04
 1.8138e+00  3.8051e-04
 1.8168e+00  3.7938e-04
 1.8198e+00  3.7826e-04
 1.8228e+00  3.7714e-04
 1.8258e+00  3.7603e-04
 1.8288e+00  3.7493e-04
 1.8318e+00  3.7385e-04
 1.8348e+00  3.7276e-04
 1.8378e+00  3.7168e-04
 1.8408e+00  3.7061e-04
 1.8438e+00  3.6954e-04
 1.8468e+00  3.6848e-04
 1.8498e+00  3.6743e-04
 1.8529e+00  3.6638e-04
 1.8559e+00  3.6533e-04
 1.8589e+00  3.6430e-04
 1.8619e+00  3.5534e-04
 1.8649e+00  3.4966e-04
 1.8679e+00  3.4545e-04
 1.8709e+00  3.4191e-04
 1.8739e+00  3.3876e-04
 1.8769e+00  3.3590e-04
 1.8799e+00  3.3324e-04
 1.8829e+00  3.3076e-04
 1.8859e+00  3.2842e-04
 1.8889e+00  3.2618e-04
 1.8919e+00  3.2404e-04
 1.8949e+00  3.2200e-04
 1.8979e+00  3.2002e-04
 1.9009e+00  3.1811e-04
 1.9039e+00  3.1628e-04
 1.9069e+00  3.1448e-04
 1.9099e+00  3.1274e-04
 1.9129e+00  3.1105e-04
 1.9159e+00  3.0940e-04
 1.9189e+00  3.0780e-04
 1.9219e+00  3.0623e-04
 1.9249e+00  3.0469e-04
 1.9279e+00  3.0319e-04
 1.9309e+00  3.0171e-04
 1.9339e+00  3.0027e-04
 1.9369e+00  2.9886e-04
 1.9399e+00  2.9746e-04
 1.9429e+00  2.9610e-04
 1.9459e+00  2.9477e-04
 1.9489e+00  2.9345e-04
 1.9520e+00  2.9215e-04
 1.9550e+00  2.9088e-04
 1.9580e+00  2.8963e-04
 1.9610e+00  2.8840e-04
 1.9640e+00  2.8718e-04
 1.9670e+00  2.8598e-04
 1.9700e+00  2.8480e-04
 1.9730e+00  2.8364e-04
 1.9760e+00  2.8249e-04
 1.9790e+00  2.8136e-04
 1.9820e+00  2.8025e-04
 1.9850e+00  2.7915e-04
 1.9880e+00  2.7806e-04
 1.9910e+00  2.7698e-04
 1.9940e+00  2.7593e-04
 1.9970e+00  2.7488e-04
 2.0000e+00  2.7384e-04
 2.0030e+00  2.7349e-04
 2.0060e+00  2.7315e-04
 2.0090e+00  2.7281e-04
 2.0120e+00  2.7247e-04
 2.0150e+00  2.7215e-04
 2.0180e+00  2.7183e-04
 2.0210e+00  2.7151e-04
 2.0240e+00  2.7120e-04
 2.0270e+00  2.7090e-04
 2.0300e+00  2.7060e-04
 2.0330e+00  2.7031e-04
 2.0360e+00  2.7002e-04
 2.0390e+00  2.6974e-04
 2.0420e+00  2.6946e-04
 2.0450e+00  2.6918e-04
 2.0480e+00  2.6891e-04
 2.0511e+00  2.6865e-04
 2.0541e+00  2.6839e-04
 2.0571e+00  2.6813e-04
 2.0601e+00  2.6787e-04
 2.0631e+00  2.6763e-04
 2.0661e+00  2.6738e-04
 2.0691e+00  2.6714e-04
 2.0721e+00  2.6690e-04
 2.0751e+00  2.6667e-04
 2.0781e+00  2.6644e-04
 2.0811e+00  2.6621e-04
 2.0841e+00  2.6598e-04
 2.0871e+00  2.6576e-04
 2.0901e+00  2.6554e-04
 2.0931e+00  2.6533e-04
 2.0961e+00  2.6512e-04
 2.0991e+00  2.6491e-04
 2.1021e+00  2.6470e-04
 2.1051e+00  2.6450e-04
 2.1081e+00  2.6430e-04
 2.1111e+00  2.6410e-04
 2.1141e+00  2.6391e-04
 2.1171e+00  2.6371e-04
 2.1201e+00  2.6352e-04
 2.1231e+00  2.6334e-04
 2.1261e+00  2.6315e-04
 2.1291e+00  2.6297e-04
 2.1321e+00  2.6279e-04
 2.1351e+00  2.6261e-04
 2.1381e+00  2.6244e-04
 2.1411e+00  2.6226e-04
 2.1441e+00  2.6209e-04
 2.1471e+00  2.6192e-04
 2.1502e+00  2.6176e-04
 2.1532e+00  2.6159e-04
 2.1562e+00  2.6143e-04
 2.1592e+00  2.6127e-04
 2.1622e+00  2.6111e-04
 2.1652e+00  2.6095e-04
 2.1682e+00  2.6080e-04
 2.1712e+00  2.6064e-04
 2.1742e+00  2.6049e-04
 2.1772e+00  2.6034e-04
 2.1802e+00  2.6019e-04
 2.1832e+00  2.6005e-04
 2.1862e+00  2.5990e-04
 2.1892e+00  2.5976e-04
 2.1922e+00  2.5962e-04
 2.1952e+00  2.5948e-04
 2.1982e+00  2.5934e-04
 2.2012e+00  2.5920e-04
 2.2042e+00  2.5907e-04
 2.2072e+00  2.5894e-04
 2.2102e+00  2.5880e-04
 2.2132e+00  2.5867e-04
 2.2162e+00  2.5854e-04
 2.2192e+00  2.5842e-04
 2.2222e+00  2.5829e-04
 2.2252e+00  2.5817e-04
 2.2282e+00  2.5804e-04
 2.2312e+00  2.5792e-04
 2.2342e+00  2.5780e-04
 2.2372e+00  2.5768e-04
 2.2402e+00  2.5756e-04
 2.2432e+00  2.5744e-04
 2.2462e+00  2.5733e-04
 2.2492e+00  2.5721e-04
 2.2523e+00  2.5710e-04
 2.2553e+00  2.5699e-04
 2.2583e+00  2.5688e-04
 2.2613e+00  2.5677e-04
 2.2643e+00  2.5666e-04
 2.2673e+00  2.5655e-04
 2.2703e+00  2.5644e-04
 2.2733e+00  2.5634e-04
 2.2763e+00  2.5623e-04
 2.2793e+00  2.5613e-04
 2.2823e+00  2.5603e-04
 2.2853e+00  2.5592e-04
 2.2883e+00  2.5582e-04
 2.2913e+00  2.5572e-04
 2.2943e+00  2.5563e-04
 2.2973e+00  2.5553e-04
 2.3003e+00  2.5543e-04
 2.3033e+00  2.5534e-04
 2.3063e+00  2.5524e-04
 2.3093e+00  2.5515e-04
 2.3123e+00  2.5505e-04
 2.3153e+00  2.5496e-04
 2.3183e+00  2.5487e-04
 2.3213e+00  2.5478e-04
 2.3243e+00  2.5469e-04
 2.3273e+00  2.5460e-04
 2.3303e+00  2.5452e-04
 2.3333e+00  2.5443e-04
 2.3363e+00  2.5434e-04
 2.3393e+00  2.5426e-04
 2.3423e+00  2.5417e-04
 2.3453e+00  2.5409e-04
 2.3483e+00  2.5401e-04
 2.3514e+00  2.5392e-04
 2.3544e+00  2.5384e-04
 2.3574e+00  2.5376e-04
 2.3604e+00  2.5368e-04
 2.3634e+00  2.5360e-04
 2.3664e+00  2.5352e-04
 2.3694e+00  2.5345e-04
 2.3724e+00  2.5337e-04
 2.3754e+00  2.5329e-04
 2.3784e+00  2.5322e-04
 2.3814e+00  2.5314e-04
 2.3844e+00  2.5307e-04
 2.3874e+00  2.5299e-04
 2.3904e+00  2.5292e-04
 2.3934e+00  2.5285e-04
 2.3964e+00  2.5277e-04
 2.3994e+00  2.5270e-04
 2.4024e+00  2.5263e-04
 2.4054e+00  2.5256e-04
 2.4084e+00  2.5249e-04
 2.4114e+00  2.5242e-04
 2.4144e+00  2.5236e-04
 2.4174e+00  2.5229e-04
 2.4204e+00  2.5222e-04
 2.4234e+00  2.5216e-04
 2.4264e+00  2.5209e-04
 2.4294e+00  2.5202e-04
 2.4324e+00  2.5196e-04
 2.4354e+00  2.5189e-04
 2.4384e+00  2.5183e-04
 2.4414e+00  2.5177e-04
 2.4444e+00  2.5170e-04
 2.4474e+00  2.5164e-04
 2.4505e+00  2.5158e-04
 2.4535e+00  2.5152e-04
 2.4565e+00  2.5146e-04
 2.4595e+00  2.5140e-04
 2.4625e+00  2.5134e-04
 2.4655e+00  2.5128e-04
 2.4685e+00  2.5122e-04
 2.4715e+00  2.5116e-04
 2.4745e+00  2.5111e-04
 2.4775e+00  2.5105e-04
 2.4805e+00  2.5099e-04
 2.4835e+00  2.5093e-04
 2.4865e+00  2.5088e-04
 2.4895e+00  2.5082e-04
 2.4925e+00  2.5077e-04
 2.4955e+00  2.5071e-04
 2.4985e+00  2.5066e-04
 2.5015e+00  2.5061e-04
 2.5045e+00  2.5055e-04
 2.5075e+00  2.5050e-04
 2.5105e+00  2.5045e-04
 2.5135e+00  2.5040e-04
 2.5165e+00  2.5034e-04
 2.5195e+00  2.5029e-04
 2.5225e+00  2.5024e-04
 2.5255e+00  2.5019e-04
 2.5285e+00  2.5014e-04
 2.5315e+00  2.5009e-04
 2.5345e+00  2.5004e-04
 2.5375e+00  2.4999e-04
 2.5405e+00  2.4796e-04
 2.5435e+00  2.4488e-04
 2.5465e+00  2.4310e-04
 2.5495e+00  2.4171e-04
 2.5526e+00  2.4054e-04
 2.5556e+00  2.3951e-04
 2.5586e+00  2.3859e-04
 2.5616e+00  2.3775e-04
 2.5646e+00  2.3697e-04
 2.5676e+00  2.3624e-04
 2.5706e+00  2.3555e-04
 2.5736e+00  2.3491e-04
 2.5766e+00  2.3429e-04
 2.5796e+00  2.3371e-04
 2.5826e+00  2.3315e-04
 2.5856e+00  2.3262e-04
 2.5886e+00  2.3210e-04
 2.5916e+00  2.3161e-04
 2.5946e+00  2.3113e-04
 2.5976e+00  2.3067e-04
 2.6006e+00  2.3023e-04
 2.6036e+00  2.2979e-04
 2.6066e+00  2.2937e-04
 2.6096e+00  2.2897e-04
 2.6126e+00  2.2857e-04
 2.6156e+00  2.2819e-04
 2.6186e+00  2.2781e-04
 2.6216e+00  2.2745e-04
 2.6246e+00  2.2709e-04
 2.6276e+00  2.2674e-04
 2.6306e+00  2.2640e-04
 2.6336e+00  2.2607e-04
 2.6366e+00  2.2575e-04
 2.6396e+00  2.2543e-04
 2.6426e+00  2.2512e-04
 2.6456e+00  2.2482e-04
 2.6486e+00  2.2452e-04
 2.6517e+00  2.2422e-04
 2.6547e+00  2.2394e-04
 2.6577e+00  2.2366e-04
 2.6607e+00  2.2338e-04
 2.6637e+00  2.2311e-04
 2.6667e+00  2.2284e-04
 2.6697e+00  2.2258e-04
 2.6727e+00  2.2233e-04
 2.6757e+00  2.2207e-04
 2.6787e+00  2.2183e-04
 2.6817e+00  2.2158e-04
 2.6847e+00  2.2134e-04
 2.6877e+00  2.2111e-04
 2.6907e+00  2.2088e-04
 2.6937e+00  2.2065e-04
 2.6967e+00  2.2042e-04
 2.6997e+00  2.2020e-04
 2.7027e+00  2.1998e-04
 2.7057e+00  2.1977e-04
 2.7087e+00  2.1956e-04
 2.7117e+00  2.1935e-04
 2.7147e+00  2.1914e-04
 2.7177e+00  2.1894e-04
 2.7207e+00  2.1874e-04
 2.7237e+00  2.1854e-04
 2.7267e+00  2.1835e-04
 2.7297e+00  2.1816e-04
 2.7327e+00  2.1797e-04
 2.7357e+00  2.1778e-04
 2.7387e+00  2.1760e-04
 2.7417e+00  2.1741e-04
 2.7447e+00  2.1724e-04
 2.7477e+00  2.1706e-04
 2.7508e+00  2.1688e-04
 2.7538e+00  2.1671e-04
 2.7568e+00  2.1654e-04
 2.7598e+00  2.1637e-04
 2.7628e+00  2.1621e-04
 2.7658e+00  2.1604e-04
 2.7688e+00  2.1588e-04
 2.7718e+00  2.1572e-04
 2.7748e+00  2.1556e-04
 2.7778e+00  2.1540e-04
 2.7808e+00  2.1525e-04
 2.7838e+00  2.1510e-04
 2.7868e+00  2.1494e-04
 2.7898e+00  2.1480e-04
 2.7928e+00  2.1465e-04
 2.7958e+00  2.1450e-04
 2.7988e+00  2.1436e-04
 2.8018e+00  2.1421e-04
 2.8048e+00  2.1407e-04
 2.8078e+00  2.1393e-04
 2.8108e+00  2.1379e-04
 2.8138e+00  2.1366e-04
 2.8168e+00  2.1352e-04
 2.8198e+00  2.1339e-04
 2.8228e+00  2.1326e-04
 2.8258e+00  2.1313e-04
 2.8288e+00  2.1300e-04
 2.8318e+00  2.1287e-04
 2.8348e+00  2.1274e-04
 2.8378e+00  2.1261e-04
 2.8408e+00  2.1249e-04
 2.8438e+00  2.1237e-04
 2.8468e+00  2.1225e-04
 2.8498e+00  2.1212e-04
 2.8529e+00  2.1200e-04
 2.8559e+00  2.1189e-04
 2.8589e+00  2.1177e-04
 2.8619e+00  2.1165e-04
 2.8649e+00  2.1154e-04
 2.8679e+00  2.1142e-04
 2.8709e+00  2.1131e-04
 2.8739e+00  2.1120e-04
 2.8769e+00  2.1109e-04
 2.8799e+00  2.1098e-04
 2.8829e+00  2.1087e-04
 2.8859e+00  2.1076e-04
 2.8889e+00  2.1066e-04
 2.8919e+00  2.1055e-04
 2.8949e+00  2.1045e-04
 2.8979e+00  2.1034e-04
 2.9009e+00  2.1024e-04
 2.9039e+00  2.1014e-04
 2.9069e+00  2.1004e-04
 2.9099e+00  2.0994e-04
 2.9129e+00  2.0984e-04
 2.9159e+00  2.0974e-04
 2.9189e+00  2.0965e-04
 2.9219e+00  2.0955e-04
 2.9249e+00  2.0945e-04
 2.9279e+00  2.0936e-04
 2.9309e+00  2.0926e-04
 2.9339e+00  2.0917e-04
 2.9369e+00  2.0908e-04
 2.9399e+00  2.0899e-04
 2.9429e+00  2.0890e-04
 2.9459e+00  2.0881e-04
 2.9489e+00  2.0872e-04
 2.9520e+00  2.0863e-04
 2.9550e+00  2.0854e-04
 2.9580e+00  2.0846e-04
 2.9610e+00  2.0837e-04
 2.9640e+00  2.0828e-04
 2.9670e+00  2.0820e-04
 2.9700e+00  2.0812e-04
 2.9730e+00  2.0803e-04
 2.9760e+00  2.0795e-04
 2.9790e+00  2.0787e-04
 2.9820e+00  2.0779e-04
 2.9850e+00  2.0771e-04
 2.9880e+00  2.0763e-04
 2.9910e+00  2.0755e-04
 2.9940e+00  2.0747e-04
 2.9970e+00  2.0739e-04
 3.0000e+00  2.0731e-04
