 1.0000e-02  2.7586e-01
 2.0000e-02  2.7351e-01
 3.0000e-02  2.7307e-01
 4.0000e-02  2.7292e-01
 5.0000e-02  2.7285e-01
 6.0000e-02  2.7281e-01
 7.0000e-02  2.7279e-01
 8.0000e-02  2.7278e-01
 9.0000e-02  2.7277e-01
 1.0000e-01  2.7276e-01
 1.1000e-01  2.7275e-01
 1.2000e-01  2.7275e-01
 1.3000e-01  2.7275e-01
 1.4000e-01  2.7274e-01
 1.5000e-01  2.7274e-01
 1.6000e-01  2.7274e-01
 1.7000e-01  2.7274e-01
 1.8000e-01  2.7274e-01
 1.9000e-01  2.7274e-01
 2.0000e-01  2.7274e-01
 2.1000e-01  2.7273e-01
 2.2000e-01  2.6853e-01
 2.3000e-01  2.6105e-01
 2.4000e-01  2.5312e-01
 2.5000e-01  2.4550e-01
 2.6000e-01  2.3844e-01
 2.7000e-01  2.3204e-01
 2.8000e-01  2.2626e-01
 2.9000e-01  2.2108e-01
 3.0000e-01  2.1644e-01
 3.1000e-01  2.1227e-01
 3.2000e-01  2.0851e-01
 3.3000e-01  2.0513e-01
 3.4000e-01  2.0207e-01
 3.5000e-01  1.9930e-01
 3.6000e-01  1.9679e-01
 3.7000e-01  1.9449e-01
 3.8000e-01  1.9240e-01
 3.9000e-01  1.9016e-01
 4.0000e-01  1.8761e-01
 4.1000e-01  1.8538e-01
 4.2000e-01  1.8345e-01
 4.3000e-01  1.8176e-01
 4.4000e-01  1.8030e-01
 4.5000e-01  1.7902e-01
 4.6000e-01  1.7792e-01
 4.7000e-01  1.7695e-01
 4.8000e-01  1.7611e-01
 4.9000e-01  1.7537e-01
 5.0000e-01  1.7471e-01
 5.1000e-01  1.7412e-01
 5.2000e-01  1.7358e-01
 5.3000e-01  1.7308e-01
 5.4000e-01  1.7259e-01
 5.5000e-01  1.7211e-01
 5.6000e-01  1.7163e-01
 5.7000e-01  1.7112e-01
 5.8000e-01  1.7058e-01
 5.9000e-01  1.7000e-01
 6.0000e-01  1.6935e-01
 6.1000e-01  1.6864e-01
 6.2000e-01  1.6785e-01
 6.3000e-01  1.6696e-01
 6.4000e-01  1.6598e-01
 6.5000e-01  1.6490e-01
 6.6000e-01  1.6373e-01
 6.7000e-01  1.6246e-01
 6.8000e-01  1.6110e-01
 6.9000e-01  1.5965e-01
 7.0000e-01  1.5811e-01
 7.1000e-01  1.5648e-01
 7.2000e-01  1.5476e-01
 7.3000e-01  1.5296e-01
 7.4000e-01  1.5105e-01
 7.5000e-01  1.4892e-01
 7.6000e-01  1.4646e-01
 7.7000e-01  1.4357e-01
 7.8000e-01  1.4017e-01
 7.9000e-01  1.3625e-01
 8.0000e-01  1.3184e-01
 8.1000e-01  1.2703e-01
 8.2000e-01  1.2188e-01
 8.3000e-01  1.1650e-01
 8.4000e-01  1.1092e-01
 8.5000e-01  1.0505e-01
 8.6000e-01  9.8816e-02
 8.7000e-01  9.2264e-02
 8.8000e-01  8.5473e-02
 8.9000e-01  7.8632e-02
 9.0000e-01  7.2102e-02
 9.1000e-01  6.6127e-02
 9.2000e-01  6.0807e-02
 9.3000e-01  5.6164e-02
 9.4000e-01  5.2155e-02
 9.5000e-01  4.8681e-02
 9.6000e-01  4.5652e-02
 9.7000e-01  4.2996e-02
 9.8000e-01  4.0657e-02
 9.9000e-01  3.6834e-02
 1.0000e+00  3.5074e-02
 1.0100e+00  3.3348e-02
 1.0200e+00  3.1893e-02
 1.0300e+00  3.0635e-02
 1.0400e+00  2.9543e-02
 1.0500e+00  2.8588e-02
 1.0600e+00  2.7745e-02
 1.0700e+00  2.6996e-02
 1.0800e+00  2.6324e-02
 1.0900e+00  2.5719e-02
 1.1000e+00  2.5172e-02
 1.1100e+00  2.4681e-02
 1.1200e+00  2.4247e-02
 1.1300e+00  2.3870e-02
 1.1400e+00  2.3550e-02
 1.1500e+00  2.3279e-02
 1.1600e+00  2.3049e-02
 1.1700e+00  2.2852e-02
 1.1800e+00  2.2681e-02
 1.1900e+00  2.2531e-02
 1.2000e+00  2.2407e-02
 1.2100e+00  2.2318e-02
 1.2200e+00  2.2270e-02
 1.2300e+00  2.2271e-02
 1.2400e+00  2.2329e-02
 1.2500e+00  2.2439e-02
 1.2600e+00  2.2595e-02
 1.2700e+00  2.2794e-02
 1.2800e+00  2.3029e-02
 1.2900e+00  2.3296e-02
 1.3000e+00  2.3595e-02
 1.3100e+00  2.3925e-02
 1.3200e+00  2.4286e-02
 1.3300e+00  2.4675e-02
 1.3400e+00  2.5091e-02
 1.3500e+00  2.5525e-02
 1.3600e+00  2.5970e-02
 1.3700e+00  2.6414e-02
 1.3800e+00  2.6846e-02
 1.3900e+00  2.7258e-02
 1.4000e+00  2.7659e-02
 1.4100e+00  2.8064e-02
 1.4200e+00  2.8488e-02
 1.4300e+00  2.8950e-02
 1.4400e+00  2.9462e-02
 1.4500e+00  3.0017e-02
 1.4600e+00  3.0597e-02
 1.4700e+00  3.1184e-02
 1.4800e+00  3.1753e-02
 1.4900e+00  3.2170e-02
 1.5000e+00  3.2481e-02
 1.5100e+00  3.2799e-02
 1.5200e+00  3.2919e-02
 1.5300e+00  3.2918e-02
 1.5400e+00  3.2916e-02
 1.5500e+00  3.2915e-02
 1.5600e+00  3.2914e-02
 1.5700e+00  3.2913e-02
 1.5800e+00  3.2912e-02
 1.5900e+00  3.2911e-02
 1.6000e+00  3.2911e-02
 1.6100e+00  3.2910e-02
 1.6200e+00  3.2909e-02
 1.6300e+00  3.2908e-02
 1.6400e+00  3.2907e-02
 1.6500e+00  3.2906e-02
 1.6600e+00  3.2905e-02
 1.6700e+00  3.2904e-02
 1.6800e+00  3.2904e-02
 1.6900e+00  3.2903e-02
 1.7000e+00  3.2902e-02
 1.7100e+00  3.2901e-02
 1.7200e+00  3.2900e-02
 1.7300e+00  3.2900e-02
 1.7400e+00  3.2899e-02
 1.7500e+00  3.2898e-02
 1.7600e+00  3.2898e-02
 1.7700e+00  3.2897e-02
 1.7800e+00  3.2896e-02
 1.7900e+00  3.2895e-02
 1.8000e+00  3.2895e-02
 1.8100e+00  3.2894e-02
 1.8200e+00  3.2893e-02
 1.8300e+00  3.2893e-02
 1.8400e+00  3.2892e-02
 1.8500e+00  3.2892e-02
 1.8600e+00  3.2891e-02
 1.8700e+00  3.2890e-02
 1.8800e+00  3.2890e-02
 1.8900e+00  3.2889e-02
 1.9000e+00  3.2889e-02
 1.9100e+00  3.2888e-02
 1.9200e+00  3.2888e-02
 1.9300e+00  3.2887e-02
 1.9400e+00  3.2887e-02
 1.9500e+00  3.2886e-02
 1.9600e+00  3.2886e-02
 1.9700e+00  3.2885e-02
 1.9800e+00  3.2885e-02
 1.9900e+00  3.2884e-02
