 1.0000e-02  5.6013e-01
 2.0000e-02  5.5769e-01
 3.0000e-02  5.5724e-01
 4.0000e-02  5.5708e-01
 5.0000e-02  5.5701e-01
 6.0000e-02  5.5697e-01
 7.0000e-02  5.5694e-01
 8.0000e-02  5.5693e-01
 9.0000e-02  5.5692e-01
 1.0000e-01  5.5691e-01
 1.1000e-01  5.5690e-01
 1.2000e-01  5.5690e-01
 1.3000e-01  5.5689e-01
 1.4000e-01  5.5689e-01
 1.5000e-01  5.5689e-01
 1.6000e-01  5.5688e-01
 1.7000e-01  5.5688e-01
 1.8000e-01  5.5686e-01
 1.9000e-01  5.5684e-01
 2.0000e-01  5.5681e-01
 2.1000e-01  5.5677e-01
 2.2000e-01  5.3675e-01
 2.3000e-01  5.2358e-01
 2.4000e-01  5.1213e-01
 2.5000e-01  5.0193e-01
 2.6000e-01  4.9280e-01
 2.7000e-01  4.8462e-01
 2.8000e-01  4.7727e-01
 2.9000e-01  3.9407e-01
 3.0000e-01  3.0282e-01
 3.1000e-01  2.3527e-01
 3.2000e-01  1.8786e-01
 3.3000e-01  1.5421e-01
 3.4000e-01  1.2970e-01
 3.5000e-01  1.1131e-01
 3.6000e-01  9.7124e-02
 3.7000e-01  8.5893e-02
 3.8000e-01  7.6788e-02
 3.9000e-01  6.9064e-02
 4.0000e-01  6.2333e-02
 4.1000e-01  5.6692e-02
 4.2000e-01  5.1858e-02
 4.3000e-01  4.7632e-02
 4.4000e-01  4.3875e-02
 4.5000e-01  4.0483e-02
 4.6000e-01  3.7383e-02
 4.7000e-01  3.4527e-02
 4.8000e-01  3.1880e-02
 4.9000e-01  2.9416e-02
 5.0000e-01  2.7114e-02
 5.1000e-01  2.4959e-02
 5.2000e-01  2.2938e-02
 5.3000e-01  2.1042e-02
 5.4000e-01  1.9262e-02
 5.5000e-01  1.7592e-02
 5.6000e-01  1.6026e-02
 5.7000e-01  1.4557e-02
 5.8000e-01  1.3180e-02
 5.9000e-01  1.1891e-02
 6.0000e-01  1.0688e-02
 6.1000e-01  9.5659e-03
 6.2000e-01  8.5246e-03
 6.3000e-01  7.5618e-03
 6.4000e-01  6.6755e-03
 6.5000e-01  5.8644e-03
 6.6000e-01  5.1274e-03
 6.7000e-01  4.4642e-03
 6.8000e-01  3.8734e-03
 6.9000e-01  3.3531e-03
 7.0000e-01  2.9010e-03
 7.1000e-01  2.5142e-03
 7.2000e-01  2.1892e-03
 7.3000e-01  1.9201e-03
 7.4000e-01  1.6954e-03
 7.5000e-01  1.4875e-03
 7.6000e-01  1.2242e-03
 7.7000e-01  7.4676e-04
 7.8000e-01  1.5589e-04
 7.9000e-01  3.8385e-04
 8.0000e-01  1.0341e-03
 8.1000e-01  1.5640e-03
 8.2000e-01  2.0084e-03
 8.3000e-01  2.4203e-03
 8.4000e-01  2.8238e-03
 8.5000e-01  3.2260e-03
 8.6000e-01  3.6248e-03
 8.7000e-01  4.0125e-03
 8.8000e-01  4.3763e-03
 8.9000e-01  4.7016e-03
 9.0000e-01  4.9518e-03
 9.1000e-01  5.1374e-03
 9.2000e-01  5.2682e-03
 9.3000e-01  5.3467e-03
 9.4000e-01  5.3780e-03
 9.5000e-01  5.3676e-03
 9.6000e-01  5.3217e-03
 9.7000e-01  5.2475e-03
 9.8000e-01  5.1533e-03
 9.9000e-01  5.0398e-03
 1.0000e+00  4.9336e-03
 1.0100e+00  4.8488e-03
 1.0200e+00  4.4899e-03
 1.0300e+00  4.4856e-03
 1.0400e+00  4.4180e-03
 1.0500e+00  4.3385e-03
 1.0600e+00  4.2620e-03
 1.0700e+00  4.1917e-03
 1.0800e+00  4.1284e-03
 1.0900e+00  4.0722e-03
 1.1000e+00  4.0234e-03
 1.1100e+00  3.9823e-03
 1.1200e+00  3.9488e-03
 1.1300e+00  3.9222e-03
 1.1400e+00  3.9022e-03
 1.1500e+00  3.8877e-03
 1.1600e+00  3.8771e-03
 1.1700e+00  3.8687e-03
 1.1800e+00  3.8612e-03
 1.1900e+00  3.8532e-03
 1.2000e+00  3.8444e-03
 1.2100e+00  3.8352e-03
 1.2200e+00  3.8267e-03
 1.2300e+00  3.8203e-03
 1.2400e+00  3.8171e-03
 1.2500e+00  3.8171e-03
 1.2600e+00  3.8200e-03
 1.2700e+00  3.8257e-03
 1.2800e+00  3.8342e-03
 1.2900e+00  3.8457e-03
 1.3000e+00  3.8606e-03
 1.3100e+00  3.8795e-03
 1.3200e+00  3.9019e-03
 1.3300e+00  3.9272e-03
 1.3400e+00  3.9546e-03
 1.3500e+00  3.9825e-03
 1.3600e+00  4.0096e-03
 1.3700e+00  4.0343e-03
 1.3800e+00  4.0547e-03
 1.3900e+00  4.0696e-03
 1.4000e+00  4.0789e-03
 1.4100e+00  4.0835e-03
 1.4200e+00  4.0839e-03
 1.4300e+00  4.0808e-03
 1.4400e+00  4.0746e-03
 1.4500e+00  4.0634e-03
 1.4600e+00  4.0453e-03
 1.4700e+00  4.0180e-03
 1.4800e+00  3.9812e-03
 1.4900e+00  3.7634e-03
 1.5000e+00  3.6141e-03
 1.5100e+00  3.5274e-03
 1.5200e+00  3.4751e-03
 1.5300e+00  3.4424e-03
 1.5400e+00  3.4167e-03
 1.5500e+00  3.3867e-03
 1.5600e+00  3.3447e-03
 1.5700e+00  3.2950e-03
 1.5800e+00  3.2442e-03
 1.5900e+00  3.1983e-03
 1.6000e+00  3.1624e-03
 1.6100e+00  3.1398e-03
 1.6200e+00  3.1313e-03
 1.6300e+00  3.1375e-03
 1.6400e+00  3.1326e-03
 1.6500e+00  3.1087e-03
 1.6600e+00  3.0995e-03
 1.6700e+00  3.1016e-03
 1.6800e+00  3.1095e-03
 1.6900e+00  3.1176e-03
 1.7000e+00  3.1189e-03
 1.7100e+00  3.1089e-03
 1.7200e+00  3.1070e-03
 1.7300e+00  3.1029e-03
 1.7400e+00  3.0997e-03
 1.7500e+00  3.1007e-03
 1.7600e+00  3.1088e-03
 1.7700e+00  3.1243e-03
 1.7800e+00  3.1470e-03
 1.7900e+00  3.1770e-03
 1.8000e+00  3.2145e-03
 1.8100e+00  3.2592e-03
 1.8200e+00  3.3098e-03
 1.8300e+00  3.3643e-03
 1.8400e+00  3.4207e-03
 1.8500e+00  3.4763e-03
 1.8600e+00  3.5285e-03
 1.8700e+00  3.5749e-03
 1.8800e+00  3.6127e-03
 1.8900e+00  3.6391e-03
 1.9000e+00  3.6516e-03
 1.9100e+00  3.6480e-03
 1.9200e+00  3.6278e-03
 1.9300e+00  3.5916e-03
 1.9400e+00  3.5400e-03
 1.9500e+00  3.4744e-03
 1.9600e+00  3.3998e-03
 1.9700e+00  3.3348e-03
 1.9800e+00  3.2990e-03
 1.9900e+00  3.3108e-03
