 1.0000e-03  0.0000e+00
 1.0093e-03  0.0000e+00
 1.0186e-03  0.0000e+00
 1.0280e-03  1.6452e-01
 1.0376e-03  2.3994e-01
 1.0472e-03  2.8625e-01
 1.0569e-03  3.2040e-01
 1.0667e-03  3.4761e-01
 1.0765e-03  3.7026e-01
 1.0865e-03  3.8967e-01
 1.0966e-03  4.0664e-01
 1.1067e-03  4.2169e-01
 1.1170e-03  4.3521e-01
 1.1273e-03  4.4747e-01
 1.1378e-03  4.5866e-01
 1.1483e-03  4.6895e-01
 1.1589e-03  4.7846e-01
 1.1697e-03  4.8729e-01
 1.1805e-03  4.9553e-01
 1.1915e-03  5.0323e-01
 1.2025e-03  5.1046e-01
 1.2136e-03  5.1726e-01
 1.2249e-03  5.2368e-01
 1.2362e-03  5.2975e-01
 1.2477e-03  5.3550e-01
 1.2592e-03  5.4096e-01
 1.2709e-03  5.4615e-01
 1.2826e-03  5.5110e-01
 1.2945e-03  5.5581e-01
 1.3065e-03  5.6031e-01
 1.3186e-03  5.6462e-01
 1.3308e-03  5.6874e-01
 1.3432e-03  5.7269e-01
 1.3556e-03  5.7647e-01
 1.3682e-03  5.8011e-01
 1.3808e-03  5.8360e-01
 1.3936e-03  5.8696e-01
 1.4065e-03  5.9020e-01
 1.4196e-03  5.9331e-01
 1.4327e-03  5.9631e-01
 1.4460e-03  5.9920e-01
 1.4594e-03  6.0200e-01
 1.4729e-03  6.0469e-01
 1.4865e-03  6.0730e-01
 1.5003e-03  6.0981e-01
 1.5142e-03  6.1225e-01
 1.5282e-03  6.1460e-01
 1.5424e-03  6.1688e-01
 1.5567e-03  6.1909e-01
 1.5711e-03  6.2123e-01
 1.5856e-03  6.2330e-01
 1.6003e-03  6.2531e-01
 1.6151e-03  6.2726e-01
 1.6301e-03  6.2915e-01
 1.6452e-03  6.3098e-01
 1.6604e-03  6.3276e-01
 1.6758e-03  6.3449e-01
 1.6913e-03  6.3617e-01
 1.7070e-03  6.3781e-01
 1.7228e-03  6.3939e-01
 1.7388e-03  6.4094e-01
 1.7549e-03  6.4244e-01
 1.7711e-03  6.4389e-01
 1.7875e-03  6.4531e-01
 1.8041e-03  6.4670e-01
 1.8208e-03  6.4804e-01
 1.8377e-03  6.4935e-01
 1.8547e-03  6.5062e-01
 1.8719e-03  6.5187e-01
 1.8892e-03  6.5308e-01
 1.9067e-03  6.5425e-01
 1.9244e-03  6.5540e-01
 1.9422e-03  6.5652e-01
 1.9602e-03  6.5761e-01
 1.9783e-03  6.5868e-01
 1.9966e-03  6.5972e-01
 2.0151e-03  6.6073e-01
 2.0338e-03  6.6172e-01
 2.0526e-03  6.6268e-01
 2.0716e-03  6.6362e-01
 2.0908e-03  6.6454e-01
 2.1102e-03  6.6543e-01
 2.1297e-03  6.6631e-01
 2.1495e-03  6.6716e-01
 2.1694e-03  6.6799e-01
 2.1895e-03  6.6881e-01
 2.2098e-03  6.6960e-01
 2.2302e-03  6.7038e-01
 2.2509e-03  6.7114e-01
 2.2717e-03  6.7188e-01
 2.2928e-03  6.7260e-01
 2.3140e-03  6.7331e-01
 2.3354e-03  6.7400e-01
 2.3571e-03  6.7468e-01
 2.3789e-03  6.7534e-01
 2.4009e-03  6.7598e-01
 2.4232e-03  6.7661e-01
 2.4456e-03  6.7723e-01
 2.4683e-03  6.7784e-01
 2.4911e-03  6.7843e-01
 2.5142e-03  6.7900e-01
 2.5375e-03  6.7957e-01
 2.5610e-03  6.8012e-01
 2.5847e-03  6.8066e-01
 2.6087e-03  6.8119e-01
 2.6328e-03  6.8171e-01
 2.6572e-03  6.8221e-01
 2.6818e-03  6.8271e-01
 2.7067e-03  6.8319e-01
 2.7317e-03  6.8367e-01
 2.7570e-03  6.8413e-01
 2.7826e-03  6.8458e-01
 2.8083e-03  6.8503e-01
 2.8343e-03  6.8546e-01
 2.8606e-03  6.8589e-01
 2.8871e-03  6.8631e-01
 2.9138e-03  6.8672e-01
 2.9408e-03  6.8712e-01
 2.9681e-03  6.8751e-01
 2.9955e-03  6.8789e-01
 3.0233e-03  6.8827e-01
 3.0513e-03  6.8863e-01
 3.0796e-03  6.8899e-01
 3.1081e-03  6.8935e-01
 3.1369e-03  6.8969e-01
 3.1659e-03  6.9003e-01
 3.1952e-03  6.9036e-01
 3.2248e-03  6.9069e-01
 3.2547e-03  6.9100e-01
 3.2849e-03  6.9132e-01
 3.3153e-03  6.9162e-01
 3.3460e-03  6.9192e-01
 3.3770e-03  6.9221e-01
 3.4083e-03  6.9250e-01
 3.4398e-03  6.9278e-01
 3.4717e-03  6.9306e-01
 3.5038e-03  6.9333e-01
 3.5363e-03  6.9359e-01
 3.5690e-03  6.9385e-01
 3.6021e-03  6.9411e-01
 3.6355e-03  6.9436e-01
 3.6691e-03  6.9460e-01
 3.7031e-03  6.9484e-01
 3.7374e-03  6.9507e-01
 3.7720e-03  6.9530e-01
 3.8070e-03  6.9553e-01
 3.8422e-03  6.9575e-01
 3.8778e-03  6.9597e-01
 3.9137e-03  6.9618e-01
 3.9500e-03  6.9639e-01
 3.9866e-03  6.9659e-01
 4.0235e-03  6.9679e-01
 4.0608e-03  6.9699e-01
 4.0984e-03  6.9718e-01
 4.1363e-03  6.9737e-01
 4.1747e-03  6.9756e-01
 4.2133e-03  6.9774e-01
 4.2523e-03  6.9791e-01
 4.2917e-03  6.9809e-01
 4.3315e-03  6.9826e-01
 4.3716e-03  6.9843e-01
 4.4121e-03  6.9859e-01
 4.4530e-03  6.9875e-01
 4.4942e-03  6.9891e-01
 4.5358e-03  6.9907e-01
 4.5778e-03  6.9922e-01
 4.6202e-03  6.9937e-01
 4.6630e-03  6.9951e-01
 4.7062e-03  6.9966e-01
 4.7498e-03  6.9980e-01
 4.7938e-03  6.9994e-01
 4.8382e-03  7.0007e-01
 4.8830e-03  7.0020e-01
 4.9282e-03  7.0033e-01
 4.9739e-03  7.0046e-01
 5.0200e-03  7.0059e-01
 5.0665e-03  7.0071e-01
 5.1134e-03  7.0083e-01
 5.1607e-03  7.0095e-01
 5.2085e-03  7.0107e-01
 5.2568e-03  7.0118e-01
 5.3055e-03  7.0129e-01
 5.3546e-03  7.0140e-01
 5.4042e-03  7.0151e-01
 5.4543e-03  7.0161e-01
 5.5048e-03  7.0172e-01
 5.5558e-03  7.0182e-01
 5.6072e-03  7.0192e-01
 5.6592e-03  7.0202e-01
 5.7116e-03  7.0211e-01
 5.7645e-03  7.0221e-01
 5.8179e-03  7.0230e-01
 5.8718e-03  7.0239e-01
 5.9262e-03  7.0248e-01
 5.9810e-03  7.0256e-01
 6.0364e-03  7.0265e-01
 6.0923e-03  7.0273e-01
 6.1488e-03  7.0282e-01
 6.2057e-03  7.0290e-01
 6.2632e-03  7.0298e-01
 6.3212e-03  7.0305e-01
 6.3798e-03  7.0313e-01
 6.4389e-03  7.0320e-01
 6.4985e-03  7.0328e-01
 6.5587e-03  7.0335e-01
 6.6194e-03  7.0342e-01
 6.6807e-03  7.0349e-01
 6.7426e-03  7.0356e-01
 6.8051e-03  7.0362e-01
 6.8681e-03  7.0369e-01
 6.9317e-03  7.0375e-01
 6.9959e-03  7.0382e-01
 7.0607e-03  7.0388e-01
 7.1261e-03  7.0394e-01
 7.1921e-03  7.0400e-01
 7.2587e-03  7.0406e-01
 7.3260e-03  7.0412e-01
 7.3938e-03  7.0417e-01
 7.4623e-03  7.0423e-01
 7.5314e-03  7.0428e-01
 7.6012e-03  7.0434e-01
 7.6716e-03  7.0439e-01
 7.7426e-03  7.0444e-01
 7.8144e-03  7.0449e-01
 7.8867e-03  7.0454e-01
 7.9598e-03  7.0459e-01
 8.0335e-03  7.0463e-01
 8.1079e-03  7.0468e-01
 8.1830e-03  7.0473e-01
 8.2588e-03  7.0477e-01
 8.3353e-03  7.0482e-01
 8.4125e-03  7.0486e-01
 8.4904e-03  7.0490e-01
 8.5691e-03  7.0494e-01
 8.6484e-03  7.0499e-01
 8.7285e-03  7.0503e-01
 8.8094e-03  7.0506e-01
 8.8910e-03  7.0510e-01
 8.9733e-03  7.0514e-01
 9.0564e-03  7.0518e-01
 9.1403e-03  7.0522e-01
 9.2250e-03  7.0525e-01
 9.3104e-03  7.0529e-01
 9.3966e-03  7.0532e-01
 9.4837e-03  7.0536e-01
 9.5715e-03  7.0539e-01
 9.6602e-03  7.0542e-01
 9.7496e-03  7.0545e-01
 9.8400e-03  7.0549e-01
 9.9311e-03  7.0552e-01
 1.0023e-02  7.0555e-01
 1.0116e-02  7.0558e-01
 1.0210e-02  7.0561e-01
 1.0304e-02  7.0563e-01
 1.0400e-02  7.0566e-01
 1.0496e-02  7.0569e-01
 1.0593e-02  7.0572e-01
 1.0691e-02  7.0574e-01
 1.0790e-02  7.0577e-01
 1.0890e-02  7.0580e-01
 1.0991e-02  7.0582e-01
 1.1093e-02  7.0585e-01
 1.1196e-02  7.0587e-01
 1.1299e-02  7.0589e-01
 1.1404e-02  7.0592e-01
 1.1510e-02  7.0594e-01
 1.1616e-02  7.0596e-01
 1.1724e-02  7.0599e-01
 1.1832e-02  7.0601e-01
 1.1942e-02  7.0603e-01
 1.2053e-02  7.0605e-01
 1.2164e-02  7.0607e-01
 1.2277e-02  7.0609e-01
 1.2391e-02  7.0611e-01
 1.2505e-02  7.0613e-01
 1.2621e-02  7.0615e-01
 1.2738e-02  7.0617e-01
 1.2856e-02  7.0619e-01
 1.2975e-02  7.0620e-01
 1.3095e-02  7.0622e-01
 1.3217e-02  7.0624e-01
 1.3339e-02  7.0626e-01
 1.3463e-02  7.0627e-01
 1.3587e-02  7.0629e-01
 1.3713e-02  7.0631e-01
 1.3840e-02  7.0632e-01
 1.3968e-02  7.0634e-01
 1.4098e-02  7.0635e-01
 1.4228e-02  7.0637e-01
 1.4360e-02  7.0638e-01
 1.4493e-02  7.0640e-01
 1.4627e-02  7.0641e-01
 1.4763e-02  7.0642e-01
 1.4900e-02  7.0644e-01
 1.5038e-02  7.0645e-01
 1.5177e-02  7.0646e-01
 1.5317e-02  7.0648e-01
 1.5459e-02  7.0649e-01
 1.5602e-02  7.0650e-01
 1.5747e-02  7.0651e-01
 1.5893e-02  7.0653e-01
 1.6040e-02  7.0654e-01
 1.6189e-02  7.0655e-01
 1.6339e-02  7.0656e-01
 1.6490e-02  7.0657e-01
 1.6643e-02  7.0658e-01
 1.6797e-02  7.0659e-01
 1.6952e-02  7.0660e-01
 1.7109e-02  7.0662e-01
 1.7268e-02  7.0663e-01
 1.7428e-02  7.0664e-01
 1.7589e-02  7.0664e-01
 1.7752e-02  7.0665e-01
 1.7917e-02  7.0666e-01
 1.8082e-02  7.0667e-01
 1.8250e-02  7.0668e-01
 1.8419e-02  7.0669e-01
 1.8590e-02  7.0670e-01
 1.8762e-02  7.0671e-01
 1.8936e-02  7.0672e-01
 1.9111e-02  7.0673e-01
 1.9288e-02  7.0673e-01
 1.9467e-02  7.0674e-01
 1.9647e-02  7.0675e-01
 1.9829e-02  7.0676e-01
 2.0012e-02  7.0676e-01
 2.0198e-02  7.0677e-01
 2.0385e-02  7.0678e-01
 2.0574e-02  7.0679e-01
 2.0764e-02  7.0679e-01
 2.0957e-02  7.0680e-01
 2.1151e-02  7.0681e-01
 2.1347e-02  7.0681e-01
 2.1544e-02  7.0682e-01
 2.1744e-02  7.0683e-01
 2.1945e-02  7.0683e-01
 2.2149e-02  7.0684e-01
 2.2354e-02  7.0685e-01
 2.2561e-02  7.0685e-01
 2.2770e-02  7.0686e-01
 2.2981e-02  7.0686e-01
 2.3193e-02  7.0687e-01
 2.3408e-02  7.0687e-01
 2.3625e-02  7.0688e-01
 2.3844e-02  7.0688e-01
 2.4065e-02  7.0689e-01
 2.4288e-02  7.0689e-01
 2.4513e-02  7.0690e-01
 2.4740e-02  7.0690e-01
 2.4969e-02  7.0691e-01
 2.5200e-02  7.0691e-01
 2.5433e-02  7.0692e-01
 2.5669e-02  7.0692e-01
 2.5907e-02  7.0693e-01
 2.6147e-02  7.0693e-01
 2.6389e-02  7.0694e-01
 2.6633e-02  7.0694e-01
 2.6880e-02  7.0695e-01
 2.7129e-02  7.0695e-01
 2.7380e-02  7.0695e-01
 2.7634e-02  7.0696e-01
 2.7890e-02  7.0696e-01
 2.8148e-02  7.0697e-01
 2.8409e-02  7.0697e-01
 2.8672e-02  7.0697e-01
 2.8938e-02  7.0698e-01
 2.9206e-02  7.0698e-01
 2.9476e-02  7.0698e-01
 2.9749e-02  7.0699e-01
 3.0025e-02  7.0699e-01
 3.0303e-02  7.0699e-01
 3.0583e-02  7.0700e-01
 3.0867e-02  7.0700e-01
 3.1153e-02  7.0700e-01
 3.1441e-02  7.0701e-01
 3.1732e-02  7.0701e-01
 3.2026e-02  7.0701e-01
 3.2323e-02  7.0701e-01
 3.2622e-02  7.0702e-01
 3.2924e-02  7.0702e-01
 3.3229e-02  7.0702e-01
 3.3537e-02  7.0703e-01
 3.3848e-02  7.0703e-01
 3.4161e-02  7.0703e-01
 3.4478e-02  7.0703e-01
 3.4797e-02  7.0704e-01
 3.5119e-02  7.0704e-01
 3.5445e-02  7.0704e-01
 3.5773e-02  7.0704e-01
 3.6104e-02  7.0705e-01
 3.6439e-02  7.0705e-01
 3.6776e-02  7.0705e-01
 3.7117e-02  7.0705e-01
 3.7461e-02  7.0705e-01
 3.7807e-02  7.0706e-01
 3.8158e-02  7.0706e-01
 3.8511e-02  7.0706e-01
 3.8868e-02  7.0706e-01
 3.9228e-02  7.0706e-01
 3.9591e-02  7.0707e-01
 3.9958e-02  7.0707e-01
 4.0328e-02  7.0707e-01
 4.0701e-02  7.0707e-01
 4.1078e-02  7.0707e-01
 4.1459e-02  7.0708e-01
 4.1843e-02  7.0708e-01
 4.2230e-02  7.0708e-01
 4.2622e-02  7.0708e-01
 4.3016e-02  7.0708e-01
 4.3415e-02  7.0708e-01
 4.3817e-02  7.0709e-01
 4.4223e-02  7.0709e-01
 4.4632e-02  7.0709e-01
 4.5046e-02  7.0709e-01
 4.5463e-02  7.0709e-01
 4.5884e-02  7.0709e-01
 4.6309e-02  7.0709e-01
 4.6738e-02  7.0710e-01
 4.7171e-02  7.0710e-01
 4.7608e-02  7.0710e-01
 4.8049e-02  7.0710e-01
 4.8494e-02  7.0710e-01
 4.8943e-02  7.0710e-01
 4.9396e-02  7.0710e-01
 4.9854e-02  7.0710e-01
 5.0315e-02  7.0711e-01
 5.0782e-02  7.0711e-01
 5.1252e-02  7.0711e-01
 5.1727e-02  7.0711e-01
 5.2206e-02  7.0711e-01
 5.2689e-02  7.0711e-01
 5.3177e-02  7.0711e-01
 5.3670e-02  7.0711e-01
 5.4167e-02  7.0711e-01
 5.4669e-02  7.0712e-01
 5.5175e-02  7.0712e-01
 5.5686e-02  7.0712e-01
 5.6202e-02  7.0712e-01
 5.6722e-02  7.0712e-01
 5.7248e-02  7.0712e-01
 5.7778e-02  7.0712e-01
 5.8313e-02  7.0712e-01
 5.8853e-02  7.0712e-01
 5.9398e-02  7.0712e-01
 5.9948e-02  7.0713e-01
 6.0504e-02  7.0713e-01
 6.1064e-02  7.0713e-01
 6.1630e-02  7.0713e-01
 6.2200e-02  7.0713e-01
 6.2777e-02  7.0713e-01
 6.3358e-02  7.0713e-01
 6.3945e-02  7.0713e-01
 6.4537e-02  7.0713e-01
 6.5135e-02  7.0713e-01
 6.5738e-02  7.0713e-01
 6.6347e-02  7.0713e-01
 6.6962e-02  7.0713e-01
 6.7582e-02  7.0713e-01
 6.8208e-02  7.0714e-01
 6.8840e-02  7.0714e-01
 6.9477e-02  7.0714e-01
 7.0121e-02  7.0714e-01
 7.0770e-02  7.0714e-01
 7.1426e-02  7.0714e-01
 7.2087e-02  7.0714e-01
 7.2755e-02  7.0714e-01
 7.3429e-02  7.0714e-01
 7.4109e-02  7.0714e-01
 7.4795e-02  7.0714e-01
 7.5488e-02  7.0714e-01
 7.6187e-02  7.0714e-01
 7.6893e-02  7.0714e-01
 7.7605e-02  7.0714e-01
 7.8324e-02  7.0714e-01
 7.9049e-02  7.0714e-01
 7.9781e-02  7.0714e-01
 8.0520e-02  7.0715e-01
 8.1266e-02  7.0715e-01
 8.2019e-02  7.0715e-01
 8.2779e-02  7.0715e-01
 8.3545e-02  7.0715e-01
 8.4319e-02  7.0715e-01
 8.5100e-02  7.0715e-01
 8.5888e-02  7.0715e-01
 8.6684e-02  7.0715e-01
 8.7487e-02  7.0715e-01
 8.8297e-02  7.0715e-01
 8.9115e-02  7.0715e-01
 8.9940e-02  7.0715e-01
 9.0773e-02  7.0715e-01
 9.1614e-02  7.0715e-01
 9.2463e-02  7.0715e-01
 9.3319e-02  7.0715e-01
 9.4183e-02  7.0715e-01
 9.5056e-02  7.0715e-01
 9.5936e-02  7.0715e-01
 9.6825e-02  7.0715e-01
 9.7721e-02  7.0715e-01
 9.8627e-02  7.0715e-01
 9.9540e-02  7.0715e-01
 1.0046e-01  7.0715e-01
 1.0139e-01  7.0715e-01
 1.0233e-01  7.0715e-01
 1.0328e-01  7.0716e-01
 1.0424e-01  7.0716e-01
 1.0520e-01  7.0716e-01
 1.0618e-01  7.0716e-01
 1.0716e-01  7.0716e-01
 1.0815e-01  7.0716e-01
 1.0915e-01  7.0716e-01
 1.1016e-01  7.0716e-01
 1.1118e-01  7.0716e-01
 1.1221e-01  7.0716e-01
 1.1325e-01  7.0716e-01
 1.1430e-01  7.0716e-01
 1.1536e-01  7.0716e-01
 1.1643e-01  7.0716e-01
 1.1751e-01  7.0716e-01
 1.1860e-01  7.0716e-01
 1.1970e-01  7.0716e-01
 1.2080e-01  7.0716e-01
 1.2192e-01  7.0716e-01
 1.2305e-01  7.0716e-01
 1.2419e-01  7.0716e-01
 1.2534e-01  7.0716e-01
 1.2650e-01  7.0716e-01
 1.2768e-01  7.0716e-01
 1.2886e-01  7.0716e-01
 1.3005e-01  7.0716e-01
 1.3126e-01  7.0716e-01
 1.3247e-01  7.0716e-01
 1.3370e-01  7.0716e-01
 1.3494e-01  7.0716e-01
 1.3619e-01  7.0716e-01
 1.3745e-01  7.0716e-01
 1.3872e-01  7.0716e-01
 1.4001e-01  7.0716e-01
 1.4130e-01  7.0716e-01
 1.4261e-01  7.0716e-01
 1.4393e-01  7.0716e-01
 1.4527e-01  7.0716e-01
 1.4661e-01  7.0716e-01
 1.4797e-01  7.0716e-01
 1.4934e-01  7.0716e-01
 1.5072e-01  7.0716e-01
 1.5212e-01  7.0716e-01
 1.5353e-01  7.0716e-01
 1.5495e-01  7.0716e-01
 1.5638e-01  7.0716e-01
 1.5783e-01  7.0716e-01
 1.5930e-01  7.0716e-01
 1.6077e-01  7.0716e-01
 1.6226e-01  7.0716e-01
 1.6376e-01  7.0716e-01
 1.6528e-01  7.0716e-01
 1.6681e-01  7.0716e-01
 1.6836e-01  7.0716e-01
 1.6991e-01  7.0716e-01
 1.7149e-01  7.0716e-01
 1.7308e-01  7.0716e-01
 1.7468e-01  7.0716e-01
 1.7630e-01  7.0717e-01
 1.7793e-01  7.0717e-01
 1.7958e-01  7.0717e-01
 1.8124e-01  7.0717e-01
 1.8292e-01  7.0717e-01
 1.8461e-01  7.0717e-01
 1.8632e-01  7.0717e-01
 1.8805e-01  7.0717e-01
 1.8979e-01  7.0717e-01
 1.9155e-01  7.0717e-01
 1.9332e-01  7.0717e-01
 1.9511e-01  7.0717e-01
 1.9692e-01  7.0717e-01
 1.9875e-01  7.0717e-01
 2.0059e-01  7.0717e-01
 2.0244e-01  7.0717e-01
 2.0432e-01  7.0717e-01
 2.0621e-01  7.0717e-01
 2.0812e-01  7.0717e-01
 2.1005e-01  7.0717e-01
 2.1200e-01  7.1910e-01
 2.1396e-01  7.2980e-01
 2.1594e-01  7.3636e-01
 2.1794e-01  7.4140e-01
 2.1996e-01  7.4558e-01
 2.2200e-01  7.4920e-01
 2.2405e-01  7.5242e-01
 2.2613e-01  7.5531e-01
 2.2822e-01  7.5796e-01
 2.3034e-01  7.6040e-01
 2.3247e-01  7.6267e-01
 2.3462e-01  7.6479e-01
 2.3680e-01  7.6677e-01
 2.3899e-01  7.6865e-01
 2.4120e-01  7.7042e-01
 2.4344e-01  7.7211e-01
 2.4569e-01  7.7371e-01
 2.4797e-01  7.7523e-01
 2.5026e-01  7.7669e-01
 2.5258e-01  7.7809e-01
 2.5492e-01  7.7943e-01
 2.5728e-01  7.8071e-01
 2.5967e-01  7.8194e-01
 2.6207e-01  7.8313e-01
 2.6450e-01  7.8428e-01
 2.6695e-01  7.8538e-01
 2.6942e-01  7.8644e-01
 2.7192e-01  7.8747e-01
 2.7443e-01  7.8847e-01
 2.7698e-01  7.8943e-01
 2.7954e-01  7.9036e-01
 2.8213e-01  7.9177e-01
 2.8474e-01  7.9380e-01
 2.8738e-01  7.9615e-01
 2.9004e-01  7.9874e-01
 2.9273e-01  8.0149e-01
 2.9544e-01  8.0438e-01
 2.9818e-01  8.0736e-01
 3.0094e-01  8.1041e-01
 3.0373e-01  8.1351e-01
 3.0654e-01  8.1664e-01
 3.0938e-01  8.1979e-01
 3.1224e-01  8.2293e-01
 3.1514e-01  8.2606e-01
 3.1806e-01  8.2917e-01
 3.2100e-01  8.3226e-01
 3.2397e-01  8.3530e-01
 3.2697e-01  8.3831e-01
 3.3000e-01  8.4127e-01
 3.3306e-01  8.4418e-01
 3.3614e-01  8.4704e-01
 3.3926e-01  8.4985e-01
 3.4240e-01  8.5260e-01
 3.4557e-01  8.5530e-01
 3.4877e-01  8.5795e-01
 3.5200e-01  8.6053e-01
 3.5526e-01  8.6306e-01
 3.5855e-01  8.6554e-01
 3.6187e-01  8.6797e-01
 3.6523e-01  8.7034e-01
 3.6861e-01  8.7266e-01
 3.7202e-01  8.7494e-01
 3.7547e-01  8.7717e-01
 3.7895e-01  8.7935e-01
 3.8246e-01  8.8149e-01
 3.8600e-01  8.8359e-01
 3.8957e-01  8.8565e-01
 3.9318e-01  8.8767e-01
 3.9682e-01  8.8966e-01
 4.0050e-01  8.9161e-01
 4.0421e-01  8.9354e-01
 4.0795e-01  8.9544e-01
 4.1173e-01  8.9732e-01
 4.1555e-01  8.9917e-01
 4.1939e-01  9.0100e-01
 4.2328e-01  9.0281e-01
 4.2720e-01  9.0461e-01
 4.3116e-01  9.0640e-01
 4.3515e-01  9.0817e-01
 4.3918e-01  9.0993e-01
 4.4325e-01  9.1168e-01
 4.4735e-01  9.1343e-01
 4.5150e-01  9.1518e-01
 4.5568e-01  9.1692e-01
 4.5990e-01  9.1866e-01
 4.6416e-01  9.2041e-01
 4.6846e-01  9.2214e-01
 4.7280e-01  9.2389e-01
 4.7718e-01  9.2563e-01
 4.8160e-01  9.2737e-01
 4.8606e-01  9.2911e-01
 4.9056e-01  9.3085e-01
 4.9510e-01  9.3260e-01
 4.9969e-01  9.3434e-01
 5.0432e-01  9.3608e-01
 5.0899e-01  9.3783e-01
 5.1370e-01  9.3957e-01
 5.1846e-01  9.4132e-01
 5.2326e-01  9.4306e-01
 5.2811e-01  9.4480e-01
 5.3300e-01  9.4654e-01
 5.3794e-01  9.4827e-01
 5.4292e-01  9.5000e-01
 5.4795e-01  9.5172e-01
 5.5302e-01  9.5344e-01
 5.5814e-01  9.5515e-01
 5.6331e-01  9.5685e-01
 5.6853e-01  9.5854e-01
 5.7380e-01  9.6023e-01
 5.7911e-01  9.6190e-01
 5.8448e-01  9.6356e-01
 5.8989e-01  9.6520e-01
 5.9535e-01  9.6683e-01
 6.0087e-01  9.6844e-01
 6.0643e-01  9.7004e-01
 6.1205e-01  9.7161e-01
 6.1772e-01  9.7315e-01
 6.2344e-01  9.7467e-01
 6.2921e-01  9.7616e-01
 6.3504e-01  9.7761e-01
 6.4092e-01  9.7903e-01
 6.4686e-01  9.8041e-01
 6.5285e-01  9.8175e-01
 6.5890e-01  9.8304e-01
 6.6500e-01  9.8428e-01
 6.7116e-01  9.8546e-01
 6.7738e-01  9.8659e-01
 6.8365e-01  9.8765e-01
 6.8998e-01  9.8864e-01
 6.9637e-01  9.8957e-01
 7.0282e-01  9.9042e-01
 7.0933e-01  9.9120e-01
 7.1590e-01  9.9189e-01
 7.2253e-01  9.9250e-01
 7.2923e-01  9.9303e-01
 7.3598e-01  9.9347e-01
 7.4280e-01  9.9382e-01
 7.4968e-01  9.9408e-01
 7.5662e-01  9.9425e-01
 7.6363e-01  9.9436e-01
 7.7070e-01  9.9447e-01
 7.7784e-01  9.9464e-01
 7.8505e-01  9.9203e-01
 7.9232e-01  9.9179e-01
 7.9966e-01  9.9151e-01
 8.0706e-01  9.9093e-01
 8.1454e-01  9.9018e-01
 8.2208e-01  9.8927e-01
 8.2970e-01  9.8824e-01
 8.3738e-01  9.8710e-01
 8.4514e-01  9.8584e-01
 8.5296e-01  9.8447e-01
 8.6086e-01  9.8301e-01
 8.6884e-01  9.8143e-01
 8.7689e-01  9.7976e-01
 8.8501e-01  9.7800e-01
 8.9320e-01  9.7614e-01
 9.0148e-01  9.7420e-01
 9.0983e-01  9.7219e-01
 9.1825e-01  9.7011e-01
 9.2676e-01  9.6799e-01
 9.3534e-01  9.6585e-01
 9.4401e-01  9.6371e-01
 9.5275e-01  9.6162e-01
 9.6157e-01  9.5965e-01
 9.7048e-01  9.5788e-01
 9.7947e-01  9.5648e-01
 9.8854e-01  9.5585e-01
 9.9770e-01  9.6062e-01
 1.0069e+00  9.8116e-01
 1.0163e+00  9.9865e-01
 1.0257e+00  9.9688e-01
 1.0352e+00  9.8962e-01
 1.0448e+00  9.8311e-01
 1.0544e+00  9.7835e-01
 1.0642e+00  9.7518e-01
 1.0741e+00  9.7321e-01
 1.0840e+00  9.7196e-01
 1.0941e+00  9.7092e-01
 1.1042e+00  9.6983e-01
 1.1144e+00  9.6865e-01
 1.1247e+00  9.6746e-01
 1.1352e+00  9.6644e-01
 1.1457e+00  9.6581e-01
 1.1563e+00  9.6562e-01
 1.1670e+00  9.6575e-01
 1.1778e+00  9.6608e-01
 1.1887e+00  9.6645e-01
 1.1997e+00  9.6673e-01
 1.2108e+00  9.6696e-01
 1.2220e+00  9.6719e-01
 1.2334e+00  9.6750e-01
 1.2448e+00  9.6795e-01
 1.2563e+00  9.6854e-01
 1.2680e+00  9.6921e-01
 1.2797e+00  9.6987e-01
 1.2915e+00  9.7046e-01
 1.3035e+00  9.7095e-01
 1.3156e+00  9.7141e-01
 1.3278e+00  9.7187e-01
 1.3401e+00  9.7241e-01
 1.3525e+00  9.7304e-01
 1.3650e+00  9.7371e-01
 1.3777e+00  9.7438e-01
 1.3904e+00  9.7500e-01
 1.4033e+00  9.7565e-01
 1.4163e+00  9.7644e-01
 1.4294e+00  9.7716e-01
 1.4426e+00  9.7776e-01
 1.4560e+00  9.7821e-01
 1.4695e+00  9.7850e-01
 1.4831e+00  9.7934e-01
 1.4968e+00  9.8069e-01
 1.5107e+00  9.8130e-01
 1.5247e+00  9.8137e-01
 1.5388e+00  9.8122e-01
 1.5531e+00  9.8116e-01
 1.5675e+00  9.8141e-01
 1.5820e+00  9.8192e-01
 1.5966e+00  9.8257e-01
 1.6114e+00  9.8325e-01
 1.6263e+00  9.8384e-01
 1.6414e+00  9.8422e-01
 1.6566e+00  9.8429e-01
 1.6719e+00  9.8413e-01
 1.6874e+00  9.8387e-01
 1.7031e+00  9.8358e-01
 1.7188e+00  9.8347e-01
 1.7348e+00  9.8353e-01
 1.7508e+00  9.8352e-01
 1.7670e+00  9.8338e-01
 1.7834e+00  9.8307e-01
 1.7999e+00  9.8259e-01
 1.8166e+00  9.8193e-01
 1.8334e+00  9.8113e-01
 1.8504e+00  9.8027e-01
 1.8675e+00  9.7947e-01
 1.8848e+00  9.7886e-01
 1.9023e+00  9.7862e-01
 1.9199e+00  9.7885e-01
 1.9377e+00  9.7957e-01
 1.9557e+00  9.8069e-01
 1.9738e+00  9.8172e-01
 1.9920e+00  9.8168e-01
 2.0105e+00  9.8105e-01
 2.0291e+00  9.8105e-01
 2.0479e+00  9.8105e-01
 2.0669e+00  9.8105e-01
 2.0860e+00  9.8105e-01
 2.1053e+00  9.8105e-01
 2.1248e+00  9.8105e-01
 2.1445e+00  9.8105e-01
 2.1644e+00  9.8105e-01
 2.1844e+00  9.8105e-01
 2.2047e+00  9.8105e-01
 2.2251e+00  9.8105e-01
 2.2457e+00  9.8105e-01
 2.2665e+00  9.8105e-01
 2.2875e+00  9.8105e-01
 2.3087e+00  9.8105e-01
 2.3301e+00  9.8105e-01
 2.3516e+00  9.8105e-01
 2.3734e+00  9.8105e-01
 2.3954e+00  9.8105e-01
 2.4176e+00  9.8105e-01
 2.4400e+00  9.8105e-01
 2.4626e+00  9.8105e-01
 2.4854e+00  9.8105e-01
 2.5084e+00  9.8105e-01
 2.5316e+00  9.8105e-01
 2.5551e+00  9.7016e-01
 2.5788e+00  9.6374e-01
 2.6026e+00  9.5917e-01
 2.6268e+00  9.5543e-01
 2.6511e+00  9.5220e-01
 2.6756e+00  9.4931e-01
 2.7004e+00  9.4668e-01
 2.7254e+00  9.4425e-01
 2.7507e+00  9.4199e-01
 2.7762e+00  9.3987e-01
 2.8019e+00  9.3786e-01
 2.8278e+00  9.3596e-01
 2.8540e+00  9.3415e-01
 2.8804e+00  9.3241e-01
 2.9071e+00  9.3075e-01
 2.9340e+00  9.2916e-01
 2.9612e+00  9.2762e-01
 2.9887e+00  9.2614e-01
 3.0163e+00  9.2472e-01
 3.0443e+00  9.2333e-01
 3.0725e+00  9.2200e-01
 3.1009e+00  9.2070e-01
 3.1296e+00  9.1945e-01
 3.1586e+00  9.1823e-01
 3.1879e+00  9.1704e-01
 3.2174e+00  9.1589e-01
 3.2472e+00  9.1478e-01
 3.2773e+00  9.1369e-01
 3.3076e+00  9.1263e-01
 3.3383e+00  9.1159e-01
 3.3692e+00  9.1059e-01
 3.4004e+00  9.0961e-01
 3.4319e+00  9.0865e-01
 3.4637e+00  9.0772e-01
 3.4958e+00  9.0681e-01
 3.5282e+00  9.0592e-01
 3.5608e+00  9.0524e-01
 3.5938e+00  9.0465e-01
 3.6271e+00  9.0399e-01
 3.6607e+00  9.0331e-01
 3.6946e+00  9.0263e-01
 3.7288e+00  9.0196e-01
 3.7634e+00  9.0130e-01
 3.7982e+00  9.0065e-01
 3.8334e+00  9.0001e-01
 3.8689e+00  8.9939e-01
 3.9047e+00  8.9877e-01
 3.9409e+00  8.9817e-01
 3.9774e+00  8.9758e-01
 4.0142e+00  8.9700e-01
 4.0514e+00  8.9644e-01
 4.0889e+00  8.9588e-01
 4.1268e+00  8.9534e-01
 4.1650e+00  8.9480e-01
 4.2036e+00  8.9428e-01
 4.2426e+00  8.9377e-01
 4.2819e+00  8.9327e-01
 4.3215e+00  8.9278e-01
 4.3615e+00  8.9230e-01
 4.4019e+00  8.9183e-01
 4.4427e+00  8.9137e-01
 4.4839e+00  8.9092e-01
 4.5254e+00  8.9047e-01
 4.5673e+00  8.9004e-01
 4.6096e+00  8.8961e-01
 4.6523e+00  8.8920e-01
 4.6954e+00  8.8879e-01
 4.7389e+00  8.8839e-01
 4.7828e+00  8.8800e-01
 4.8271e+00  8.8762e-01
 4.8718e+00  8.8724e-01
 4.9169e+00  8.8687e-01
 4.9624e+00  8.8651e-01
 5.0084e+00  8.8616e-01
 5.0548e+00  8.8581e-01
 5.1016e+00  8.8547e-01
 5.1489e+00  8.8514e-01
 5.1966e+00  8.8481e-01
 5.2447e+00  8.8449e-01
 5.2933e+00  8.8418e-01
 5.3423e+00  8.8387e-01
 5.3918e+00  8.8357e-01
 5.4417e+00  8.8327e-01
 5.4921e+00  8.8298e-01
 5.5430e+00  8.8270e-01
 5.5943e+00  8.8242e-01
 5.6461e+00  8.8215e-01
 5.6984e+00  8.8188e-01
 5.7512e+00  8.8162e-01
 5.8045e+00  8.8136e-01
 5.8582e+00  8.8111e-01
 5.9125e+00  8.8086e-01
 5.9673e+00  8.8062e-01
 6.0225e+00  8.8038e-01
 6.0783e+00  8.8015e-01
 6.1346e+00  8.7992e-01
 6.1914e+00  8.7969e-01
 6.2488e+00  8.7947e-01
 6.3067e+00  8.7926e-01
 6.3651e+00  8.7905e-01
 6.4240e+00  8.7884e-01
 6.4835e+00  8.7863e-01
 6.5436e+00  8.7843e-01
 6.6042e+00  8.7824e-01
 6.6654e+00  8.7805e-01
 6.7271e+00  8.7786e-01
 6.7894e+00  8.7767e-01
 6.8523e+00  8.7749e-01
 6.9158e+00  8.7731e-01
 6.9798e+00  8.7714e-01
 7.0445e+00  8.7697e-01
 7.1097e+00  8.7680e-01
 7.1756e+00  8.7664e-01
 7.2420e+00  8.7647e-01
 7.3091e+00  8.7631e-01
 7.3768e+00  8.7616e-01
 7.4451e+00  8.7601e-01
 7.5141e+00  8.7586e-01
 7.5837e+00  8.7571e-01
 7.6539e+00  8.7557e-01
 7.7248e+00  8.7542e-01
 7.7964e+00  8.7529e-01
 7.8686e+00  8.7515e-01
 7.9415e+00  8.7502e-01
 8.0150e+00  8.7489e-01
 8.0892e+00  8.7476e-01
 8.1642e+00  8.7463e-01
 8.2398e+00  8.7451e-01
 8.3161e+00  8.7439e-01
 8.3931e+00  8.6746e-01
 8.4709e+00  8.6179e-01
 8.5493e+00  8.5798e-01
 8.6285e+00  8.5489e-01
 8.7084e+00  8.5224e-01
 8.7891e+00  8.4986e-01
 8.8705e+00  8.4771e-01
 8.9527e+00  8.4571e-01
 9.0356e+00  8.4386e-01
 9.1193e+00  8.4211e-01
 9.2037e+00  8.4046e-01
 9.2890e+00  8.3889e-01
 9.3750e+00  8.3739e-01
 9.4618e+00  8.3596e-01
 9.5495e+00  8.3459e-01
 9.6379e+00  8.3327e-01
 9.7272e+00  8.3200e-01
 9.8173e+00  8.3077e-01
 9.9082e+00  8.2959e-01
 1.0000e+01  8.2844e-01
