 1.0000e-02  1.0000e+00
 2.0000e-02  1.0000e+00
 3.0000e-02  1.0000e+00
 4.0000e-02  1.0000e+00
 5.0000e-02  1.0000e+00
 6.0000e-02  1.0000e+00
 7.0000e-02  1.0000e+00
 8.0000e-02  1.0000e+00
 9.0000e-02  1.0000e+00
 1.0000e-01  1.0000e+00
 1.1000e-01  1.0000e+00
 1.2000e-01  1.0000e+00
 1.3000e-01  1.0000e+00
 1.4000e-01  1.0000e+00
 1.5000e-01  1.0000e+00
 1.6000e-01  1.0000e+00
 1.7000e-01  1.0000e+00
 1.8000e-01  1.0000e+00
 1.9000e-01  1.0000e+00
 2.0000e-01  9.9999e-01
 2.1000e-01  9.9999e-01
 2.2000e-01  8.2373e-01
 2.3000e-01  7.6250e-01
 2.4000e-01  7.2348e-01
 2.5000e-01  6.9496e-01
 2.6000e-01  6.7276e-01
 2.7000e-01  6.5480e-01
 2.8000e-01  6.3991e-01
 2.9000e-01  6.2734e-01
 3.0000e-01  6.1657e-01
 3.1000e-01  6.0724e-01
 3.2000e-01  5.9908e-01
 3.3000e-01  5.9189e-01
 3.4000e-01  5.8550e-01
 3.5000e-01  5.7980e-01
 3.6000e-01  5.7467e-01
 3.7000e-01  5.7005e-01
 3.8000e-01  5.6586e-01
 3.9000e-01  5.6153e-01
 4.0000e-01  5.5674e-01
 4.1000e-01  5.5254e-01
 4.2000e-01  5.4885e-01
 4.3000e-01  5.4561e-01
 4.4000e-01  5.4277e-01
 4.5000e-01  5.4028e-01
 4.6000e-01  5.3808e-01
 4.7000e-01  5.3614e-01
 4.8000e-01  5.3441e-01
 4.9000e-01  5.3286e-01
 5.0000e-01  5.3145e-01
 5.1000e-01  5.3015e-01
 5.2000e-01  5.2892e-01
 5.3000e-01  5.2772e-01
 5.4000e-01  5.2646e-01
 5.5000e-01  5.2521e-01
 5.6000e-01  5.2387e-01
 5.7000e-01  5.2240e-01
 5.8000e-01  5.2075e-01
 5.9000e-01  5.1887e-01
 6.0000e-01  5.1669e-01
 6.1000e-01  5.1412e-01
 6.2000e-01  5.1109e-01
 6.3000e-01  5.0743e-01
 6.4000e-01  5.0304e-01
 6.5000e-01  4.9769e-01
 6.6000e-01  4.9112e-01
 6.7000e-01  4.8294e-01
 6.8000e-01  4.7257e-01
 6.9000e-01  4.5928e-01
 7.0000e-01  4.4180e-01
 7.1000e-01  4.1844e-01
 7.2000e-01  3.8669e-01
 7.3000e-01  3.4323e-01
 7.4000e-01  2.8435e-01
 7.5000e-01  2.0838e-01
 7.6000e-01  1.2152e-01
 7.7000e-01  4.4496e-02
 7.8000e-01  6.0703e-03
 7.9000e-01  1.5813e-02
 8.0000e-01  5.5735e-02
 8.1000e-01  1.0153e-01
 8.2000e-01  1.4191e-01
 8.3000e-01  1.7348e-01
 8.4000e-01  1.9661e-01
 8.5000e-01  2.1256e-01
 8.6000e-01  2.2249e-01
 8.7000e-01  2.2734e-01
 8.8000e-01  2.2786e-01
 8.9000e-01  2.2472e-01
 9.0000e-01  2.1775e-01
 9.1000e-01  2.0921e-01
 9.2000e-01  2.0038e-01
 9.3000e-01  1.9174e-01
 9.4000e-01  1.8361e-01
 9.5000e-01  1.7616e-01
 9.6000e-01  1.6951e-01
 9.7000e-01  1.6386e-01
 9.8000e-01  1.5953e-01
 9.9000e-01  1.5157e-01
 1.0000e+00  1.4373e-01
 1.0100e+00  8.1529e-02
 1.0200e+00  4.7937e-03
 1.0300e+00  3.8671e-02
 1.0400e+00  6.2222e-02
 1.0500e+00  7.3099e-02
 1.0600e+00  7.8023e-02
 1.0700e+00  8.0066e-02
 1.0800e+00  8.0710e-02
 1.0900e+00  8.0796e-02
 1.1000e+00  8.0802e-02
 1.1100e+00  8.0844e-02
 1.1200e+00  8.0922e-02
 1.1300e+00  8.0983e-02
 1.1400e+00  8.0943e-02
 1.1500e+00  8.0744e-02
 1.1600e+00  8.0424e-02
 1.1700e+00  8.0035e-02
 1.1800e+00  7.9627e-02
 1.1900e+00  7.9260e-02
 1.2000e+00  7.8991e-02
 1.2100e+00  7.8819e-02
 1.2200e+00  7.8742e-02
 1.2300e+00  7.8758e-02
 1.2400e+00  7.8856e-02
 1.2500e+00  7.9020e-02
 1.2600e+00  7.9263e-02
 1.2700e+00  7.9607e-02
 1.2800e+00  8.0077e-02
 1.2900e+00  8.0706e-02
 1.3000e+00  8.1521e-02
 1.3100e+00  8.2517e-02
 1.3200e+00  8.3663e-02
 1.3300e+00  8.4921e-02
 1.3400e+00  8.6249e-02
 1.3500e+00  8.7599e-02
 1.3600e+00  8.8960e-02
 1.3700e+00  9.0321e-02
 1.3800e+00  9.1674e-02
 1.3900e+00  9.3021e-02
 1.4000e+00  9.4333e-02
 1.4100e+00  9.5366e-02
 1.4200e+00  9.6382e-02
 1.4300e+00  9.7415e-02
 1.4400e+00  9.8499e-02
 1.4500e+00  9.9626e-02
 1.4600e+00  1.0077e-01
 1.4700e+00  1.0179e-01
 1.4800e+00  1.0374e-01
 1.4900e+00  1.0380e-01
 1.5000e+00  1.0314e-01
 1.5100e+00  1.0224e-01
 1.5200e+00  1.0050e-01
 1.5300e+00  9.8251e-02
 1.5400e+00  9.5856e-02
 1.5500e+00  9.3465e-02
 1.5600e+00  9.1214e-02
 1.5700e+00  8.9211e-02
 1.5800e+00  8.7552e-02
 1.5900e+00  8.6324e-02
 1.6000e+00  8.5624e-02
 1.6100e+00  8.5541e-02
 1.6200e+00  8.6040e-02
 1.6300e+00  8.7069e-02
 1.6400e+00  8.7911e-02
 1.6500e+00  8.8176e-02
 1.6600e+00  8.8469e-02
 1.6700e+00  8.8766e-02
 1.6800e+00  8.9091e-02
 1.6900e+00  8.9484e-02
 1.7000e+00  9.0036e-02
 1.7100e+00  9.0816e-02
 1.7200e+00  9.0814e-02
 1.7300e+00  9.0813e-02
 1.7400e+00  9.0812e-02
 1.7500e+00  9.0811e-02
 1.7600e+00  9.0810e-02
 1.7700e+00  9.0809e-02
 1.7800e+00  9.0808e-02
 1.7900e+00  9.0807e-02
 1.8000e+00  9.0806e-02
 1.8100e+00  9.0806e-02
 1.8200e+00  9.0805e-02
 1.8300e+00  9.0804e-02
 1.8400e+00  9.0803e-02
 1.8500e+00  9.0802e-02
 1.8600e+00  9.0800e-02
 1.8700e+00  9.0800e-02
 1.8800e+00  9.0798e-02
 1.8900e+00  9.0798e-02
 1.9000e+00  9.0797e-02
 1.9100e+00  9.0797e-02
 1.9200e+00  9.0796e-02
 1.9300e+00  9.0795e-02
 1.9400e+00  9.0794e-02
 1.9500e+00  9.0794e-02
 1.9600e+00  9.0793e-02
 1.9700e+00  9.0792e-02
 1.9800e+00  9.0792e-02
 1.9900e+00  9.0791e-02
