 1.0000e-02  0.0000e+00
 2.0000e-02  0.0000e+00
 3.0000e-02  0.0000e+00
 4.0000e-02  0.0000e+00
 5.0000e-02  0.0000e+00
 6.0000e-02  0.0000e+00
 7.0000e-02  0.0000e+00
 8.0000e-02  0.0000e+00
 9.0000e-02  0.0000e+00
 1.0000e-01  0.0000e+00
 1.1000e-01  0.0000e+00
 1.2000e-01  0.0000e+00
 1.3000e-01  0.0000e+00
 1.4000e-01  0.0000e+00
 1.5000e-01  2.4949e-09
 1.6000e-01  1.8400e-08
 1.7000e-01  5.7772e-08
 1.8000e-01  1.2843e-07
 1.9000e-01  2.3691e-07
 2.0000e-01  3.8913e-07
 2.1000e-01  5.9072e-07
 2.2000e-01  6.0246e-07
 2.3000e-01  7.4600e-07
 2.4000e-01  9.3455e-07
 2.5000e-01  1.1637e-06
 2.6000e-01  1.4349e-06
 2.7000e-01  1.7514e-06
 2.8000e-01  2.1173e-06
 2.9000e-01  3.2702e-03
 3.0000e-01  8.9617e-03
 3.1000e-01  1.5902e-02
 3.2000e-01  2.3601e-02
 3.3000e-01  3.1763e-02
 3.4000e-01  4.0198e-02
 3.5000e-01  4.8785e-02
 3.6000e-01  5.7453e-02
 3.7000e-01  6.6169e-02
 3.8000e-01  7.4931e-02
 3.9000e-01  8.3748e-02
 4.0000e-01  9.2666e-02
 4.1000e-01  1.0173e-01
 4.2000e-01  1.1100e-01
 4.3000e-01  1.2057e-01
 4.4000e-01  1.3050e-01
 4.5000e-01  1.4090e-01
 4.6000e-01  1.5185e-01
 4.7000e-01  1.6343e-01
 4.8000e-01  1.7570e-01
 4.9000e-01  1.8873e-01
 5.0000e-01  2.0259e-01
 5.1000e-01  2.1734e-01
 5.2000e-01  2.3306e-01
 5.3000e-01  2.4981e-01
 5.4000e-01  2.6767e-01
 5.5000e-01  2.8669e-01
 5.6000e-01  3.0693e-01
 5.7000e-01  3.2849e-01
 5.8000e-01  3.5141e-01
 5.9000e-01  3.7579e-01
 6.0000e-01  4.0164e-01
 6.1000e-01  4.2897e-01
 6.2000e-01  4.5774e-01
 6.3000e-01  4.8785e-01
 6.4000e-01  5.1917e-01
 6.5000e-01  5.5146e-01
 6.6000e-01  5.8437e-01
 6.7000e-01  6.1745e-01
 6.8000e-01  6.5012e-01
 6.9000e-01  6.8176e-01
 7.0000e-01  7.1168e-01
 7.1000e-01  7.3916e-01
 7.2000e-01  7.6346e-01
 7.3000e-01  7.8392e-01
 7.4000e-01  8.0004e-01
 7.5000e-01  8.1185e-01
 7.6000e-01  8.2095e-01
 7.7000e-01  8.3621e-01
 7.8000e-01  9.0036e-01
 7.9000e-01  8.2408e-01
 8.0000e-01  7.6836e-01
 8.1000e-01  7.3843e-01
 8.2000e-01  7.0999e-01
 8.3000e-01  6.8059e-01
 8.4000e-01  6.5031e-01
 8.5000e-01  6.1953e-01
 8.6000e-01  5.8866e-01
 8.7000e-01  5.5806e-01
 8.8000e-01  5.2805e-01
 8.9000e-01  4.9890e-01
 9.0000e-01  4.7094e-01
 9.1000e-01  4.4422e-01
 9.2000e-01  4.1881e-01
 9.3000e-01  3.9481e-01
 9.4000e-01  3.7233e-01
 9.5000e-01  3.5138e-01
 9.6000e-01  3.3200e-01
 9.7000e-01  3.1425e-01
 9.8000e-01  2.9851e-01
 9.9000e-01  2.8833e-01
 1.0000e+00  3.7411e-01
 1.0100e+00  7.7153e-01
 1.0200e+00  9.8884e-01
 1.0300e+00  8.7641e-01
 1.0400e+00  7.5166e-01
 1.0500e+00  6.6673e-01
 1.0600e+00  6.1359e-01
 1.0700e+00  5.8167e-01
 1.0800e+00  5.6249e-01
 1.0900e+00  5.4893e-01
 1.1000e+00  5.3587e-01
 1.1100e+00  5.2216e-01
 1.1200e+00  5.0820e-01
 1.1300e+00  4.9525e-01
 1.1400e+00  4.8525e-01
 1.1500e+00  4.7960e-01
 1.1600e+00  4.7763e-01
 1.1700e+00  4.7824e-01
 1.1800e+00  4.8017e-01
 1.1900e+00  4.8207e-01
 1.2000e+00  4.8303e-01
 1.2100e+00  4.8335e-01
 1.2200e+00  4.8353e-01
 1.2300e+00  4.8412e-01
 1.2400e+00  4.8573e-01
 1.2500e+00  4.8864e-01
 1.2600e+00  4.9245e-01
 1.2700e+00  4.9661e-01
 1.2800e+00  5.0058e-01
 1.2900e+00  5.0382e-01
 1.3000e+00  5.0606e-01
 1.3100e+00  5.0767e-01
 1.3200e+00  5.0908e-01
 1.3300e+00  5.1076e-01
 1.3400e+00  5.1317e-01
 1.3500e+00  5.1651e-01
 1.3600e+00  5.2050e-01
 1.3700e+00  5.2477e-01
 1.3800e+00  5.2898e-01
 1.3900e+00  5.3280e-01
 1.4000e+00  5.3665e-01
 1.4100e+00  5.4320e-01
 1.4200e+00  5.4961e-01
 1.4300e+00  5.5558e-01
 1.4400e+00  5.6079e-01
 1.4500e+00  5.6486e-01
 1.4600e+00  5.6751e-01
 1.4700e+00  5.6917e-01
 1.4800e+00  5.6812e-01
 1.4900e+00  5.8399e-01
 1.5000e+00  5.9378e-01
 1.5100e+00  5.9985e-01
 1.5200e+00  6.0326e-01
 1.5300e+00  6.0531e-01
 1.5400e+00  6.0720e-01
 1.5500e+00  6.1004e-01
 1.5600e+00  6.1459e-01
 1.5700e+00  6.2056e-01
 1.5800e+00  6.2739e-01
 1.5900e+00  6.3460e-01
 1.6000e+00  6.4165e-01
 1.6100e+00  6.4800e-01
 1.6200e+00  6.5324e-01
 1.6300e+00  6.5704e-01
 1.6400e+00  6.5915e-01
 1.6500e+00  6.5948e-01
 1.6600e+00  6.5836e-01
 1.6700e+00  6.5619e-01
 1.6800e+00  6.5328e-01
 1.6900e+00  6.4987e-01
 1.7000e+00  6.4596e-01
 1.7100e+00  6.4155e-01
 1.7200e+00  6.4173e-01
 1.7300e+00  6.4214e-01
 1.7400e+00  6.4246e-01
 1.7500e+00  6.4235e-01
 1.7600e+00  6.4156e-01
 1.7700e+00  6.4004e-01
 1.7800e+00  6.3780e-01
 1.7900e+00  6.3485e-01
 1.8000e+00  6.3120e-01
 1.8100e+00  6.2684e-01
 1.8200e+00  6.2194e-01
 1.8300e+00  6.1668e-01
 1.8400e+00  6.1127e-01
 1.8500e+00  6.0596e-01
 1.8600e+00  6.0099e-01
 1.8700e+00  5.9661e-01
 1.8800e+00  5.9305e-01
 1.8900e+00  5.9057e-01
 1.9000e+00  5.8940e-01
 1.9100e+00  5.8974e-01
 1.9200e+00  5.9163e-01
 1.9300e+00  5.9504e-01
 1.9400e+00  5.9991e-01
 1.9500e+00  6.0613e-01
 1.9600e+00  6.1327e-01
 1.9700e+00  6.1951e-01
 1.9800e+00  6.2298e-01
 1.9900e+00  6.2183e-01
