 1.0000e-03  0.0000e+00
 1.0093e-03  0.0000e+00
 1.0186e-03  0.0000e+00
 1.0280e-03  7.4185e-02
 1.0376e-03  1.1267e-01
 1.0472e-03  1.3756e-01
 1.0569e-03  1.5642e-01
 1.0667e-03  1.7169e-01
 1.0765e-03  1.8454e-01
 1.0865e-03  1.9560e-01
 1.0966e-03  2.0529e-01
 1.1067e-03  2.1389e-01
 1.1170e-03  2.2160e-01
 1.1273e-03  2.2857e-01
 1.1378e-03  2.3490e-01
 1.1483e-03  2.4069e-01
 1.1589e-03  2.4601e-01
 1.1697e-03  2.5092e-01
 1.1805e-03  2.5546e-01
 1.1915e-03  2.5968e-01
 1.2025e-03  2.6360e-01
 1.2136e-03  2.6726e-01
 1.2249e-03  2.7069e-01
 1.2362e-03  2.7390e-01
 1.2477e-03  2.7691e-01
 1.2592e-03  2.7974e-01
 1.2709e-03  2.8241e-01
 1.2826e-03  2.8492e-01
 1.2945e-03  2.8730e-01
 1.3065e-03  2.8954e-01
 1.3186e-03  2.9167e-01
 1.3308e-03  2.9368e-01
 1.3432e-03  2.9558e-01
 1.3556e-03  2.9739e-01
 1.3682e-03  2.9911e-01
 1.3808e-03  3.0074e-01
 1.3936e-03  3.0230e-01
 1.4065e-03  3.0378e-01
 1.4196e-03  3.0518e-01
 1.4327e-03  3.0653e-01
 1.4460e-03  3.0781e-01
 1.4594e-03  3.0903e-01
 1.4729e-03  3.1019e-01
 1.4865e-03  3.1131e-01
 1.5003e-03  3.1237e-01
 1.5142e-03  3.1339e-01
 1.5282e-03  3.1436e-01
 1.5424e-03  3.1529e-01
 1.5567e-03  3.1618e-01
 1.5711e-03  3.1703e-01
 1.5856e-03  3.1785e-01
 1.6003e-03  3.1864e-01
 1.6151e-03  3.1939e-01
 1.6301e-03  3.2011e-01
 1.6452e-03  3.2080e-01
 1.6604e-03  3.2146e-01
 1.6758e-03  3.2210e-01
 1.6913e-03  3.2271e-01
 1.7070e-03  3.2329e-01
 1.7228e-03  3.2386e-01
 1.7388e-03  3.2440e-01
 1.7549e-03  3.2492e-01
 1.7711e-03  3.2542e-01
 1.7875e-03  3.2590e-01
 1.8041e-03  3.2636e-01
 1.8208e-03  3.2681e-01
 1.8377e-03  3.2724e-01
 1.8547e-03  3.2765e-01
 1.8719e-03  3.2805e-01
 1.8892e-03  3.2843e-01
 1.9067e-03  3.2880e-01
 1.9244e-03  3.2915e-01
 1.9422e-03  3.2949e-01
 1.9602e-03  3.2982e-01
 1.9783e-03  3.3014e-01
 1.9966e-03  3.3045e-01
 2.0151e-03  3.3074e-01
 2.0338e-03  3.3103e-01
 2.0526e-03  3.3130e-01
 2.0716e-03  3.3157e-01
 2.0908e-03  3.3182e-01
 2.1102e-03  3.3207e-01
 2.1297e-03  3.3231e-01
 2.1495e-03  3.3254e-01
 2.1694e-03  3.3276e-01
 2.1895e-03  3.3297e-01
 2.2098e-03  3.3318e-01
 2.2302e-03  3.3338e-01
 2.2509e-03  3.3357e-01
 2.2717e-03  3.3376e-01
 2.2928e-03  3.3394e-01
 2.3140e-03  3.3411e-01
 2.3354e-03  3.3428e-01
 2.3571e-03  3.3444e-01
 2.3789e-03  3.3460e-01
 2.4009e-03  3.3475e-01
 2.4232e-03  3.3490e-01
 2.4456e-03  3.3504e-01
 2.4683e-03  3.3518e-01
 2.4911e-03  3.3531e-01
 2.5142e-03  3.3544e-01
 2.5375e-03  3.3557e-01
 2.5610e-03  3.3569e-01
 2.5847e-03  3.3580e-01
 2.6087e-03  3.3592e-01
 2.6328e-03  3.3603e-01
 2.6572e-03  3.3613e-01
 2.6818e-03  3.3624e-01
 2.7067e-03  3.3634e-01
 2.7317e-03  3.3643e-01
 2.7570e-03  3.3653e-01
 2.7826e-03  3.3662e-01
 2.8083e-03  3.3670e-01
 2.8343e-03  3.3679e-01
 2.8606e-03  3.3687e-01
 2.8871e-03  3.3695e-01
 2.9138e-03  3.3703e-01
 2.9408e-03  3.3710e-01
 2.9681e-03  3.3718e-01
 2.9955e-03  3.3725e-01
 3.0233e-03  3.3732e-01
 3.0513e-03  3.3738e-01
 3.0796e-03  3.3745e-01
 3.1081e-03  3.3751e-01
 3.1369e-03  3.3757e-01
 3.1659e-03  3.3763e-01
 3.1952e-03  3.3769e-01
 3.2248e-03  3.3774e-01
 3.2547e-03  3.3780e-01
 3.2849e-03  3.3785e-01
 3.3153e-03  3.3790e-01
 3.3460e-03  3.3795e-01
 3.3770e-03  3.3800e-01
 3.4083e-03  3.3805e-01
 3.4398e-03  3.3809e-01
 3.4717e-03  3.3813e-01
 3.5038e-03  3.3818e-01
 3.5363e-03  3.3822e-01
 3.5690e-03  3.3826e-01
 3.6021e-03  3.3830e-01
 3.6355e-03  3.3834e-01
 3.6691e-03  3.3837e-01
 3.7031e-03  3.3841e-01
 3.7374e-03  3.3845e-01
 3.7720e-03  3.3848e-01
 3.8070e-03  3.3851e-01
 3.8422e-03  3.3855e-01
 3.8778e-03  3.3858e-01
 3.9137e-03  3.3861e-01
 3.9500e-03  3.3864e-01
 3.9866e-03  3.3867e-01
 4.0235e-03  3.3869e-01
 4.0608e-03  3.3872e-01
 4.0984e-03  3.3875e-01
 4.1363e-03  3.3877e-01
 4.1747e-03  3.3880e-01
 4.2133e-03  3.3882e-01
 4.2523e-03  3.3885e-01
 4.2917e-03  3.3887e-01
 4.3315e-03  3.3890e-01
 4.3716e-03  3.3892e-01
 4.4121e-03  3.3894e-01
 4.4530e-03  3.3896e-01
 4.4942e-03  3.3898e-01
 4.5358e-03  3.3900e-01
 4.5778e-03  3.3902e-01
 4.6202e-03  3.3904e-01
 4.6630e-03  3.3906e-01
 4.7062e-03  3.3908e-01
 4.7498e-03  3.3909e-01
 4.7938e-03  3.3911e-01
 4.8382e-03  3.3913e-01
 4.8830e-03  3.3914e-01
 4.9282e-03  3.3916e-01
 4.9739e-03  3.3917e-01
 5.0200e-03  3.3919e-01
 5.0665e-03  3.3920e-01
 5.1134e-03  3.3922e-01
 5.1607e-03  3.3923e-01
 5.2085e-03  3.3925e-01
 5.2568e-03  3.3926e-01
 5.3055e-03  3.3927e-01
 5.3546e-03  3.3929e-01
 5.4042e-03  3.3930e-01
 5.4543e-03  3.3931e-01
 5.5048e-03  3.3932e-01
 5.5558e-03  3.3933e-01
 5.6072e-03  3.3935e-01
 5.6592e-03  3.3936e-01
 5.7116e-03  3.3937e-01
 5.7645e-03  3.3938e-01
 5.8179e-03  3.3939e-01
 5.8718e-03  3.3940e-01
 5.9262e-03  3.3941e-01
 5.9810e-03  3.3942e-01
 6.0364e-03  3.3943e-01
 6.0923e-03  3.3944e-01
 6.1488e-03  3.3944e-01
 6.2057e-03  3.3945e-01
 6.2632e-03  3.3946e-01
 6.3212e-03  3.3947e-01
 6.3798e-03  3.3948e-01
 6.4389e-03  3.3949e-01
 6.4985e-03  3.3949e-01
 6.5587e-03  3.3950e-01
 6.6194e-03  3.3951e-01
 6.6807e-03  3.3952e-01
 6.7426e-03  3.3952e-01
 6.8051e-03  3.3953e-01
 6.8681e-03  3.3954e-01
 6.9317e-03  3.3954e-01
 6.9959e-03  3.3955e-01
 7.0607e-03  3.3956e-01
 7.1261e-03  3.3956e-01
 7.1921e-03  3.3957e-01
 7.2587e-03  3.3957e-01
 7.3260e-03  3.3958e-01
 7.3938e-03  3.3959e-01
 7.4623e-03  3.3959e-01
 7.5314e-03  3.3960e-01
 7.6012e-03  3.3960e-01
 7.6716e-03  3.3961e-01
 7.7426e-03  3.3961e-01
 7.8144e-03  3.3962e-01
 7.8867e-03  3.3962e-01
 7.9598e-03  3.3963e-01
 8.0335e-03  3.3963e-01
 8.1079e-03  3.3964e-01
 8.1830e-03  3.3964e-01
 8.2588e-03  3.3965e-01
 8.3353e-03  3.3965e-01
 8.4125e-03  3.3965e-01
 8.4904e-03  3.3966e-01
 8.5691e-03  3.3966e-01
 8.6484e-03  3.3967e-01
 8.7285e-03  3.3967e-01
 8.8094e-03  3.3967e-01
 8.8910e-03  3.3968e-01
 8.9733e-03  3.3968e-01
 9.0564e-03  3.3968e-01
 9.1403e-03  3.3969e-01
 9.2250e-03  3.3969e-01
 9.3104e-03  3.3970e-01
 9.3966e-03  3.3970e-01
 9.4837e-03  3.3970e-01
 9.5715e-03  3.3970e-01
 9.6602e-03  3.3971e-01
 9.7496e-03  3.3971e-01
 9.8400e-03  3.3971e-01
 9.9311e-03  3.3972e-01
 1.0023e-02  3.3972e-01
 1.0116e-02  3.3972e-01
 1.0210e-02  3.3972e-01
 1.0304e-02  3.3973e-01
 1.0400e-02  3.3973e-01
 1.0496e-02  3.3973e-01
 1.0593e-02  3.3974e-01
 1.0691e-02  3.3974e-01
 1.0790e-02  3.3974e-01
 1.0890e-02  3.3974e-01
 1.0991e-02  3.3974e-01
 1.1093e-02  3.3975e-01
 1.1196e-02  3.3975e-01
 1.1299e-02  3.3975e-01
 1.1404e-02  3.3975e-01
 1.1510e-02  3.3976e-01
 1.1616e-02  3.3976e-01
 1.1724e-02  3.3976e-01
 1.1832e-02  3.3976e-01
 1.1942e-02  3.3976e-01
 1.2053e-02  3.3977e-01
 1.2164e-02  3.3977e-01
 1.2277e-02  3.3977e-01
 1.2391e-02  3.3977e-01
 1.2505e-02  3.3977e-01
 1.2621e-02  3.3977e-01
 1.2738e-02  3.3978e-01
 1.2856e-02  3.3978e-01
 1.2975e-02  3.3978e-01
 1.3095e-02  3.3978e-01
 1.3217e-02  3.3978e-01
 1.3339e-02  3.3978e-01
 1.3463e-02  3.3979e-01
 1.3587e-02  3.3979e-01
 1.3713e-02  3.3979e-01
 1.3840e-02  3.3979e-01
 1.3968e-02  3.3979e-01
 1.4098e-02  3.3979e-01
 1.4228e-02  3.3979e-01
 1.4360e-02  3.3979e-01
 1.4493e-02  3.3980e-01
 1.4627e-02  3.3980e-01
 1.4763e-02  3.3980e-01
 1.4900e-02  3.3980e-01
 1.5038e-02  3.3980e-01
 1.5177e-02  3.3980e-01
 1.5317e-02  3.3980e-01
 1.5459e-02  3.3980e-01
 1.5602e-02  3.3981e-01
 1.5747e-02  3.3981e-01
 1.5893e-02  3.3981e-01
 1.6040e-02  3.3981e-01
 1.6189e-02  3.3981e-01
 1.6339e-02  3.3981e-01
 1.6490e-02  3.3981e-01
 1.6643e-02  3.3981e-01
 1.6797e-02  3.3981e-01
 1.6952e-02  3.3981e-01
 1.7109e-02  3.3982e-01
 1.7268e-02  3.3982e-01
 1.7428e-02  3.3982e-01
 1.7589e-02  3.3982e-01
 1.7752e-02  3.3982e-01
 1.7917e-02  3.3982e-01
 1.8082e-02  3.3982e-01
 1.8250e-02  3.3982e-01
 1.8419e-02  3.3982e-01
 1.8590e-02  3.3982e-01
 1.8762e-02  3.3982e-01
 1.8936e-02  3.3982e-01
 1.9111e-02  3.3982e-01
 1.9288e-02  3.3983e-01
 1.9467e-02  3.3983e-01
 1.9647e-02  3.3983e-01
 1.9829e-02  3.3983e-01
 2.0012e-02  3.3983e-01
 2.0198e-02  3.3983e-01
 2.0385e-02  3.3983e-01
 2.0574e-02  3.3983e-01
 2.0764e-02  3.3983e-01
 2.0957e-02  3.3983e-01
 2.1151e-02  3.3983e-01
 2.1347e-02  3.3983e-01
 2.1544e-02  3.3983e-01
 2.1744e-02  3.3983e-01
 2.1945e-02  3.3983e-01
 2.2149e-02  3.3983e-01
 2.2354e-02  3.3984e-01
 2.2561e-02  3.3984e-01
 2.2770e-02  3.3984e-01
 2.2981e-02  3.3984e-01
 2.3193e-02  3.3984e-01
 2.3408e-02  3.3984e-01
 2.3625e-02  3.3984e-01
 2.3844e-02  3.3984e-01
 2.4065e-02  3.3984e-01
 2.4288e-02  3.3984e-01
 2.4513e-02  3.3984e-01
 2.4740e-02  3.3984e-01
 2.4969e-02  3.3984e-01
 2.5200e-02  3.3984e-01
 2.5433e-02  3.3984e-01
 2.5669e-02  3.3984e-01
 2.5907e-02  3.3984e-01
 2.6147e-02  3.3984e-01
 2.6389e-02  3.3984e-01
 2.6633e-02  3.3984e-01
 2.6880e-02  3.3984e-01
 2.7129e-02  3.3984e-01
 2.7380e-02  3.3984e-01
 2.7634e-02  3.3984e-01
 2.7890e-02  3.3984e-01
 2.8148e-02  3.3985e-01
 2.8409e-02  3.3985e-01
 2.8672e-02  3.3985e-01
 2.8938e-02  3.3985e-01
 2.9206e-02  3.3985e-01
 2.9476e-02  3.3985e-01
 2.9749e-02  3.3985e-01
 3.0025e-02  3.3985e-01
 3.0303e-02  3.3985e-01
 3.0583e-02  3.3985e-01
 3.0867e-02  3.3985e-01
 3.1153e-02  3.3985e-01
 3.1441e-02  3.3985e-01
 3.1732e-02  3.3985e-01
 3.2026e-02  3.3985e-01
 3.2323e-02  3.3985e-01
 3.2622e-02  3.3985e-01
 3.2924e-02  3.3985e-01
 3.3229e-02  3.3985e-01
 3.3537e-02  3.3985e-01
 3.3848e-02  3.3985e-01
 3.4161e-02  3.3985e-01
 3.4478e-02  3.3985e-01
 3.4797e-02  3.3985e-01
 3.5119e-02  3.3985e-01
 3.5445e-02  3.3985e-01
 3.5773e-02  3.3985e-01
 3.6104e-02  3.3985e-01
 3.6439e-02  3.3985e-01
 3.6776e-02  3.3985e-01
 3.7117e-02  3.3985e-01
 3.7461e-02  3.3985e-01
 3.7807e-02  3.3985e-01
 3.8158e-02  3.3985e-01
 3.8511e-02  3.3985e-01
 3.8868e-02  3.3985e-01
 3.9228e-02  3.3985e-01
 3.9591e-02  3.3985e-01
 3.9958e-02  3.3985e-01
 4.0328e-02  3.3985e-01
 4.0701e-02  3.3985e-01
 4.1078e-02  3.3985e-01
 4.1459e-02  3.3985e-01
 4.1843e-02  3.3985e-01
 4.2230e-02  3.3985e-01
 4.2622e-02  3.3985e-01
 4.3016e-02  3.3986e-01
 4.3415e-02  3.3986e-01
 4.3817e-02  3.3986e-01
 4.4223e-02  3.3986e-01
 4.4632e-02  3.3986e-01
 4.5046e-02  3.3986e-01
 4.5463e-02  3.3986e-01
 4.5884e-02  3.3986e-01
 4.6309e-02  3.3986e-01
 4.6738e-02  3.3986e-01
 4.7171e-02  3.3986e-01
 4.7608e-02  3.3986e-01
 4.8049e-02  3.3986e-01
 4.8494e-02  3.3986e-01
 4.8943e-02  3.3986e-01
 4.9396e-02  3.3986e-01
 4.9854e-02  3.3986e-01
 5.0315e-02  3.3986e-01
 5.0782e-02  3.3986e-01
 5.1252e-02  3.3986e-01
 5.1727e-02  3.3986e-01
 5.2206e-02  3.3986e-01
 5.2689e-02  3.3986e-01
 5.3177e-02  3.3986e-01
 5.3670e-02  3.3986e-01
 5.4167e-02  3.3986e-01
 5.4669e-02  3.3986e-01
 5.5175e-02  3.3986e-01
 5.5686e-02  3.3986e-01
 5.6202e-02  3.3986e-01
 5.6722e-02  3.3986e-01
 5.7248e-02  3.3986e-01
 5.7778e-02  3.3986e-01
 5.8313e-02  3.3986e-01
 5.8853e-02  3.3986e-01
 5.9398e-02  3.3986e-01
 5.9948e-02  3.3986e-01
 6.0504e-02  3.3986e-01
 6.1064e-02  3.3986e-01
 6.1630e-02  3.3986e-01
 6.2200e-02  3.3986e-01
 6.2777e-02  3.3986e-01
 6.3358e-02  3.3986e-01
 6.3945e-02  3.3986e-01
 6.4537e-02  3.3986e-01
 6.5135e-02  3.3986e-01
 6.5738e-02  3.3986e-01
 6.6347e-02  3.3986e-01
 6.6962e-02  3.3986e-01
 6.7582e-02  3.3986e-01
 6.8208e-02  3.3986e-01
 6.8840e-02  3.3986e-01
 6.9477e-02  3.3986e-01
 7.0121e-02  3.3986e-01
 7.0770e-02  3.3986e-01
 7.1426e-02  3.3986e-01
 7.2087e-02  3.3986e-01
 7.2755e-02  3.3986e-01
 7.3429e-02  3.3986e-01
 7.4109e-02  3.3986e-01
 7.4795e-02  3.3986e-01
 7.5488e-02  3.3986e-01
 7.6187e-02  3.3986e-01
 7.6893e-02  3.3986e-01
 7.7605e-02  3.3986e-01
 7.8324e-02  3.3986e-01
 7.9049e-02  3.3986e-01
 7.9781e-02  3.3986e-01
 8.0520e-02  3.3986e-01
 8.1266e-02  3.3986e-01
 8.2019e-02  3.3986e-01
 8.2779e-02  3.3986e-01
 8.3545e-02  3.3986e-01
 8.4319e-02  3.3986e-01
 8.5100e-02  3.3986e-01
 8.5888e-02  3.3986e-01
 8.6684e-02  3.3986e-01
 8.7487e-02  3.3986e-01
 8.8297e-02  3.3986e-01
 8.9115e-02  3.3986e-01
 8.9940e-02  3.3986e-01
 9.0773e-02  3.3986e-01
 9.1614e-02  3.3986e-01
 9.2463e-02  3.3986e-01
 9.3319e-02  3.3986e-01
 9.4183e-02  3.3986e-01
 9.5056e-02  3.3986e-01
 9.5936e-02  3.3986e-01
 9.6825e-02  3.3986e-01
 9.7721e-02  3.3986e-01
 9.8627e-02  3.3986e-01
 9.9540e-02  3.3986e-01
 1.0046e-01  3.3986e-01
 1.0139e-01  3.3986e-01
 1.0233e-01  3.3986e-01
 1.0328e-01  3.3986e-01
 1.0424e-01  3.3986e-01
 1.0520e-01  3.3986e-01
 1.0618e-01  3.3986e-01
 1.0716e-01  3.3986e-01
 1.0815e-01  3.3986e-01
 1.0915e-01  3.3986e-01
 1.1016e-01  3.3986e-01
 1.1118e-01  3.3986e-01
 1.1221e-01  3.3986e-01
 1.1325e-01  3.3986e-01
 1.1430e-01  3.3986e-01
 1.1536e-01  3.3986e-01
 1.1643e-01  3.3986e-01
 1.1751e-01  3.3986e-01
 1.1860e-01  3.3986e-01
 1.1970e-01  3.3986e-01
 1.2080e-01  3.3986e-01
 1.2192e-01  3.3986e-01
 1.2305e-01  3.3986e-01
 1.2419e-01  3.3986e-01
 1.2534e-01  3.3986e-01
 1.2650e-01  3.3986e-01
 1.2768e-01  3.3986e-01
 1.2886e-01  3.3986e-01
 1.3005e-01  3.3986e-01
 1.3126e-01  3.3986e-01
 1.3247e-01  3.3986e-01
 1.3370e-01  3.3986e-01
 1.3494e-01  3.3986e-01
 1.3619e-01  3.3986e-01
 1.3745e-01  3.3986e-01
 1.3872e-01  3.3986e-01
 1.4001e-01  3.3986e-01
 1.4130e-01  3.3986e-01
 1.4261e-01  3.3986e-01
 1.4393e-01  3.3986e-01
 1.4527e-01  3.3986e-01
 1.4661e-01  3.3986e-01
 1.4797e-01  3.3986e-01
 1.4934e-01  3.3986e-01
 1.5072e-01  3.3986e-01
 1.5212e-01  3.3986e-01
 1.5353e-01  3.3986e-01
 1.5495e-01  3.3986e-01
 1.5638e-01  3.3986e-01
 1.5783e-01  3.3986e-01
 1.5930e-01  3.3986e-01
 1.6077e-01  3.3986e-01
 1.6226e-01  3.3986e-01
 1.6376e-01  3.3986e-01
 1.6528e-01  3.3986e-01
 1.6681e-01  3.3986e-01
 1.6836e-01  3.3986e-01
 1.6991e-01  3.3986e-01
 1.7149e-01  3.3986e-01
 1.7308e-01  3.3986e-01
 1.7468e-01  3.3986e-01
 1.7630e-01  3.3986e-01
 1.7793e-01  3.3986e-01
 1.7958e-01  3.3986e-01
 1.8124e-01  3.3986e-01
 1.8292e-01  3.3986e-01
 1.8461e-01  3.3986e-01
 1.8632e-01  3.3986e-01
 1.8805e-01  3.3617e-01
 1.8979e-01  3.3395e-01
 1.9155e-01  3.3245e-01
 1.9332e-01  3.3126e-01
 1.9511e-01  3.3027e-01
 1.9692e-01  3.2942e-01
 1.9875e-01  3.2867e-01
 2.0059e-01  3.2799e-01
 2.0244e-01  3.2739e-01
 2.0432e-01  3.2684e-01
 2.0621e-01  3.2633e-01
 2.0812e-01  3.2586e-01
 2.1005e-01  3.2543e-01
 2.1200e-01  3.4937e-01
 2.1396e-01  3.7050e-01
 2.1594e-01  3.8295e-01
 2.1794e-01  3.9221e-01
 2.1996e-01  3.9964e-01
 2.2200e-01  4.0588e-01
 2.2405e-01  4.1124e-01
 2.2613e-01  4.1593e-01
 2.2822e-01  4.2010e-01
 2.3034e-01  4.2384e-01
 2.3247e-01  4.2723e-01
 2.3462e-01  4.3030e-01
 2.3680e-01  4.3312e-01
 2.3899e-01  4.3571e-01
 2.4120e-01  4.3810e-01
 2.4344e-01  4.4032e-01
 2.4569e-01  4.4238e-01
 2.4797e-01  4.4429e-01
 2.5026e-01  4.4609e-01
 2.5258e-01  4.4776e-01
 2.5492e-01  4.4934e-01
 2.5728e-01  4.5081e-01
 2.5967e-01  4.5220e-01
 2.6207e-01  4.5351e-01
 2.6450e-01  4.5475e-01
 2.6695e-01  4.5592e-01
 2.6942e-01  4.5702e-01
 2.7192e-01  4.5807e-01
 2.7443e-01  4.5906e-01
 2.7698e-01  4.6000e-01
 2.7954e-01  4.6089e-01
 2.8213e-01  4.6174e-01
 2.8474e-01  4.6254e-01
 2.8738e-01  4.6330e-01
 2.9004e-01  4.6402e-01
 2.9273e-01  4.6471e-01
 2.9544e-01  4.6536e-01
 2.9818e-01  4.6598e-01
 3.0094e-01  4.6657e-01
 3.0373e-01  4.6713e-01
 3.0654e-01  4.6767e-01
 3.0938e-01  4.6818e-01
 3.1224e-01  4.6867e-01
 3.1514e-01  4.6913e-01
 3.1806e-01  4.6957e-01
 3.2100e-01  4.6999e-01
 3.2397e-01  4.7040e-01
 3.2697e-01  4.7078e-01
 3.3000e-01  4.7115e-01
 3.3306e-01  4.7150e-01
 3.3614e-01  4.7183e-01
 3.3926e-01  4.7215e-01
 3.4240e-01  4.7246e-01
 3.4557e-01  4.7275e-01
 3.4877e-01  4.7303e-01
 3.5200e-01  4.7330e-01
 3.5526e-01  4.7355e-01
 3.5855e-01  4.7379e-01
 3.6187e-01  4.7402e-01
 3.6523e-01  4.7425e-01
 3.6861e-01  4.7446e-01
 3.7202e-01  4.7466e-01
 3.7547e-01  4.7485e-01
 3.7895e-01  4.7503e-01
 3.8246e-01  4.7521e-01
 3.8600e-01  4.7538e-01
 3.8957e-01  4.7553e-01
 3.9318e-01  4.7568e-01
 3.9682e-01  4.7582e-01
 4.0050e-01  4.7595e-01
 4.0421e-01  4.7608e-01
 4.0795e-01  4.7620e-01
 4.1173e-01  4.7631e-01
 4.1555e-01  4.7642e-01
 4.1939e-01  4.7652e-01
 4.2328e-01  4.7661e-01
 4.2720e-01  4.7670e-01
 4.3116e-01  4.7678e-01
 4.3515e-01  4.7686e-01
 4.3918e-01  4.7693e-01
 4.4325e-01  4.7700e-01
 4.4735e-01  4.7706e-01
 4.5150e-01  4.7711e-01
 4.5568e-01  4.7716e-01
 4.5990e-01  4.7720e-01
 4.6416e-01  4.7723e-01
 4.6846e-01  4.7726e-01
 4.7280e-01  4.7729e-01
 4.7718e-01  4.7730e-01
 4.8160e-01  4.7731e-01
 4.8606e-01  4.7732e-01
 4.9056e-01  4.7731e-01
 4.9510e-01  4.7730e-01
 4.9969e-01  4.7729e-01
 5.0432e-01  4.7726e-01
 5.0899e-01  4.7722e-01
 5.1370e-01  4.7718e-01
 5.1846e-01  4.7713e-01
 5.2326e-01  4.7707e-01
 5.2811e-01  4.7699e-01
 5.3300e-01  4.7691e-01
 5.3794e-01  4.7681e-01
 5.4292e-01  4.7670e-01
 5.4795e-01  4.7657e-01
 5.5302e-01  4.7644e-01
 5.5814e-01  4.7628e-01
 5.6331e-01  4.7611e-01
 5.6853e-01  4.7591e-01
 5.7380e-01  4.7569e-01
 5.7911e-01  4.7545e-01
 5.8448e-01  4.7518e-01
 5.8989e-01  4.7489e-01
 5.9535e-01  4.7455e-01
 6.0087e-01  4.7418e-01
 6.0643e-01  4.7376e-01
 6.1205e-01  4.7330e-01
 6.1772e-01  4.7278e-01
 6.2344e-01  4.7220e-01
 6.2921e-01  4.7155e-01
 6.3504e-01  4.7081e-01
 6.4092e-01  4.6998e-01
 6.4686e-01  4.6904e-01
 6.5285e-01  4.6798e-01
 6.5890e-01  4.6676e-01
 6.6500e-01  4.6538e-01
 6.7116e-01  4.6381e-01
 6.7738e-01  4.6200e-01
 6.8365e-01  4.5992e-01
 6.8998e-01  4.5752e-01
 6.9637e-01  4.5472e-01
 7.0282e-01  4.5146e-01
 7.0933e-01  4.4759e-01
 7.1590e-01  4.4296e-01
 7.2253e-01  4.3728e-01
 7.2923e-01  4.3008e-01
 7.3598e-01  4.2055e-01
 7.4280e-01  4.0711e-01
 7.4968e-01  3.8669e-01
 7.5662e-01  3.5304e-01
 7.6363e-01  2.9395e-01
 7.7070e-01  1.9233e-01
 7.7784e-01  6.7116e-02
 7.8505e-01  4.1465e-02
 7.9232e-01  1.3301e-01
 7.9966e-01  2.3225e-01
 8.0706e-01  2.9737e-01
 8.1454e-01  3.3863e-01
 8.2208e-01  3.6573e-01
 8.2970e-01  3.8442e-01
 8.3738e-01  3.9792e-01
 8.4514e-01  4.0806e-01
 8.5296e-01  4.1591e-01
 8.6086e-01  4.2213e-01
 8.6884e-01  4.2715e-01
 8.7689e-01  4.3122e-01
 8.8501e-01  4.3453e-01
 8.9320e-01  4.3718e-01
 9.0148e-01  4.3854e-01
 9.0983e-01  4.3960e-01
 9.1825e-01  4.4039e-01
 9.2676e-01  4.4095e-01
 9.3534e-01  4.4133e-01
 9.4401e-01  4.4159e-01
 9.5275e-01  4.4180e-01
 9.6157e-01  4.4207e-01
 9.7048e-01  4.4258e-01
 9.7947e-01  4.4363e-01
 9.8854e-01  4.4582e-01
 9.9770e-01  4.4765e-01
 1.0069e+00  4.2758e-01
 1.0163e+00  1.4920e-01
 1.0257e+00  2.0426e-01
 1.0352e+00  3.2272e-01
 1.0448e+00  3.5976e-01
 1.0544e+00  3.7530e-01
 1.0642e+00  3.8286e-01
 1.0741e+00  3.8679e-01
 1.0840e+00  3.8901e-01
 1.0941e+00  3.9063e-01
 1.1042e+00  3.9217e-01
 1.1144e+00  3.9370e-01
 1.1247e+00  3.9517e-01
 1.1352e+00  3.9642e-01
 1.1457e+00  3.9728e-01
 1.1563e+00  3.9775e-01
 1.1670e+00  3.9792e-01
 1.1778e+00  3.9789e-01
 1.1887e+00  3.9780e-01
 1.1997e+00  3.9775e-01
 1.2108e+00  3.9770e-01
 1.2220e+00  3.9762e-01
 1.2334e+00  3.9746e-01
 1.2448e+00  3.9720e-01
 1.2563e+00  3.9686e-01
 1.2680e+00  3.9656e-01
 1.2797e+00  3.9641e-01
 1.2915e+00  3.9656e-01
 1.3035e+00  3.9709e-01
 1.3156e+00  3.9799e-01
 1.3278e+00  3.9914e-01
 1.3401e+00  4.0042e-01
 1.3525e+00  4.0171e-01
 1.3650e+00  4.0302e-01
 1.3777e+00  4.0435e-01
 1.3904e+00  4.0571e-01
 1.4033e+00  4.0688e-01
 1.4163e+00  4.0758e-01
 1.4294e+00  4.0804e-01
 1.4426e+00  4.0825e-01
 1.4560e+00  4.0816e-01
 1.4695e+00  4.0761e-01
 1.4831e+00  4.0772e-01
 1.4968e+00  4.0442e-01
 1.5107e+00  4.0045e-01
 1.5247e+00  3.9554e-01
 1.5388e+00  3.8987e-01
 1.5531e+00  3.8393e-01
 1.5675e+00  3.7834e-01
 1.5820e+00  3.7383e-01
 1.5966e+00  3.7118e-01
 1.6114e+00  3.7113e-01
 1.6263e+00  3.7369e-01
 1.6414e+00  3.7640e-01
 1.6566e+00  3.7682e-01
 1.6719e+00  3.7740e-01
 1.6874e+00  3.7813e-01
 1.7031e+00  3.7922e-01
 1.7188e+00  3.7985e-01
 1.7348e+00  3.7982e-01
 1.7508e+00  3.7983e-01
 1.7670e+00  3.7990e-01
 1.7834e+00  3.8006e-01
 1.7999e+00  3.8030e-01
 1.8166e+00  3.8060e-01
 1.8334e+00  3.8095e-01
 1.8504e+00  3.8128e-01
 1.8675e+00  3.8157e-01
 1.8848e+00  3.8178e-01
 1.9023e+00  3.8186e-01
 1.9199e+00  3.8178e-01
 1.9377e+00  3.8154e-01
 1.9557e+00  3.8113e-01
 1.9738e+00  3.8072e-01
 1.9920e+00  3.8073e-01
 2.0105e+00  3.8100e-01
 2.0291e+00  3.8100e-01
 2.0479e+00  3.8100e-01
 2.0669e+00  3.8100e-01
 2.0860e+00  3.8100e-01
 2.1053e+00  3.8101e-01
 2.1248e+00  3.8101e-01
 2.1445e+00  3.8101e-01
 2.1644e+00  3.8101e-01
 2.1844e+00  3.8101e-01
 2.2047e+00  3.8101e-01
 2.2251e+00  3.8101e-01
 2.2457e+00  3.8102e-01
 2.2665e+00  3.8102e-01
 2.2875e+00  3.8102e-01
 2.3087e+00  3.8102e-01
 2.3301e+00  3.8102e-01
 2.3516e+00  3.8102e-01
 2.3734e+00  3.8102e-01
 2.3954e+00  3.8102e-01
 2.4176e+00  3.8102e-01
 2.4400e+00  3.8103e-01
 2.4626e+00  3.8103e-01
 2.4854e+00  3.8103e-01
 2.5084e+00  3.8103e-01
 2.5316e+00  3.8103e-01
 2.5551e+00  3.7536e-01
 2.5788e+00  3.7052e-01
 2.6026e+00  3.6746e-01
 2.6268e+00  3.6511e-01
 2.6511e+00  3.6315e-01
 2.6756e+00  3.6147e-01
 2.7004e+00  3.5999e-01
 2.7254e+00  3.5867e-01
 2.7507e+00  3.5747e-01
 2.7762e+00  3.5638e-01
 2.8019e+00  3.5538e-01
 2.8278e+00  3.5445e-01
 2.8540e+00  3.5359e-01
 2.8804e+00  3.5278e-01
 2.9071e+00  3.5203e-01
 2.9340e+00  3.5132e-01
 2.9612e+00  3.5066e-01
 2.9887e+00  3.5003e-01
 3.0163e+00  3.4944e-01
 3.0443e+00  3.4888e-01
 3.0725e+00  3.4835e-01
 3.1009e+00  3.4784e-01
 3.1296e+00  3.4736e-01
 3.1586e+00  3.4690e-01
 3.1879e+00  3.4647e-01
 3.2174e+00  3.4605e-01
 3.2472e+00  3.4566e-01
 3.2773e+00  3.4528e-01
 3.3076e+00  3.4491e-01
 3.3383e+00  3.4456e-01
 3.3692e+00  3.4423e-01
 3.4004e+00  3.4391e-01
 3.4319e+00  3.4360e-01
 3.4637e+00  3.4331e-01
 3.4958e+00  3.4303e-01
 3.5282e+00  3.4275e-01
 3.5608e+00  3.5248e-01
 3.5938e+00  3.6538e-01
 3.6271e+00  3.7256e-01
 3.6607e+00  3.7789e-01
 3.6946e+00  3.8219e-01
 3.7288e+00  3.8580e-01
 3.7634e+00  3.8893e-01
 3.7982e+00  3.9167e-01
 3.8334e+00  3.9412e-01
 3.8689e+00  3.9632e-01
 3.9047e+00  3.9831e-01
 3.9409e+00  4.0013e-01
 3.9774e+00  4.0179e-01
 4.0142e+00  4.0332e-01
 4.0514e+00  4.0474e-01
 4.0889e+00  4.0605e-01
 4.1268e+00  4.0727e-01
 4.1650e+00  4.0841e-01
 4.2036e+00  4.0947e-01
 4.2426e+00  4.1046e-01
 4.2819e+00  4.1139e-01
 4.3215e+00  4.1226e-01
 4.3615e+00  4.1308e-01
 4.4019e+00  4.1386e-01
 4.4427e+00  4.1458e-01
 4.4839e+00  4.1527e-01
 4.5254e+00  4.1592e-01
 4.5673e+00  4.1653e-01
 4.6096e+00  4.1711e-01
 4.6523e+00  4.1766e-01
 4.6954e+00  4.1818e-01
 4.7389e+00  4.1867e-01
 4.7828e+00  4.1914e-01
 4.8271e+00  4.1959e-01
 4.8718e+00  4.2001e-01
 4.9169e+00  4.2041e-01
 4.9624e+00  4.2079e-01
 5.0084e+00  4.2116e-01
 5.0548e+00  4.2150e-01
 5.1016e+00  4.2183e-01
 5.1489e+00  4.2214e-01
 5.1966e+00  4.2244e-01
 5.2447e+00  4.2273e-01
 5.2933e+00  4.2300e-01
 5.3423e+00  4.2326e-01
 5.3918e+00  4.2350e-01
 5.4417e+00  4.2374e-01
 5.4921e+00  4.2397e-01
 5.5430e+00  4.2418e-01
 5.5943e+00  4.2439e-01
 5.6461e+00  4.2458e-01
 5.6984e+00  4.2477e-01
 5.7512e+00  4.2495e-01
 5.8045e+00  4.2512e-01
 5.8582e+00  4.2529e-01
 5.9125e+00  4.2544e-01
 5.9673e+00  4.2559e-01
 6.0225e+00  4.2574e-01
 6.0783e+00  4.2588e-01
 6.1346e+00  4.2601e-01
 6.1914e+00  4.2613e-01
 6.2488e+00  4.2625e-01
 6.3067e+00  4.2637e-01
 6.3651e+00  4.2648e-01
 6.4240e+00  4.2659e-01
 6.4835e+00  4.2669e-01
 6.5436e+00  4.2679e-01
 6.6042e+00  4.2688e-01
 6.6654e+00  4.2697e-01
 6.7271e+00  4.2706e-01
 6.7894e+00  4.2714e-01
 6.8523e+00  4.2722e-01
 6.9158e+00  4.2729e-01
 6.9798e+00  4.2736e-01
 7.0445e+00  4.2743e-01
 7.1097e+00  4.2750e-01
 7.1756e+00  4.2756e-01
 7.2420e+00  4.2763e-01
 7.3091e+00  4.2769e-01
 7.3768e+00  4.2774e-01
 7.4451e+00  4.2780e-01
 7.5141e+00  4.2785e-01
 7.5837e+00  4.2790e-01
 7.6539e+00  4.2795e-01
 7.7248e+00  4.2799e-01
 7.7964e+00  4.2804e-01
 7.8686e+00  4.2808e-01
 7.9415e+00  4.2812e-01
 8.0150e+00  4.2816e-01
 8.0892e+00  4.2819e-01
 8.1642e+00  4.2823e-01
 8.2398e+00  4.2826e-01
 8.3161e+00  4.2830e-01
 8.3931e+00  4.2681e-01
 8.4709e+00  4.2543e-01
 8.5493e+00  4.2457e-01
 8.6285e+00  4.2392e-01
 8.7084e+00  4.2338e-01
 8.7891e+00  4.2292e-01
 8.8705e+00  4.2251e-01
 8.9527e+00  4.2215e-01
 9.0356e+00  4.2183e-01
 9.1193e+00  4.2154e-01
 9.2037e+00  4.2127e-01
 9.2890e+00  4.2103e-01
 9.3750e+00  4.2080e-01
 9.4618e+00  4.2059e-01
 9.5495e+00  4.2040e-01
 9.6379e+00  4.2022e-01
 9.7272e+00  4.2005e-01
 9.8173e+00  4.1989e-01
 9.9082e+00  4.1974e-01
 1.0000e+01  4.1960e-01
