 1.0000e-04  1.0000e+00
 1.0077e-04  1.0000e+00
 1.0155e-04  1.0000e+00
 1.0233e-04  1.0000e+00
 1.0312e-04  1.0000e+00
 1.0391e-04  1.0000e+00
 1.0472e-04  1.0000e+00
 1.0552e-04  1.0000e+00
 1.0634e-04  1.0000e+00
 1.0716e-04  1.0000e+00
 1.0798e-04  1.0000e+00
 1.0882e-04  1.0000e+00
 1.0965e-04  1.0000e+00
 1.1050e-04  1.0000e+00
 1.1135e-04  1.0000e+00
 1.1221e-04  1.0000e+00
 1.1308e-04  1.0000e+00
 1.1395e-04  1.0000e+00
 1.1483e-04  1.0000e+00
 1.1571e-04  1.0000e+00
 1.1660e-04  1.0000e+00
 1.1750e-04  1.0000e+00
 1.1841e-04  1.0000e+00
 1.1932e-04  1.0000e+00
 1.2024e-04  1.0000e+00
 1.2117e-04  1.0000e+00
 1.2210e-04  1.0000e+00
 1.2304e-04  1.0000e+00
 1.2399e-04  1.0000e+00
 1.2495e-04  1.0000e+00
 1.2591e-04  1.0000e+00
 1.2688e-04  1.0000e+00
 1.2786e-04  1.0000e+00
 1.2885e-04  1.0000e+00
 1.2984e-04  1.0000e+00
 1.3084e-04  1.0000e+00
 1.3185e-04  1.0000e+00
 1.3287e-04  1.0000e+00
 1.3389e-04  1.0000e+00
 1.3492e-04  1.0000e+00
 1.3596e-04  1.0000e+00
 1.3701e-04  1.0000e+00
 1.3807e-04  1.0000e+00
 1.3913e-04  1.0000e+00
 1.4021e-04  1.0000e+00
 1.4129e-04  1.0000e+00
 1.4238e-04  1.0000e+00
 1.4347e-04  1.0000e+00
 1.4458e-04  1.0000e+00
 1.4569e-04  1.0000e+00
 1.4682e-04  1.0000e+00
 1.4795e-04  1.0000e+00
 1.4909e-04  1.0000e+00
 1.5024e-04  1.0000e+00
 1.5140e-04  1.0000e+00
 1.5257e-04  1.0000e+00
 1.5374e-04  1.0000e+00
 1.5493e-04  1.0000e+00
 1.5612e-04  1.0000e+00
 1.5733e-04  1.0000e+00
 1.5854e-04  1.0000e+00
 1.5976e-04  1.0000e+00
 1.6099e-04  1.0000e+00
 1.6223e-04  1.0000e+00
 1.6348e-04  1.0000e+00
 1.6474e-04  1.0000e+00
 1.6601e-04  1.0000e+00
 1.6729e-04  1.0000e+00
 1.6858e-04  1.0000e+00
 1.6988e-04  1.0000e+00
 1.7119e-04  1.0000e+00
 1.7251e-04  1.0000e+00
 1.7384e-04  1.0000e+00
 1.7518e-04  1.0000e+00
 1.7654e-04  1.0000e+00
 1.7790e-04  1.0000e+00
 1.7927e-04  1.0000e+00
 1.8065e-04  1.0000e+00
 1.8204e-04  1.0000e+00
 1.8345e-04  1.0000e+00
 1.8486e-04  1.0000e+00
 1.8629e-04  1.0000e+00
 1.8772e-04  1.0000e+00
 1.8917e-04  1.0000e+00
 1.9063e-04  1.0000e+00
 1.9210e-04  1.0000e+00
 1.9358e-04  1.0000e+00
 1.9507e-04  1.0000e+00
 1.9658e-04  1.0000e+00
 1.9809e-04  1.0000e+00
 1.9962e-04  1.0000e+00
 2.0116e-04  1.0000e+00
 2.0271e-04  1.0000e+00
 2.0427e-04  1.0000e+00
 2.0585e-04  1.0000e+00
 2.0743e-04  1.0000e+00
 2.0903e-04  1.0000e+00
 2.1064e-04  1.0000e+00
 2.1227e-04  1.0000e+00
 2.1390e-04  1.0000e+00
 2.1555e-04  1.0000e+00
 2.1722e-04  1.0000e+00
 2.1889e-04  1.0000e+00
 2.2058e-04  1.0000e+00
 2.2228e-04  1.0000e+00
 2.2399e-04  1.0000e+00
 2.2572e-04  1.0000e+00
 2.2746e-04  1.0000e+00
 2.2921e-04  1.0000e+00
 2.3098e-04  1.0000e+00
 2.3276e-04  1.0000e+00
 2.3456e-04  1.0000e+00
 2.3636e-04  1.0000e+00
 2.3819e-04  1.0000e+00
 2.4002e-04  1.0000e+00
 2.4187e-04  1.0000e+00
 2.4374e-04  1.0000e+00
 2.4562e-04  1.0000e+00
 2.4751e-04  1.0000e+00
 2.4942e-04  1.0000e+00
 2.5134e-04  1.0000e+00
 2.5328e-04  1.0000e+00
 2.5523e-04  1.0000e+00
 2.5720e-04  1.0000e+00
 2.5918e-04  1.0000e+00
 2.6118e-04  1.0000e+00
 2.6320e-04  1.0000e+00
 2.6523e-04  1.0000e+00
 2.6727e-04  1.0000e+00
 2.6933e-04  1.0000e+00
 2.7141e-04  1.0000e+00
 2.7350e-04  1.0000e+00
 2.7561e-04  1.0000e+00
 2.7773e-04  1.0000e+00
 2.7988e-04  1.0000e+00
 2.8203e-04  1.0000e+00
 2.8421e-04  1.0000e+00
 2.8640e-04  1.0000e+00
 2.8861e-04  1.0000e+00
 2.9083e-04  1.0000e+00
 2.9307e-04  1.0000e+00
 2.9533e-04  1.0000e+00
 2.9761e-04  1.0000e+00
 2.9991e-04  1.0000e+00
 3.0222e-04  1.0000e+00
 3.0455e-04  1.0000e+00
 3.0690e-04  1.0000e+00
 3.0926e-04  1.0000e+00
 3.1165e-04  1.0000e+00
 3.1405e-04  1.0000e+00
 3.1647e-04  1.0000e+00
 3.1891e-04  1.0000e+00
 3.2137e-04  1.0000e+00
 3.2385e-04  1.0000e+00
 3.2634e-04  1.0000e+00
 3.2886e-04  1.0000e+00
 3.3140e-04  1.0000e+00
 3.3395e-04  1.0000e+00
 3.3653e-04  1.0000e+00
 3.3912e-04  1.0000e+00
 3.4173e-04  1.0000e+00
 3.4437e-04  1.0000e+00
 3.4702e-04  1.0000e+00
 3.4970e-04  1.0000e+00
 3.5240e-04  1.0000e+00
 3.5511e-04  1.0000e+00
 3.5785e-04  1.0000e+00
 3.6061e-04  1.0000e+00
 3.6339e-04  1.0000e+00
 3.6619e-04  1.0000e+00
 3.6902e-04  1.0000e+00
 3.7186e-04  1.0000e+00
 3.7473e-04  1.0000e+00
 3.7762e-04  1.0000e+00
 3.8053e-04  1.0000e+00
 3.8346e-04  1.0000e+00
 3.8642e-04  1.0000e+00
 3.8940e-04  1.0000e+00
 3.9240e-04  1.0000e+00
 3.9543e-04  1.0000e+00
 3.9847e-04  1.0000e+00
 4.0155e-04  1.0000e+00
 4.0464e-04  1.0000e+00
 4.0776e-04  1.0000e+00
 4.1091e-04  1.0000e+00
 4.1407e-04  1.0000e+00
 4.1727e-04  1.0000e+00
 4.2048e-04  1.0000e+00
 4.2373e-04  1.0000e+00
 4.2699e-04  1.0000e+00
 4.3028e-04  1.0000e+00
 4.3360e-04  1.0000e+00
 4.3695e-04  1.0000e+00
 4.4031e-04  1.0000e+00
 4.4371e-04  1.0000e+00
 4.4713e-04  1.0000e+00
 4.5058e-04  1.0000e+00
 4.5405e-04  1.0000e+00
 4.5755e-04  1.0000e+00
 4.6108e-04  1.0000e+00
 4.6463e-04  1.0000e+00
 4.6822e-04  1.0000e+00
 4.7183e-04  1.0000e+00
 4.7546e-04  1.0000e+00
 4.7913e-04  1.0000e+00
 4.8282e-04  1.0000e+00
 4.8655e-04  1.0000e+00
 4.9030e-04  1.0000e+00
 4.9408e-04  1.0000e+00
 4.9789e-04  1.0000e+00
 5.0173e-04  1.0000e+00
 5.0559e-04  1.0000e+00
 5.0949e-04  1.0000e+00
 5.1342e-04  1.0000e+00
 5.1738e-04  1.0000e+00
 5.2137e-04  1.0000e+00
 5.2539e-04  1.0000e+00
 5.2944e-04  1.0000e+00
 5.3352e-04  1.0000e+00
 5.3763e-04  1.0000e+00
 5.4178e-04  1.0000e+00
 5.4596e-04  1.0000e+00
 5.5017e-04  1.0000e+00
 5.5441e-04  1.0000e+00
 5.5868e-04  1.0000e+00
 5.6299e-04  1.0000e+00
 5.6733e-04  1.0000e+00
 5.7170e-04  1.0000e+00
 5.7611e-04  1.0000e+00
 5.8055e-04  1.0000e+00
 5.8503e-04  1.0000e+00
 5.8954e-04  1.0000e+00
 5.9409e-04  1.0000e+00
 5.9867e-04  1.0000e+00
 6.0328e-04  1.0000e+00
 6.0793e-04  1.0000e+00
 6.1262e-04  1.0000e+00
 6.1734e-04  1.0000e+00
 6.2210e-04  1.0000e+00
 6.2690e-04  1.0000e+00
 6.3173e-04  1.0000e+00
 6.3660e-04  1.0000e+00
 6.4151e-04  1.0000e+00
 6.4646e-04  1.0000e+00
 6.5144e-04  1.0000e+00
 6.5646e-04  1.0000e+00
 6.6153e-04  1.0000e+00
 6.6663e-04  1.0000e+00
 6.7177e-04  1.0000e+00
 6.7695e-04  1.0000e+00
 6.8216e-04  1.0000e+00
 6.8742e-04  1.0000e+00
 6.9272e-04  1.0000e+00
 6.9807e-04  1.0000e+00
 7.0345e-04  1.0000e+00
 7.0887e-04  1.0000e+00
 7.1434e-04  1.0000e+00
 7.1984e-04  1.0000e+00
 7.2539e-04  1.0000e+00
 7.3099e-04  1.0000e+00
 7.3662e-04  1.0000e+00
 7.4230e-04  1.0000e+00
 7.4802e-04  1.0000e+00
 7.5379e-04  1.0000e+00
 7.5960e-04  1.0000e+00
 7.6546e-04  1.0000e+00
 7.7136e-04  1.0000e+00
 7.7731e-04  1.0000e+00
 7.8330e-04  1.0000e+00
 7.8934e-04  1.0000e+00
 7.9543e-04  1.0000e+00
 8.0156e-04  1.0000e+00
 8.0774e-04  1.0000e+00
 8.1397e-04  1.0000e+00
 8.2024e-04  1.0000e+00
 8.2657e-04  1.0000e+00
 8.3294e-04  1.0000e+00
 8.3936e-04  1.0000e+00
 8.4583e-04  1.0000e+00
 8.5235e-04  1.0000e+00
 8.5893e-04  1.0000e+00
 8.6555e-04  1.0000e+00
 8.7222e-04  1.0000e+00
 8.7895e-04  1.0000e+00
 8.8572e-04  1.0000e+00
 8.9255e-04  1.0000e+00
 8.9943e-04  1.0000e+00
 9.0637e-04  1.0000e+00
 9.1336e-04  1.0000e+00
 9.2040e-04  1.0000e+00
 9.2749e-04  1.0000e+00
 9.3465e-04  1.0000e+00
 9.4185e-04  1.0000e+00
 9.4911e-04  1.0000e+00
 9.5643e-04  1.0000e+00
 9.6381e-04  1.0000e+00
 9.7124e-04  1.0000e+00
 9.7872e-04  1.0000e+00
 9.8627e-04  1.0000e+00
 9.9387e-04  1.0000e+00
 1.0015e-03  1.0000e+00
 1.0093e-03  1.0000e+00
 1.0170e-03  1.0000e+00
 1.0249e-03  2.9844e-02
 1.0328e-03  4.4594e-03
 1.0407e-03  2.0505e-03
 1.0488e-03  1.2620e-03
 1.0569e-03  8.9048e-04
 1.0650e-03  6.8009e-04
 1.0732e-03  5.4687e-04
 1.0815e-03  4.5597e-04
 1.0898e-03  3.9048e-04
 1.0982e-03  3.4130e-04
 1.1067e-03  3.0320e-04
 1.1152e-03  2.7288e-04
 1.1238e-03  2.4824e-04
 1.1325e-03  2.2788e-04
 1.1412e-03  2.1078e-04
 1.1500e-03  1.9624e-04
 1.1589e-03  1.8374e-04
 1.1678e-03  1.7289e-04
 1.1768e-03  1.6338e-04
 1.1859e-03  1.5500e-04
 1.1950e-03  1.4755e-04
 1.2043e-03  1.4089e-04
 1.2135e-03  1.3490e-04
 1.2229e-03  1.2949e-04
 1.2323e-03  1.2458e-04
 1.2418e-03  1.2010e-04
 1.2514e-03  1.1601e-04
 1.2611e-03  1.1224e-04
 1.2708e-03  1.0878e-04
 1.2806e-03  1.0558e-04
 1.2904e-03  1.0261e-04
 1.3004e-03  9.9861e-05
 1.3104e-03  9.7294e-05
 1.3205e-03  9.4901e-05
 1.3307e-03  9.2666e-05
 1.3410e-03  9.0564e-05
 1.3513e-03  8.8593e-05
 1.3617e-03  8.6739e-05
 1.3722e-03  8.4998e-05
 1.3828e-03  8.3349e-05
 1.3935e-03  8.1793e-05
 1.4042e-03  8.0322e-05
 1.4150e-03  7.8931e-05
 1.4259e-03  7.7606e-05
 1.4369e-03  7.6353e-05
 1.4480e-03  7.5161e-05
 1.4592e-03  7.4028e-05
 1.4704e-03  7.2948e-05
 1.4818e-03  7.1920e-05
 1.4932e-03  7.0940e-05
 1.5047e-03  7.0005e-05
 1.5163e-03  6.9111e-05
 1.5280e-03  6.8257e-05
 1.5398e-03  6.7442e-05
 1.5517e-03  6.6661e-05
 1.5636e-03  6.5913e-05
 1.5757e-03  6.5199e-05
 1.5878e-03  6.4513e-05
 1.6001e-03  6.3856e-05
 1.6124e-03  6.3227e-05
 1.6248e-03  6.2626e-05
 1.6374e-03  6.2047e-05
 1.6500e-03  6.1492e-05
 1.6627e-03  6.0961e-05
 1.6755e-03  6.0451e-05
 1.6884e-03  5.9962e-05
 1.7015e-03  5.9493e-05
 1.7146e-03  5.9044e-05
 1.7278e-03  5.8613e-05
 1.7411e-03  5.8200e-05
 1.7545e-03  5.7804e-05
 1.7681e-03  5.7425e-05
 1.7817e-03  5.7063e-05
 1.7954e-03  5.6716e-05
 1.8093e-03  5.6383e-05
 1.8232e-03  5.6065e-05
 1.8373e-03  5.5762e-05
 1.8514e-03  5.5473e-05
 1.8657e-03  5.5197e-05
 1.8801e-03  5.4934e-05
 1.8946e-03  5.4686e-05
 1.9092e-03  5.4449e-05
 1.9239e-03  5.4225e-05
 1.9388e-03  5.4012e-05
 1.9537e-03  5.3811e-05
 1.9688e-03  5.3622e-05
 1.9840e-03  5.3445e-05
 1.9993e-03  5.3279e-05
 2.0147e-03  5.3125e-05
 2.0302e-03  5.2980e-05
 2.0459e-03  5.2848e-05
 2.0616e-03  5.2725e-05
 2.0775e-03  5.2614e-05
 2.0935e-03  5.2512e-05
 2.1097e-03  5.2422e-05
 2.1259e-03  5.2341e-05
 2.1423e-03  5.2271e-05
 2.1589e-03  5.2211e-05
 2.1755e-03  5.2162e-05
 2.1923e-03  5.2123e-05
 2.2092e-03  5.2093e-05
 2.2262e-03  5.2074e-05
 2.2434e-03  5.2065e-05
 2.2607e-03  5.2067e-05
 2.2781e-03  5.2078e-05
 2.2957e-03  5.2100e-05
 2.3134e-03  5.2133e-05
 2.3312e-03  5.2175e-05
 2.3492e-03  5.2228e-05
 2.3673e-03  5.2291e-05
 2.3855e-03  5.2365e-05
 2.4039e-03  5.2450e-05
 2.4225e-03  5.2545e-05
 2.4411e-03  5.2651e-05
 2.4600e-03  5.2768e-05
 2.4789e-03  5.2896e-05
 2.4980e-03  5.3036e-05
 2.5173e-03  5.3187e-05
 2.5367e-03  5.3349e-05
 2.5563e-03  5.3523e-05
 2.5760e-03  5.3709e-05
 2.5958e-03  5.3907e-05
 2.6158e-03  5.4118e-05
 2.6360e-03  5.4341e-05
 2.6563e-03  5.4576e-05
 2.6768e-03  5.4825e-05
 2.6975e-03  5.5087e-05
 2.7183e-03  5.5363e-05
 2.7392e-03  5.5651e-05
 2.7603e-03  5.5956e-05
 2.7816e-03  5.6273e-05
 2.8031e-03  5.6606e-05
 2.8247e-03  5.6954e-05
 2.8464e-03  5.7317e-05
 2.8684e-03  5.7696e-05
 2.8905e-03  5.8092e-05
 2.9128e-03  5.8504e-05
 2.9353e-03  5.8933e-05
 2.9579e-03  5.9381e-05
 2.9807e-03  5.9846e-05
 3.0037e-03  6.0330e-05
 3.0268e-03  6.0834e-05
 3.0502e-03  6.1357e-05
 3.0737e-03  6.1900e-05
 3.0974e-03  6.2465e-05
 3.1213e-03  6.3052e-05
 3.1453e-03  6.3661e-05
 3.1696e-03  6.4293e-05
 3.1940e-03  6.4950e-05
 3.2186e-03  6.5632e-05
 3.2435e-03  6.6339e-05
 3.2685e-03  6.7074e-05
 3.2937e-03  6.7836e-05
 3.3191e-03  6.8628e-05
 3.3446e-03  6.9449e-05
 3.3704e-03  7.0303e-05
 3.3964e-03  7.1188e-05
 3.4226e-03  7.2108e-05
 3.4490e-03  7.3063e-05
 3.4756e-03  7.4057e-05
 3.5024e-03  7.5088e-05
 3.5294e-03  7.6162e-05
 3.5566e-03  7.7277e-05
 3.5840e-03  7.8438e-05
 3.6116e-03  7.9647e-05
 3.6395e-03  8.0905e-05
 3.6676e-03  8.2217e-05
 3.6958e-03  8.3584e-05
 3.7243e-03  8.5011e-05
 3.7530e-03  8.6501e-05
 3.7820e-03  8.8058e-05
 3.8111e-03  8.9686e-05
 3.8405e-03  9.1392e-05
 3.8701e-03  9.3179e-05
 3.9000e-03  9.5056e-05
 3.9300e-03  9.7028e-05
 3.9603e-03  9.9105e-05
 3.9909e-03  1.0130e-04
 4.0216e-03  1.0361e-04
 4.0526e-03  1.0607e-04
 4.0839e-03  1.0868e-04
 4.1154e-03  1.1146e-04
 4.1471e-03  1.1445e-04
 4.1791e-03  1.1767e-04
 4.2113e-03  1.2116e-04
 4.2438e-03  1.2500e-04
 4.2765e-03  1.2929e-04
 4.3095e-03  1.3428e-04
 4.3427e-03  1.4075e-04
 4.3762e-03  1.4758e-04
 4.4099e-03  1.5439e-04
 4.4439e-03  1.6114e-04
 4.4782e-03  1.6781e-04
 4.5127e-03  1.7439e-04
 4.5475e-03  1.8086e-04
 4.5826e-03  1.8723e-04
 4.6179e-03  1.9348e-04
 4.6535e-03  1.9961e-04
 4.6894e-03  2.0563e-04
 4.7255e-03  2.1153e-04
 4.7620e-03  2.1730e-04
 4.7987e-03  2.2296e-04
 4.8357e-03  2.2850e-04
 4.8729e-03  2.3391e-04
 4.9105e-03  2.3920e-04
 4.9484e-03  2.4438e-04
 4.9865e-03  2.4943e-04
 5.0250e-03  2.5437e-04
 5.0637e-03  2.5919e-04
 5.1028e-03  2.6389e-04
 5.1421e-03  2.6848e-04
 5.1817e-03  2.7295e-04
 5.2217e-03  2.7732e-04
 5.2620e-03  2.8157e-04
 5.3025e-03  2.8571e-04
 5.3434e-03  2.8974e-04
 5.3846e-03  2.9367e-04
 5.4261e-03  2.9749e-04
 5.4680e-03  3.0121e-04
 5.5101e-03  3.0482e-04
 5.5526e-03  3.0834e-04
 5.5954e-03  3.1175e-04
 5.6386e-03  3.1507e-04
 5.6820e-03  3.1829e-04
 5.7258e-03  3.2142e-04
 5.7700e-03  3.2445e-04
 5.8145e-03  3.2740e-04
 5.8593e-03  3.3025e-04
 5.9045e-03  3.3302e-04
 5.9500e-03  3.3569e-04
 5.9959e-03  3.3829e-04
 6.0421e-03  3.4079e-04
 6.0887e-03  3.4322e-04
 6.1356e-03  3.4557e-04
 6.1829e-03  3.4783e-04
 6.2306e-03  3.5002e-04
 6.2786e-03  3.5213e-04
 6.3270e-03  3.5417e-04
 6.3758e-03  3.5613e-04
 6.4250e-03  3.5802e-04
 6.4745e-03  3.5985e-04
 6.5244e-03  3.6160e-04
 6.5747e-03  3.6328e-04
 6.6254e-03  3.6490e-04
 6.6765e-03  3.6645e-04
 6.7280e-03  3.6794e-04
 6.7799e-03  3.6936e-04
 6.8321e-03  3.7073e-04
 6.8848e-03  3.7204e-04
 6.9379e-03  3.7328e-04
 6.9914e-03  3.7448e-04
 7.0453e-03  3.7561e-04
 7.0996e-03  3.7669e-04
 7.1543e-03  3.7772e-04
 7.2095e-03  3.7870e-04
 7.2651e-03  3.7963e-04
 7.3211e-03  3.8051e-04
 7.3775e-03  3.8134e-04
 7.4344e-03  3.8213e-04
 7.4917e-03  3.8288e-04
 7.5495e-03  3.8358e-04
 7.6077e-03  3.8424e-04
 7.6664e-03  3.8486e-04
 7.7255e-03  3.8544e-04
 7.7850e-03  3.8599e-04
 7.8451e-03  3.8650e-04
 7.9055e-03  3.8698e-04
 7.9665e-03  3.8743e-04
 8.0279e-03  3.8785e-04
 8.0898e-03  3.8824e-04
 8.1522e-03  3.8861e-04
 8.2150e-03  3.8895e-04
 8.2784e-03  3.8928e-04
 8.3422e-03  3.8958e-04
 8.4065e-03  3.8987e-04
 8.4713e-03  3.9015e-04
 8.5367e-03  3.9042e-04
 8.6025e-03  3.9069e-04
 8.6688e-03  3.9095e-04
 8.7356e-03  3.9122e-04
 8.8030e-03  3.9150e-04
 8.8709e-03  3.9179e-04
 8.9392e-03  3.9211e-04
 9.0082e-03  3.9246e-04
 9.0776e-03  3.9287e-04
 9.1476e-03  3.9334e-04
 9.2181e-03  3.9390e-04
 9.2892e-03  3.9460e-04
 9.3608e-03  3.9552e-04
 9.4330e-03  3.9730e-04
 9.5057e-03  4.0024e-04
 9.5790e-03  4.0358e-04
 9.6529e-03  4.0714e-04
 9.7273e-03  4.1084e-04
 9.8023e-03  4.1462e-04
 9.8779e-03  4.1845e-04
 9.9540e-03  4.2230e-04
 1.0031e-02  4.2616e-04
 1.0108e-02  4.3001e-04
 1.0186e-02  4.3383e-04
 1.0265e-02  4.3761e-04
 1.0344e-02  4.4135e-04
 1.0423e-02  4.4504e-04
 1.0504e-02  4.4867e-04
 1.0585e-02  4.5224e-04
 1.0666e-02  4.5574e-04
 1.0749e-02  4.5917e-04
 1.0832e-02  4.6252e-04
 1.0915e-02  4.6580e-04
 1.0999e-02  4.6900e-04
 1.1084e-02  4.7212e-04
 1.1169e-02  4.7515e-04
 1.1256e-02  4.7811e-04
 1.1342e-02  4.8098e-04
 1.1430e-02  4.8377e-04
 1.1518e-02  4.8647e-04
 1.1607e-02  4.8908e-04
 1.1696e-02  4.9161e-04
 1.1786e-02  4.9406e-04
 1.1877e-02  4.9642e-04
 1.1969e-02  4.9870e-04
 1.2061e-02  5.0089e-04
 1.2154e-02  5.0300e-04
 1.2248e-02  5.0502e-04
 1.2342e-02  5.0696e-04
 1.2437e-02  5.0882e-04
 1.2533e-02  5.1059e-04
 1.2630e-02  5.1229e-04
 1.2727e-02  5.1390e-04
 1.2825e-02  5.1543e-04
 1.2924e-02  5.1689e-04
 1.3024e-02  5.1827e-04
 1.3124e-02  5.1956e-04
 1.3226e-02  5.2079e-04
 1.3328e-02  5.2193e-04
 1.3430e-02  5.2301e-04
 1.3534e-02  5.2400e-04
 1.3638e-02  5.2493e-04
 1.3743e-02  5.2578e-04
 1.3849e-02  5.2657e-04
 1.3956e-02  5.2728e-04
 1.4064e-02  5.2792e-04
 1.4172e-02  5.2850e-04
 1.4281e-02  5.2901e-04
 1.4391e-02  5.2945e-04
 1.4502e-02  5.2983e-04
 1.4614e-02  5.3015e-04
 1.4727e-02  5.3040e-04
 1.4840e-02  5.3059e-04
 1.4955e-02  5.3071e-04
 1.5070e-02  5.3078e-04
 1.5186e-02  5.3079e-04
 1.5303e-02  5.3074e-04
 1.5421e-02  5.3063e-04
 1.5540e-02  5.3047e-04
 1.5660e-02  5.3025e-04
 1.5781e-02  5.2998e-04
 1.5903e-02  5.2965e-04
 1.6025e-02  5.2927e-04
 1.6149e-02  5.2884e-04
 1.6273e-02  5.2836e-04
 1.6399e-02  5.2783e-04
 1.6525e-02  5.2725e-04
 1.6653e-02  5.2662e-04
 1.6781e-02  5.2595e-04
 1.6910e-02  5.2522e-04
 1.7041e-02  5.2446e-04
 1.7172e-02  5.2365e-04
 1.7304e-02  5.2279e-04
 1.7438e-02  5.2189e-04
 1.7572e-02  5.2095e-04
 1.7708e-02  5.1997e-04
 1.7844e-02  5.1894e-04
 1.7982e-02  5.1788e-04
 1.8121e-02  5.1678e-04
 1.8260e-02  5.1564e-04
 1.8401e-02  5.1446e-04
 1.8543e-02  5.1325e-04
 1.8686e-02  5.1200e-04
 1.8830e-02  5.1071e-04
 1.8975e-02  5.0939e-04
 1.9121e-02  5.0804e-04
 1.9269e-02  5.0665e-04
 1.9417e-02  5.0523e-04
 1.9567e-02  5.0378e-04
 1.9718e-02  5.0230e-04
 1.9870e-02  5.0079e-04
 2.0023e-02  4.9924e-04
 2.0178e-02  4.9767e-04
 2.0333e-02  4.9607e-04
 2.0490e-02  4.9445e-04
 2.0648e-02  4.9279e-04
 2.0807e-02  4.9111e-04
 2.0968e-02  4.8940e-04
 2.1129e-02  4.8767e-04
 2.1292e-02  4.8591e-04
 2.1456e-02  4.8413e-04
 2.1622e-02  4.8233e-04
 2.1788e-02  4.8050e-04
 2.1956e-02  4.7865e-04
 2.2126e-02  4.7677e-04
 2.2296e-02  4.7488e-04
 2.2468e-02  4.7296e-04
 2.2641e-02  4.7103e-04
 2.2816e-02  4.6907e-04
 2.2992e-02  4.6710e-04
 2.3169e-02  4.6511e-04
 2.3348e-02  4.6309e-04
 2.3528e-02  4.6106e-04
 2.3709e-02  4.5902e-04
 2.3892e-02  4.5695e-04
 2.4076e-02  4.5487e-04
 2.4262e-02  4.5277e-04
 2.4449e-02  4.5066e-04
 2.4637e-02  4.4853e-04
 2.4827e-02  4.4639e-04
 2.5019e-02  4.4424e-04
 2.5212e-02  4.4207e-04
 2.5406e-02  4.3988e-04
 2.5602e-02  4.3768e-04
 2.5799e-02  4.3547e-04
 2.5998e-02  4.3325e-04
 2.6199e-02  4.3102e-04
 2.6401e-02  4.2877e-04
 2.6604e-02  4.2652e-04
 2.6809e-02  4.2425e-04
 2.7016e-02  4.2197e-04
 2.7224e-02  4.1969e-04
 2.7434e-02  4.1739e-04
 2.7646e-02  4.1508e-04
 2.7859e-02  4.1277e-04
 2.8074e-02  4.1045e-04
 2.8290e-02  4.0811e-04
 2.8508e-02  4.0577e-04
 2.8728e-02  4.0343e-04
 2.8950e-02  4.0107e-04
 2.9173e-02  3.9871e-04
 2.9398e-02  3.9634e-04
 2.9624e-02  3.9397e-04
 2.9853e-02  3.9159e-04
 3.0083e-02  3.8920e-04
 3.0315e-02  3.8681e-04
 3.0549e-02  3.8441e-04
 3.0784e-02  3.8201e-04
 3.1021e-02  3.7960e-04
 3.1261e-02  3.7719e-04
 3.1502e-02  3.7478e-04
 3.1744e-02  3.7236e-04
 3.1989e-02  3.6994e-04
 3.2236e-02  3.6751e-04
 3.2484e-02  3.6508e-04
 3.2735e-02  3.6265e-04
 3.2987e-02  3.6022e-04
 3.3242e-02  3.5778e-04
 3.3498e-02  3.5534e-04
 3.3756e-02  3.5290e-04
 3.4016e-02  3.5046e-04
 3.4279e-02  3.4802e-04
 3.4543e-02  3.4558e-04
 3.4809e-02  3.4313e-04
 3.5078e-02  3.4069e-04
 3.5348e-02  3.3824e-04
 3.5621e-02  3.3580e-04
 3.5895e-02  3.3335e-04
 3.6172e-02  3.3090e-04
 3.6451e-02  3.2846e-04
 3.6732e-02  3.2602e-04
 3.7015e-02  3.2357e-04
 3.7300e-02  3.2113e-04
 3.7588e-02  3.1869e-04
 3.7878e-02  3.1625e-04
 3.8170e-02  3.1381e-04
 3.8464e-02  3.1138e-04
 3.8761e-02  3.0895e-04
 3.9060e-02  3.0652e-04
 3.9361e-02  3.0409e-04
 3.9664e-02  3.0166e-04
 3.9970e-02  2.9924e-04
 4.0278e-02  2.9682e-04
 4.0589e-02  2.9441e-04
 4.0902e-02  2.9200e-04
 4.1217e-02  2.8959e-04
 4.1535e-02  2.8719e-04
 4.1855e-02  2.8479e-04
 4.2178e-02  2.8240e-04
 4.2503e-02  2.8001e-04
 4.2831e-02  2.7762e-04
 4.3161e-02  2.7524e-04
 4.3494e-02  2.7287e-04
 4.3829e-02  2.7050e-04
 4.4167e-02  2.6814e-04
 4.4507e-02  2.6578e-04
 4.4851e-02  2.6343e-04
 4.5196e-02  2.6109e-04
 4.5545e-02  2.5875e-04
 4.5896e-02  2.5642e-04
 4.6250e-02  2.5410e-04
 4.6606e-02  2.5179e-04
 4.6966e-02  2.4948e-04
 4.7328e-02  2.4718e-04
 4.7693e-02  2.4489e-04
 4.8060e-02  2.4261e-04
 4.8431e-02  2.4034e-04
 4.8804e-02  2.3808e-04
 4.9181e-02  2.3582e-04
 4.9560e-02  2.3358e-04
 4.9942e-02  2.3135e-04
 5.0327e-02  2.2912e-04
 5.0715e-02  2.2691e-04
 5.1106e-02  2.2471e-04
 5.1500e-02  2.2252e-04
 5.1897e-02  2.2034e-04
 5.2297e-02  2.1818e-04
 5.2700e-02  2.1602e-04
 5.3107e-02  2.1388e-04
 5.3516e-02  2.1176e-04
 5.3929e-02  2.0965e-04
 5.4345e-02  2.0755e-04
 5.4764e-02  2.0546e-04
 5.5186e-02  2.0339e-04
 5.5611e-02  2.0134e-04
 5.6040e-02  1.9930e-04
 5.6472e-02  1.9728e-04
 5.6908e-02  1.9528e-04
 5.7346e-02  1.9330e-04
 5.7788e-02  1.9133e-04
 5.8234e-02  1.8938e-04
 5.8683e-02  1.8745e-04
 5.9135e-02  1.8555e-04
 5.9591e-02  1.8366e-04
 6.0051e-02  1.8179e-04
 6.0514e-02  1.7995e-04
 6.0980e-02  1.7813e-04
 6.1451e-02  1.7634e-04
 6.1924e-02  1.7457e-04
 6.2402e-02  1.7282e-04
 6.2883e-02  1.7110e-04
 6.3368e-02  1.6941e-04
 6.3856e-02  1.6775e-04
 6.4349e-02  1.6611e-04
 6.4845e-02  1.6451e-04
 6.5345e-02  1.6294e-04
 6.5848e-02  1.6140e-04
 6.6356e-02  1.5990e-04
 6.6868e-02  1.5843e-04
 6.7383e-02  1.5699e-04
 6.7903e-02  1.5560e-04
 6.8426e-02  1.5424e-04
 6.8954e-02  1.5293e-04
 6.9486e-02  1.5165e-04
 7.0021e-02  1.5042e-04
 7.0561e-02  1.4924e-04
 7.1105e-02  1.4811e-04
 7.1653e-02  1.4702e-04
 7.2206e-02  1.4598e-04
 7.2763e-02  1.4500e-04
 7.3324e-02  1.4407e-04
 7.3889e-02  1.4320e-04
 7.4459e-02  1.4239e-04
 7.5033e-02  1.4165e-04
 7.5611e-02  1.4096e-04
 7.6194e-02  1.4035e-04
 7.6782e-02  1.3980e-04
 7.7374e-02  1.3933e-04
 7.7970e-02  1.3893e-04
 7.8571e-02  1.3862e-04
 7.9177e-02  1.3838e-04
 7.9787e-02  1.3823e-04
 8.0403e-02  1.3817e-04
 8.1023e-02  1.3820e-04
 8.1647e-02  1.3833e-04
 8.2277e-02  1.3857e-04
 8.2911e-02  1.3890e-04
 8.3550e-02  1.3935e-04
 8.4194e-02  1.3991e-04
 8.4844e-02  1.4060e-04
 8.5498e-02  1.4140e-04
 8.6157e-02  1.4234e-04
 8.6821e-02  1.4342e-04
 8.7491e-02  1.4463e-04
 8.8165e-02  1.4600e-04
 8.8845e-02  1.4752e-04
 8.9530e-02  1.4920e-04
 9.0220e-02  1.5106e-04
 9.0916e-02  1.5309e-04
 9.1617e-02  1.5530e-04
 9.2323e-02  1.5771e-04
 9.3035e-02  1.6032e-04
 9.3752e-02  1.6315e-04
 9.4475e-02  1.6619e-04
 9.5203e-02  1.6947e-04
 9.5937e-02  1.7299e-04
 9.6677e-02  1.7676e-04
 9.7422e-02  1.8080e-04
 9.8174e-02  1.8511e-04
 9.8931e-02  1.8972e-04
 9.9693e-02  1.9463e-04
 1.0046e-01  1.9987e-04
 1.0124e-01  2.0543e-04
 1.0202e-01  2.1135e-04
 1.0280e-01  2.1764e-04
 1.0360e-01  2.2431e-04
 1.0439e-01  2.3138e-04
 1.0520e-01  2.3888e-04
 1.0601e-01  2.4683e-04
 1.0683e-01  2.5524e-04
 1.0765e-01  2.6414e-04
 1.0848e-01  2.7355e-04
 1.0932e-01  2.8351e-04
 1.1016e-01  2.9403e-04
 1.1101e-01  3.0514e-04
 1.1187e-01  3.1689e-04
 1.1273e-01  3.2928e-04
 1.1360e-01  3.4237e-04
 1.1447e-01  3.5619e-04
 1.1536e-01  3.7077e-04
 1.1625e-01  3.8615e-04
 1.1714e-01  4.0237e-04
 1.1805e-01  4.1949e-04
 1.1896e-01  4.3754e-04
 1.1987e-01  4.5658e-04
 1.2080e-01  4.7665e-04
 1.2173e-01  4.9782e-04
 1.2267e-01  5.2014e-04
 1.2361e-01  5.4368e-04
 1.2457e-01  5.6849e-04
 1.2553e-01  5.9466e-04
 1.2649e-01  6.2225e-04
 1.2747e-01  6.5135e-04
 1.2845e-01  6.8204e-04
 1.2944e-01  7.1441e-04
 1.3044e-01  7.4855e-04
 1.3145e-01  7.8456e-04
 1.3246e-01  8.2256e-04
 1.3348e-01  8.6265e-04
 1.3451e-01  9.0496e-04
 1.3555e-01  9.4962e-04
 1.3659e-01  9.9677e-04
 1.3764e-01  1.0466e-03
 1.3871e-01  1.0991e-03
 1.3978e-01  1.1547e-03
 1.4085e-01  1.2134e-03
 1.4194e-01  1.2754e-03
 1.4303e-01  1.3410e-03
 1.4414e-01  1.4104e-03
 1.4525e-01  1.4837e-03
 1.4637e-01  1.5614e-03
 1.4750e-01  1.6436e-03
 1.4863e-01  1.7306e-03
 1.4978e-01  1.8228e-03
 1.5093e-01  1.9206e-03
 1.5210e-01  2.0242e-03
 1.5327e-01  2.1341e-03
 1.5445e-01  2.2508e-03
 1.5564e-01  2.3747e-03
 1.5684e-01  2.5063e-03
 1.5805e-01  2.6462e-03
 1.5927e-01  2.7951e-03
 1.6050e-01  2.9535e-03
 1.6174e-01  3.1223e-03
 1.6298e-01  3.3022e-03
 1.6424e-01  3.4942e-03
 1.6551e-01  3.6992e-03
 1.6678e-01  3.9184e-03
 1.6807e-01  4.1528e-03
 1.6936e-01  4.4040e-03
 1.7067e-01  4.6735e-03
 1.7198e-01  4.9628e-03
 1.7331e-01  5.2741e-03
 1.7465e-01  5.6096e-03
 1.7599e-01  5.9718e-03
 1.7735e-01  6.3637e-03
 1.7872e-01  6.7891e-03
 1.8010e-01  7.2524e-03
 1.8148e-01  7.7589e-03
 1.8288e-01  8.3161e-03
 1.8429e-01  8.9340e-03
 1.8571e-01  9.6295e-03
 1.8715e-01  1.0451e-02
 1.8859e-01  1.1408e-02
 1.9004e-01  1.2400e-02
 1.9151e-01  1.3429e-02
 1.9299e-01  1.4497e-02
 1.9447e-01  1.5609e-02
 1.9597e-01  1.6769e-02
 1.9748e-01  1.7982e-02
 1.9901e-01  1.9256e-02
 2.0054e-01  2.0601e-02
 2.0209e-01  2.2026e-02
 2.0364e-01  2.3547e-02
 2.0521e-01  2.5184e-02
 2.0680e-01  2.6965e-02
 2.0839e-01  2.8936e-02
 2.1000e-01  3.1178e-02
 2.1162e-01  4.6994e-03
 2.1325e-01  3.7144e-04
 2.1489e-01  1.6545e-04
 2.1655e-01  1.0373e-04
 2.1822e-01  7.5468e-05
 2.1990e-01  5.9643e-05
 2.2160e-01  4.9660e-05
 2.2331e-01  4.2848e-05
 2.2503e-01  3.7934e-05
 2.2676e-01  3.4239e-05
 2.2851e-01  3.1370e-05
 2.3027e-01  2.9085e-05
 2.3205e-01  2.7229e-05
 2.3384e-01  2.5695e-05
 2.3564e-01  2.4410e-05
 2.3746e-01  2.3320e-05
 2.3929e-01  2.2387e-05
 2.4113e-01  2.1582e-05
 2.4299e-01  2.0882e-05
 2.4486e-01  2.0269e-05
 2.4675e-01  1.9730e-05
 2.4865e-01  1.9253e-05
 2.5057e-01  1.8831e-05
 2.5250e-01  1.8455e-05
 2.5445e-01  1.8120e-05
 2.5641e-01  1.7820e-05
 2.5839e-01  1.7552e-05
 2.6038e-01  1.7312e-05
 2.6239e-01  1.7097e-05
 2.6441e-01  1.6904e-05
 2.6645e-01  1.6732e-05
 2.6851e-01  1.6577e-05
 2.7058e-01  1.6290e-16
 2.7266e-01  8.1844e-17
 2.7476e-01  6.4568e-17
 2.7688e-01  5.6547e-17
 2.7902e-01  5.1937e-17
 2.8117e-01  3.9820e-17
 2.8334e-01  3.6106e-17
 2.8552e-01  3.3974e-17
 2.8772e-01  3.2612e-17
 2.8994e-01  3.1712e-17
 2.9218e-01  3.1117e-17
 2.9443e-01  3.0741e-17
 2.9670e-01  3.0529e-17
 2.9899e-01  3.0443e-17
 3.0129e-01  3.0459e-17
 3.0361e-01  3.0560e-17
 3.0595e-01  3.0731e-17
 3.0831e-01  3.0962e-17
 3.1069e-01  3.1246e-17
 3.1309e-01  3.1576e-17
 3.1550e-01  3.1948e-17
 3.1793e-01  3.2359e-17
 3.2038e-01  3.2803e-17
 3.2285e-01  3.3280e-17
 3.2534e-01  3.3787e-17
 3.2785e-01  3.4321e-17
 3.3038e-01  3.4882e-17
 3.3293e-01  3.5469e-17
 3.3549e-01  3.6079e-17
 3.3808e-01  3.6713e-17
 3.4069e-01  3.7368e-17
 3.4331e-01  3.8046e-17
 3.4596e-01  3.8744e-17
 3.4863e-01  3.9463e-17
 3.5132e-01  4.0202e-17
 3.5402e-01  4.0960e-17
 3.5675e-01  4.1738e-17
 3.5950e-01  4.2534e-17
 3.6228e-01  4.3349e-17
 3.6507e-01  4.4182e-17
 3.6788e-01  4.5033e-17
 3.7072e-01  4.5901e-17
 3.7358e-01  4.6787e-17
 3.7646e-01  4.7691e-17
 3.7936e-01  4.8611e-17
 3.8229e-01  4.9549e-17
 3.8523e-01  5.0503e-17
 3.8820e-01  5.1473e-17
 3.9120e-01  5.2460e-17
 3.9421e-01  5.3464e-17
 3.9725e-01  5.4483e-17
 4.0031e-01  5.5518e-17
 4.0340e-01  5.6569e-17
 4.0651e-01  5.7636e-17
 4.0965e-01  5.8718e-17
 4.1280e-01  5.9815e-17
 4.1599e-01  6.0927e-17
 4.1919e-01  6.2054e-17
 4.2243e-01  6.3196e-17
 4.2568e-01  6.4353e-17
 4.2896e-01  6.5524e-17
 4.3227e-01  6.6709e-17
 4.3560e-01  6.7908e-17
 4.3896e-01  6.9121e-17
 4.4235e-01  7.0347e-17
 4.4576e-01  7.1587e-17
 4.4920e-01  7.2840e-17
 4.5266e-01  7.4106e-17
 4.5615e-01  7.5385e-17
 4.5967e-01  7.6676e-17
 4.6321e-01  7.7979e-17
 4.6678e-01  7.9295e-17
 4.7038e-01  8.0622e-17
 4.7401e-01  8.1960e-17
 4.7766e-01  8.3310e-17
 4.8134e-01  8.4670e-17
 4.8505e-01  8.6041e-17
 4.8879e-01  8.7423e-17
 4.9256e-01  8.8814e-17
 4.9636e-01  9.0215e-17
 5.0019e-01  9.1626e-17
 5.0404e-01  9.3045e-17
 5.0793e-01  9.4473e-17
 5.1185e-01  9.5910e-17
 5.1579e-01  9.7355e-17
 5.1977e-01  9.8807e-17
 5.2378e-01  1.0027e-16
 5.2781e-01  1.0173e-16
 5.3188e-01  1.0321e-16
 5.3599e-01  1.0468e-16
 5.4012e-01  1.0617e-16
 5.4428e-01  1.0766e-16
 5.4848e-01  1.0916e-16
 5.5271e-01  1.1066e-16
 5.5697e-01  1.1216e-16
 5.6126e-01  1.1367e-16
 5.6559e-01  1.1518e-16
 5.6995e-01  1.1669e-16
 5.7434e-01  1.1821e-16
 5.7877e-01  1.1973e-16
 5.8324e-01  1.2125e-16
 5.8773e-01  1.2277e-16
 5.9226e-01  1.2429e-16
 5.9683e-01  1.2581e-16
 6.0143e-01  1.2733e-16
 6.0607e-01  1.2885e-16
 6.1074e-01  1.3037e-16
 6.1545e-01  1.3189e-16
 6.2020e-01  1.3340e-16
 6.2498e-01  1.3491e-16
 6.2980e-01  1.3642e-16
 6.3465e-01  1.3793e-16
 6.3954e-01  1.3943e-16
 6.4448e-01  1.4092e-16
 6.4944e-01  1.4241e-16
 6.5445e-01  1.4390e-16
 6.5950e-01  1.4538e-16
 6.6458e-01  1.4685e-16
 6.6971e-01  1.4831e-16
 6.7487e-01  1.4977e-16
 6.8007e-01  1.5122e-16
 6.8532e-01  1.5266e-16
 6.9060e-01  1.5408e-16
 6.9592e-01  1.5550e-16
 7.0129e-01  1.5691e-16
 7.0670e-01  1.5831e-16
 7.1214e-01  1.5970e-16
 7.1764e-01  1.6107e-16
 7.2317e-01  1.6243e-16
 7.2874e-01  1.6378e-16
 7.3436e-01  1.6512e-16
 7.4002e-01  1.6644e-16
 7.4573e-01  1.6775e-16
 7.5148e-01  1.6904e-16
 7.5727e-01  1.7032e-16
 7.6311e-01  1.7158e-16
 7.6900e-01  1.7282e-16
 7.7492e-01  1.7405e-16
 7.8090e-01  1.7525e-16
 7.8692e-01  1.7645e-16
 7.9299e-01  1.7762e-16
 7.9910e-01  1.7877e-16
 8.0526e-01  1.7991e-16
 8.1147e-01  1.8102e-16
 8.1773e-01  1.8211e-16
 8.2403e-01  1.8319e-16
 8.3039e-01  1.8424e-16
 8.3679e-01  1.8527e-16
 8.4324e-01  1.8627e-16
 8.4974e-01  1.8726e-16
 8.5629e-01  1.8822e-16
 8.6289e-01  1.8916e-16
 8.6955e-01  1.9007e-16
 8.7625e-01  1.9096e-16
 8.8301e-01  1.9183e-16
 8.8981e-01  1.9267e-16
 8.9668e-01  1.9349e-16
 9.0359e-01  1.9427e-16
 9.1056e-01  1.9504e-16
 9.1758e-01  1.9577e-16
 9.2465e-01  1.9648e-16
 9.3178e-01  1.9717e-16
 9.3896e-01  1.9782e-16
 9.4620e-01  1.9845e-16
 9.5350e-01  1.9905e-16
 9.6085e-01  1.9962e-16
 9.6826e-01  2.0016e-16
 9.7572e-01  2.0067e-16
 9.8325e-01  2.0116e-16
 9.9083e-01  2.0161e-16
 9.9847e-01  2.0203e-16
 1.0062e+00  2.0243e-16
 1.0139e+00  2.0279e-16
 1.0217e+00  2.0312e-16
 1.0296e+00  2.0343e-16
 1.0376e+00  2.0370e-16
 1.0456e+00  2.0394e-16
 1.0536e+00  2.0414e-16
 1.0617e+00  2.0432e-16
 1.0699e+00  2.0447e-16
 1.0782e+00  2.0458e-16
 1.0865e+00  2.0466e-16
 1.0949e+00  2.0471e-16
 1.1033e+00  2.0472e-16
 1.1118e+00  2.0471e-16
 1.1204e+00  2.0466e-16
 1.1290e+00  2.0458e-16
 1.1377e+00  2.0446e-16
 1.1465e+00  2.0432e-16
 1.1553e+00  2.0414e-16
 1.1642e+00  2.0392e-16
 1.1732e+00  2.0368e-16
 1.1823e+00  2.0340e-16
 1.1914e+00  2.0308e-16
 1.2006e+00  2.0274e-16
 1.2098e+00  2.0236e-16
 1.2192e+00  2.0195e-16
 1.2286e+00  2.0150e-16
 1.2380e+00  2.0102e-16
 1.2476e+00  2.0051e-16
 1.2572e+00  1.9997e-16
 1.2669e+00  1.9939e-16
 1.2766e+00  1.9878e-16
 1.2865e+00  1.9814e-16
 1.2964e+00  1.9746e-16
 1.3064e+00  1.9675e-16
 1.3165e+00  1.9601e-16
 1.3266e+00  1.9523e-16
 1.3369e+00  1.9443e-16
 1.3472e+00  1.9359e-16
 1.3575e+00  1.9271e-16
 1.3680e+00  1.9181e-16
 1.3786e+00  1.9087e-16
 1.3892e+00  1.8990e-16
 1.3999e+00  1.8890e-16
 1.4107e+00  1.8787e-16
 1.4216e+00  1.8681e-16
 1.4325e+00  1.8571e-16
 1.4436e+00  1.8459e-16
 1.4547e+00  1.8343e-16
 1.4659e+00  1.8224e-16
 1.4772e+00  1.8102e-16
 1.4886e+00  1.7977e-16
 1.5001e+00  1.7849e-16
 1.5117e+00  1.7719e-16
 1.5233e+00  1.7585e-16
 1.5351e+00  1.7448e-16
 1.5469e+00  1.7308e-16
 1.5588e+00  1.7165e-16
 1.5708e+00  1.7019e-16
 1.5829e+00  1.6871e-16
 1.5952e+00  1.6719e-16
 1.6074e+00  1.6565e-16
 1.6198e+00  1.6408e-16
 1.6323e+00  1.6248e-16
 1.6449e+00  1.6085e-16
 1.6576e+00  1.5920e-16
 1.6704e+00  1.5752e-16
 1.6833e+00  1.5581e-16
 1.6962e+00  1.5407e-16
 1.7093e+00  1.5231e-16
 1.7225e+00  1.5052e-16
 1.7358e+00  1.4871e-16
 1.7492e+00  1.4687e-16
 1.7626e+00  1.4500e-16
 1.7762e+00  1.4311e-16
 1.7899e+00  1.4119e-16
 1.8037e+00  1.3925e-16
 1.8176e+00  1.3728e-16
 1.8316e+00  1.3529e-16
 1.8458e+00  1.3328e-16
 1.8600e+00  1.3124e-16
 1.8743e+00  1.2917e-16
 1.8888e+00  1.2708e-16
 1.9034e+00  1.2497e-16
 1.9180e+00  1.2284e-16
 1.9328e+00  1.2068e-16
 1.9477e+00  1.1850e-16
 1.9627e+00  1.1629e-16
 1.9779e+00  1.1406e-16
 1.9931e+00  1.1181e-16
 2.0085e+00  1.0953e-16
 2.0240e+00  1.0724e-16
 2.0396e+00  1.0492e-16
 2.0553e+00  1.0257e-16
 2.0711e+00  1.0021e-16
 2.0871e+00  9.7816e-17
 2.1032e+00  9.5403e-17
 2.1194e+00  9.2967e-17
 2.1358e+00  9.0507e-17
 2.1522e+00  8.8024e-17
 2.1688e+00  8.5516e-17
 2.1855e+00  8.2985e-17
 2.2024e+00  8.0428e-17
 2.2194e+00  7.7846e-17
 2.2365e+00  7.5239e-17
 2.2537e+00  7.2604e-17
 2.2711e+00  6.9943e-17
 2.2886e+00  6.7253e-17
 2.3063e+00  6.4533e-17
 2.3240e+00  6.1782e-17
 2.3420e+00  5.8998e-17
 2.3600e+00  5.6179e-17
 2.3782e+00  5.3323e-17
 2.3965e+00  5.0425e-17
 2.4150e+00  4.7481e-17
 2.4336e+00  4.4487e-17
 2.4524e+00  4.1432e-17
 2.4713e+00  3.8306e-17
 2.4904e+00  3.5091e-17
 2.5096e+00  3.1754e-17
 2.5289e+00  2.8227e-17
 2.5484e+00  2.4221e-17
 2.5681e+00  2.0365e-17
 2.5879e+00  1.7460e-17
 2.6078e+00  1.5373e-17
 2.6279e+00  1.4017e-17
 2.6482e+00  1.3323e-17
 2.6686e+00  1.3229e-17
 2.6892e+00  1.3679e-17
 2.7099e+00  1.4623e-17
 2.7308e+00  1.6014e-17
 2.7519e+00  1.7810e-17
 2.7731e+00  1.9969e-17
 2.7945e+00  2.2453e-17
 2.8160e+00  2.5229e-17
 2.8377e+00  2.8261e-17
 2.8596e+00  3.1520e-17
 2.8816e+00  3.4977e-17
 2.9039e+00  3.8603e-17
 2.9262e+00  4.2374e-17
 2.9488e+00  4.6264e-17
 2.9715e+00  5.0252e-17
 2.9945e+00  5.4315e-17
 3.0175e+00  5.8435e-17
 3.0408e+00  6.2591e-17
 3.0643e+00  6.6766e-17
 3.0879e+00  7.0943e-17
 3.1117e+00  7.5107e-17
 3.1357e+00  7.9243e-17
 3.1598e+00  8.3337e-17
 3.1842e+00  8.7375e-17
 3.2088e+00  9.1346e-17
 3.2335e+00  9.5236e-17
 3.2584e+00  9.9036e-17
 3.2836e+00  1.0273e-16
 3.3089e+00  1.0632e-16
 3.3344e+00  1.0978e-16
 3.3601e+00  1.1311e-16
 3.3860e+00  1.1630e-16
 3.4121e+00  1.1933e-16
 3.4384e+00  1.2220e-16
 3.4649e+00  1.2488e-16
 3.4916e+00  1.2738e-16
 3.5186e+00  1.2965e-16
 3.5457e+00  1.3165e-16
 3.5730e+00  1.3421e-16
 3.6006e+00  1.3828e-16
 3.6283e+00  1.4312e-16
 3.6563e+00  1.4850e-16
 3.6845e+00  1.5426e-16
 3.7129e+00  1.6033e-16
 3.7415e+00  1.6662e-16
 3.7704e+00  1.7307e-16
 3.7994e+00  1.7965e-16
 3.8287e+00  1.8631e-16
 3.8583e+00  1.9302e-16
 3.8880e+00  1.9974e-16
 3.9180e+00  2.0645e-16
 3.9482e+00  2.1313e-16
 3.9786e+00  2.1976e-16
 4.0093e+00  2.2632e-16
 4.0402e+00  2.3279e-16
 4.0714e+00  2.3916e-16
 4.1028e+00  2.4541e-16
 4.1344e+00  2.5154e-16
 4.1663e+00  2.5754e-16
 4.1984e+00  2.6340e-16
 4.2308e+00  2.6910e-16
 4.2634e+00  2.7465e-16
 4.2962e+00  2.8003e-16
 4.3294e+00  2.8525e-16
 4.3627e+00  2.9029e-16
 4.3964e+00  2.9516e-16
 4.4303e+00  2.9985e-16
 4.4644e+00  3.0436e-16
 4.4989e+00  3.0869e-16
 4.5335e+00  3.1283e-16
 4.5685e+00  3.1679e-16
 4.6037e+00  3.2056e-16
 4.6392e+00  3.2415e-16
 4.6750e+00  3.2756e-16
 4.7110e+00  3.3078e-16
 4.7473e+00  3.3382e-16
 4.7839e+00  3.3667e-16
 4.8208e+00  3.3935e-16
 4.8580e+00  3.4185e-16
 4.8955e+00  3.4417e-16
 4.9332e+00  3.4632e-16
 4.9712e+00  3.4830e-16
 5.0096e+00  3.5011e-16
 5.0482e+00  3.5176e-16
 5.0871e+00  3.5324e-16
 5.1263e+00  3.5456e-16
 5.1659e+00  3.5572e-16
 5.2057e+00  3.5673e-16
 5.2458e+00  3.5759e-16
 5.2863e+00  3.5830e-16
 5.3270e+00  3.5887e-16
 5.3681e+00  3.5930e-16
 5.4095e+00  3.5958e-16
 5.4512e+00  3.5974e-16
 5.4932e+00  3.5976e-16
 5.5356e+00  3.5965e-16
 5.5782e+00  3.5942e-16
 5.6213e+00  3.5908e-16
 5.6646e+00  3.5861e-16
 5.7083e+00  3.5803e-16
 5.7523e+00  3.5734e-16
 5.7966e+00  3.5654e-16
 5.8413e+00  3.5564e-16
 5.8864e+00  3.5463e-16
 5.9317e+00  3.5353e-16
 5.9775e+00  3.5234e-16
 6.0236e+00  3.5106e-16
 6.0700e+00  3.4969e-16
 6.1168e+00  3.4823e-16
 6.1640e+00  3.4669e-16
 6.2115e+00  3.4508e-16
 6.2594e+00  3.4338e-16
 6.3076e+00  3.4162e-16
 6.3563e+00  3.3979e-16
 6.4053e+00  3.3788e-16
 6.4547e+00  3.3592e-16
 6.5044e+00  3.3389e-16
 6.5546e+00  3.3180e-16
 6.6051e+00  3.2966e-16
 6.6560e+00  3.2746e-16
 6.7074e+00  3.2521e-16
 6.7591e+00  3.2292e-16
 6.8112e+00  3.2057e-16
 6.8637e+00  3.1818e-16
 6.9166e+00  3.1574e-16
 6.9699e+00  3.1327e-16
 7.0237e+00  3.1075e-16
 7.0778e+00  3.0820e-16
 7.1324e+00  3.0561e-16
 7.1874e+00  3.0298e-16
 7.2428e+00  3.0033e-16
 7.2986e+00  2.9764e-16
 7.3549e+00  2.9492e-16
 7.4116e+00  2.9217e-16
 7.4688e+00  2.8940e-16
 7.5263e+00  2.8660e-16
 7.5844e+00  2.8377e-16
 7.6429e+00  2.8092e-16
 7.7018e+00  2.7804e-16
 7.7612e+00  2.7513e-16
 7.8210e+00  2.7220e-16
 7.8813e+00  2.6924e-16
 7.9421e+00  2.6625e-16
 8.0033e+00  2.6323e-16
 8.0650e+00  2.6018e-16
 8.1272e+00  2.5708e-16
 8.1898e+00  2.5394e-16
 8.2530e+00  2.5073e-16
 8.3166e+00  2.4742e-16
 8.3807e+00  2.4391e-16
 8.4454e+00  2.4055e-16
 8.5105e+00  2.3743e-16
 8.5761e+00  2.3449e-16
 8.6422e+00  2.3171e-16
 8.7088e+00  2.2907e-16
 8.7760e+00  2.2653e-16
 8.8436e+00  2.2410e-16
 8.9118e+00  2.2176e-16
 8.9805e+00  2.1950e-16
 9.0498e+00  2.1731e-16
 9.1195e+00  2.1518e-16
 9.1899e+00  2.1312e-16
 9.2607e+00  2.1110e-16
 9.3321e+00  2.0913e-16
 9.4041e+00  2.0721e-16
 9.4766e+00  2.0532e-16
 9.5496e+00  2.0347e-16
 9.6233e+00  2.0164e-16
 9.6975e+00  1.9985e-16
 9.7722e+00  1.9809e-16
 9.8476e+00  1.9634e-16
 9.9235e+00  1.9462e-16
 1.0000e+01  1.9292e-16
