 1.0000e-02  0.0000e+00
 2.0000e-02  0.0000e+00
 3.0000e-02  0.0000e+00
 4.0000e-02  0.0000e+00
 5.0000e-02  0.0000e+00
 6.0000e-02  0.0000e+00
 7.0000e-02  0.0000e+00
 8.0000e-02  0.0000e+00
 9.0000e-02  0.0000e+00
 1.0000e-01  0.0000e+00
 1.1000e-01  0.0000e+00
 1.2000e-01  0.0000e+00
 1.3000e-01  0.0000e+00
 1.4000e-01  0.0000e+00
 1.5000e-01  0.0000e+00
 1.6000e-01  0.0000e+00
 1.7000e-01  0.0000e+00
 1.8000e-01  0.0000e+00
 1.9000e-01  0.0000e+00
 2.0000e-01  0.0000e+00
 2.1000e-01  0.0000e+00
 2.2000e-01  3.5474e-02
 2.3000e-01  3.6506e-02
 2.4000e-01  3.2832e-02
 2.5000e-01  2.8396e-02
 2.6000e-01  2.4229e-02
 2.7000e-01  2.0595e-02
 2.8000e-01  1.7514e-02
 2.9000e-01  1.4931e-02
 3.0000e-01  1.2770e-02
 3.1000e-01  1.0963e-02
 3.2000e-01  9.4456e-03
 3.3000e-01  8.1674e-03
 3.4000e-01  7.0856e-03
 3.5000e-01  6.1660e-03
 3.6000e-01  5.3809e-03
 3.7000e-01  4.7078e-03
 3.8000e-01  4.1282e-03
 3.9000e-01  3.6270e-03
 4.0000e-01  3.1921e-03
 4.1000e-01  2.8136e-03
 4.2000e-01  2.4830e-03
 4.3000e-01  2.1712e-03
 4.4000e-01  1.8731e-03
 4.5000e-01  1.5984e-03
 4.6000e-01  1.3520e-03
 4.7000e-01  1.1356e-03
 4.8000e-01  9.4848e-04
 4.9000e-01  7.8866e-04
 5.0000e-01  6.5329e-04
 5.1000e-01  5.3940e-04
 5.2000e-01  4.4406e-04
 5.3000e-01  3.6458e-04
 5.4000e-01  2.8721e-04
 5.5000e-01  2.3399e-04
 5.6000e-01  1.9036e-04
 5.7000e-01  1.5411e-04
 5.8000e-01  1.2461e-04
 5.9000e-01  1.0021e-04
 6.0000e-01  8.0347e-05
 6.1000e-01  6.4109e-05
 6.2000e-01  5.0928e-05
 6.3000e-01  4.0097e-05
 6.4000e-01  3.1411e-05
 6.5000e-01  2.4400e-05
 6.6000e-01  1.8767e-05
 6.7000e-01  1.4270e-05
 6.8000e-01  1.0687e-05
 6.9000e-01  7.8734e-06
 7.0000e-01  5.6725e-06
 7.1000e-01  3.9750e-06
 7.2000e-01  2.6856e-06
 7.3000e-01  1.7265e-06
 7.4000e-01  1.0337e-06
 7.5000e-01  5.5478e-07
 7.6000e-01  2.4667e-07
 7.7000e-01  7.4382e-08
 7.8000e-01  9.3139e-09
 7.9000e-01  2.4807e-08
 8.0000e-01  9.6423e-08
 8.1000e-01  2.0033e-07
 8.2000e-01  3.2253e-07
 8.3000e-01  4.5318e-07
 8.4000e-01  5.8636e-07
 8.5000e-01  7.1884e-07
 8.6000e-01  8.4875e-07
 8.7000e-01  9.7483e-07
 8.8000e-01  1.0957e-06
 8.9000e-01  1.2091e-06
 9.0000e-01  1.2844e-06
 9.1000e-01  1.3386e-06
 9.2000e-01  1.3844e-06
 9.3000e-01  1.4234e-06
 9.4000e-01  1.4587e-06
 9.5000e-01  1.4964e-06
 9.6000e-01  1.5471e-06
 9.7000e-01  1.6306e-06
 9.8000e-01  1.7951e-06
 9.9000e-01  2.1819e-06
 1.0000e+00  1.8961e-06
 1.0100e+00  2.6006e-07
 1.0200e+00  7.5101e-09
 1.0300e+00  8.0124e-08
 1.0400e+00  1.7015e-07
 1.0500e+00  2.4037e-07
 1.0600e+00  2.8906e-07
 1.0700e+00  3.2050e-07
 1.0800e+00  3.4043e-07
 1.0900e+00  3.5484e-07
 1.1000e+00  3.6859e-07
 1.1100e+00  3.8298e-07
 1.1200e+00  3.9786e-07
 1.1300e+00  4.1206e-07
 1.1400e+00  4.2367e-07
 1.1500e+00  4.3115e-07
 1.1600e+00  4.3502e-07
 1.1700e+00  4.3622e-07
 1.1800e+00  4.3598e-07
 1.1900e+00  4.3559e-07
 1.2000e+00  4.3596e-07
 1.2100e+00  4.3672e-07
 1.2200e+00  4.3743e-07
 1.2300e+00  4.3768e-07
 1.2400e+00  4.3695e-07
 1.2500e+00  4.3511e-07
 1.2600e+00  4.3274e-07
 1.2700e+00  4.3056e-07
 1.2800e+00  4.2931e-07
 1.2900e+00  4.2979e-07
 1.3000e+00  4.3251e-07
 1.3100e+00  4.3729e-07
 1.3200e+00  4.4363e-07
 1.3300e+00  4.5092e-07
 1.3400e+00  4.5847e-07
 1.3500e+00  4.6572e-07
 1.3600e+00  4.7282e-07
 1.3700e+00  4.8000e-07
 1.3800e+00  4.8758e-07
 1.3900e+00  4.9593e-07
 1.4000e+00  5.0415e-07
 1.4100e+00  5.0704e-07
 1.4200e+00  5.0891e-07
 1.4300e+00  5.0978e-07
 1.4400e+00  5.0982e-07
 1.4500e+00  5.0936e-07
 1.4600e+00  5.0853e-07
 1.4700e+00  5.0599e-07
 1.4800e+00  5.1919e-07
 1.4900e+00  5.0698e-07
 1.5000e+00  4.8775e-07
 1.5100e+00  4.6661e-07
 1.5200e+00  4.4088e-07
 1.5300e+00  4.1348e-07
 1.5400e+00  3.8670e-07
 1.5500e+00  3.6209e-07
 1.5600e+00  3.4064e-07
 1.5700e+00  3.2282e-07
 1.5800e+00  3.0887e-07
 1.5900e+00  2.9899e-07
 1.6000e+00  2.9352e-07
 1.6100e+00  2.9289e-07
 1.6200e+00  2.9679e-07
 1.6300e+00  3.0499e-07
 1.6400e+00  3.1190e-07
 1.6500e+00  3.1411e-07
 1.6600e+00  3.1659e-07
 1.6700e+00  3.1912e-07
 1.6800e+00  3.2191e-07
 1.6900e+00  3.2532e-07
 1.7000e+00  3.3018e-07
 1.7100e+00  3.3719e-07
 1.7200e+00  3.3719e-07
 1.7300e+00  3.3719e-07
 1.7400e+00  3.3719e-07
 1.7500e+00  3.3719e-07
 1.7600e+00  3.3719e-07
 1.7700e+00  3.3719e-07
 1.7800e+00  3.3719e-07
 1.7900e+00  3.3719e-07
 1.8000e+00  3.3719e-07
 1.8100e+00  3.3720e-07
 1.8200e+00  3.3720e-07
 1.8300e+00  3.3720e-07
 1.8400e+00  3.3720e-07
 1.8500e+00  3.3720e-07
 1.8600e+00  3.3719e-07
 1.8700e+00  3.3720e-07
 1.8800e+00  3.3719e-07
 1.8900e+00  3.3719e-07
 1.9000e+00  3.3719e-07
 1.9100e+00  3.3720e-07
 1.9200e+00  3.3720e-07
 1.9300e+00  3.3719e-07
 1.9400e+00  3.3719e-07
 1.9500e+00  3.3721e-07
 1.9600e+00  3.3720e-07
 1.9700e+00  3.3720e-07
 1.9800e+00  3.3720e-07
 1.9900e+00  3.3720e-07
