 1.0000e-02  1.3487e-01
 1.0069e-02  1.3656e-01
 1.0139e-02  1.3812e-01
 1.0210e-02  1.3958e-01
 1.0280e-02  1.4095e-01
 1.0352e-02  1.4224e-01
 1.0424e-02  1.4345e-01
 1.0496e-02  1.4459e-01
 1.0569e-02  1.4567e-01
 1.0642e-02  1.4669e-01
 1.0716e-02  1.4766e-01
 1.0790e-02  1.4858e-01
 1.0865e-02  1.4946e-01
 1.0941e-02  1.5029e-01
 1.1016e-02  1.5109e-01
 1.1093e-02  1.5185e-01
 1.1170e-02  1.5257e-01
 1.1247e-02  1.5327e-01
 1.1325e-02  1.5393e-01
 1.1404e-02  1.5457e-01
 1.1483e-02  1.5517e-01
 1.1563e-02  1.5576e-01
 1.1643e-02  1.5632e-01
 1.1724e-02  1.5685e-01
 1.1805e-02  1.5737e-01
 1.1887e-02  1.5787e-01
 1.1970e-02  1.5834e-01
 1.2053e-02  1.5880e-01
 1.2136e-02  1.5924e-01
 1.2220e-02  1.5966e-01
 1.2305e-02  1.6007e-01
 1.2391e-02  1.6046e-01
 1.2477e-02  1.6084e-01
 1.2563e-02  1.6121e-01
 1.2650e-02  1.6156e-01
 1.2738e-02  1.6190e-01
 1.2826e-02  1.6222e-01
 1.2915e-02  1.6254e-01
 1.3005e-02  1.6284e-01
 1.3095e-02  1.6314e-01
 1.3186e-02  1.6342e-01
 1.3278e-02  1.6369e-01
 1.3370e-02  1.6396e-01
 1.3463e-02  1.6421e-01
 1.3556e-02  1.6446e-01
 1.3650e-02  1.6470e-01
 1.3745e-02  1.6493e-01
 1.3840e-02  1.6515e-01
 1.3936e-02  1.6537e-01
 1.4033e-02  1.6557e-01
 1.4130e-02  1.6578e-01
 1.4228e-02  1.6597e-01
 1.4327e-02  1.6616e-01
 1.4426e-02  1.6634e-01
 1.4527e-02  1.6652e-01
 1.4627e-02  1.6669e-01
 1.4729e-02  1.6685e-01
 1.4831e-02  1.6701e-01
 1.4934e-02  1.6717e-01
 1.5038e-02  1.6732e-01
 1.5142e-02  1.6746e-01
 1.5247e-02  1.6760e-01
 1.5353e-02  1.6774e-01
 1.5459e-02  1.6787e-01
 1.5567e-02  1.6800e-01
 1.5675e-02  1.6812e-01
 1.5783e-02  1.6824e-01
 1.5893e-02  1.6836e-01
 1.6003e-02  1.6847e-01
 1.6114e-02  1.6858e-01
 1.6226e-02  1.6868e-01
 1.6339e-02  1.6879e-01
 1.6452e-02  1.6888e-01
 1.6566e-02  1.6898e-01
 1.6681e-02  1.6907e-01
 1.6797e-02  1.6916e-01
 1.6913e-02  1.6925e-01
 1.7031e-02  1.6934e-01
 1.7149e-02  1.6942e-01
 1.7268e-02  1.6950e-01
 1.7388e-02  1.6958e-01
 1.7508e-02  1.6965e-01
 1.7630e-02  1.6972e-01
 1.7752e-02  1.6980e-01
 1.7875e-02  1.6986e-01
 1.7999e-02  1.6993e-01
 1.8124e-02  1.7000e-01
 1.8250e-02  1.7006e-01
 1.8377e-02  1.7012e-01
 1.8504e-02  1.7018e-01
 1.8632e-02  1.7024e-01
 1.8762e-02  1.7029e-01
 1.8892e-02  1.7034e-01
 1.9023e-02  1.7040e-01
 1.9155e-02  1.7045e-01
 1.9288e-02  1.7050e-01
 1.9422e-02  1.7054e-01
 1.9557e-02  1.7059e-01
 1.9692e-02  1.7064e-01
 1.9829e-02  1.7068e-01
 1.9966e-02  1.7072e-01
 2.0105e-02  1.7076e-01
 2.0244e-02  1.7080e-01
 2.0385e-02  1.7084e-01
 2.0526e-02  1.7088e-01
 2.0669e-02  1.7092e-01
 2.0812e-02  1.7095e-01
 2.0957e-02  1.7099e-01
 2.1102e-02  1.7102e-01
 2.1248e-02  1.7105e-01
 2.1396e-02  1.7108e-01
 2.1544e-02  1.7112e-01
 2.1694e-02  1.7115e-01
 2.1844e-02  1.7117e-01
 2.1996e-02  1.7120e-01
 2.2149e-02  1.7123e-01
 2.2302e-02  1.7126e-01
 2.2457e-02  1.7128e-01
 2.2613e-02  1.7131e-01
 2.2770e-02  1.7133e-01
 2.2928e-02  1.7136e-01
 2.3087e-02  1.7138e-01
 2.3247e-02  1.7140e-01
 2.3408e-02  1.7142e-01
 2.3571e-02  1.7144e-01
 2.3734e-02  1.7146e-01
 2.3899e-02  1.7148e-01
 2.4065e-02  1.7150e-01
 2.4232e-02  1.7152e-01
 2.4400e-02  1.7154e-01
 2.4569e-02  1.7156e-01
 2.4740e-02  1.7157e-01
 2.4911e-02  1.7159e-01
 2.5084e-02  1.7161e-01
 2.5258e-02  1.7162e-01
 2.5433e-02  1.7164e-01
 2.5610e-02  1.7165e-01
 2.5788e-02  1.7167e-01
 2.5967e-02  1.7168e-01
 2.6147e-02  1.7170e-01
 2.6328e-02  1.7171e-01
 2.6511e-02  1.7172e-01
 2.6695e-02  1.7173e-01
 2.6880e-02  1.7175e-01
 2.7067e-02  1.7176e-01
 2.7254e-02  1.7177e-01
 2.7443e-02  1.7178e-01
 2.7634e-02  1.7179e-01
 2.7826e-02  1.7180e-01
 2.8019e-02  1.7181e-01
 2.8213e-02  1.7182e-01
 2.8409e-02  1.7183e-01
 2.8606e-02  1.7184e-01
 2.8804e-02  1.7185e-01
 2.9004e-02  1.7186e-01
 2.9206e-02  1.7187e-01
 2.9408e-02  1.7188e-01
 2.9612e-02  1.7188e-01
 2.9818e-02  1.7189e-01
 3.0025e-02  1.7190e-01
 3.0233e-02  1.7191e-01
 3.0443e-02  1.7192e-01
 3.0654e-02  1.7192e-01
 3.0867e-02  1.7193e-01
 3.1081e-02  1.7194e-01
 3.1296e-02  1.7194e-01
 3.1514e-02  1.7195e-01
 3.1732e-02  1.7196e-01
 3.1952e-02  1.7196e-01
 3.2174e-02  1.7197e-01
 3.2397e-02  1.7197e-01
 3.2622e-02  1.7198e-01
 3.2849e-02  1.7198e-01
 3.3076e-02  1.7199e-01
 3.3306e-02  1.7199e-01
 3.3537e-02  1.7200e-01
 3.3770e-02  1.7200e-01
 3.4004e-02  1.7201e-01
 3.4240e-02  1.7201e-01
 3.4478e-02  1.7202e-01
 3.4717e-02  1.7202e-01
 3.4958e-02  1.7203e-01
 3.5200e-02  1.7203e-01
 3.5445e-02  1.7203e-01
 3.5690e-02  1.7204e-01
 3.5938e-02  1.7204e-01
 3.6187e-02  1.7204e-01
 3.6439e-02  1.7205e-01
 3.6691e-02  1.7205e-01
 3.6946e-02  1.7205e-01
 3.7202e-02  1.7206e-01
 3.7461e-02  1.7206e-01
 3.7720e-02  1.7206e-01
 3.7982e-02  1.7207e-01
 3.8246e-02  1.7207e-01
 3.8511e-02  1.7207e-01
 3.8778e-02  1.7208e-01
 3.9047e-02  1.7208e-01
 3.9318e-02  1.7208e-01
 3.9591e-02  1.7208e-01
 3.9866e-02  1.7209e-01
 4.0142e-02  1.7209e-01
 4.0421e-02  1.7209e-01
 4.0701e-02  1.7209e-01
 4.0984e-02  1.7209e-01
 4.1268e-02  1.7210e-01
 4.1555e-02  1.7210e-01
 4.1843e-02  1.7210e-01
 4.2133e-02  1.7210e-01
 4.2426e-02  1.7210e-01
 4.2720e-02  1.7211e-01
 4.3016e-02  1.7211e-01
 4.3315e-02  1.7211e-01
 4.3615e-02  1.7211e-01
 4.3918e-02  1.7211e-01
 4.4223e-02  1.7211e-01
 4.4530e-02  1.7212e-01
 4.4839e-02  1.7212e-01
 4.5150e-02  1.7212e-01
 4.5463e-02  1.7212e-01
 4.5778e-02  1.7212e-01
 4.6096e-02  1.7212e-01
 4.6416e-02  1.7212e-01
 4.6738e-02  1.7213e-01
 4.7062e-02  1.7213e-01
 4.7389e-02  1.7213e-01
 4.7718e-02  1.7213e-01
 4.8049e-02  1.7213e-01
 4.8382e-02  1.7213e-01
 4.8718e-02  1.7213e-01
 4.9056e-02  1.7213e-01
 4.9396e-02  1.7213e-01
 4.9739e-02  1.7214e-01
 5.0084e-02  1.7214e-01
 5.0432e-02  1.7214e-01
 5.0782e-02  1.7214e-01
 5.1134e-02  1.7214e-01
 5.1489e-02  1.7214e-01
 5.1846e-02  1.7214e-01
 5.2206e-02  1.7214e-01
 5.2568e-02  1.7214e-01
 5.2933e-02  1.7214e-01
 5.3300e-02  1.7214e-01
 5.3670e-02  1.7215e-01
 5.4042e-02  1.7215e-01
 5.4417e-02  1.7215e-01
 5.4795e-02  1.7215e-01
 5.5175e-02  1.7215e-01
 5.5558e-02  1.7215e-01
 5.5943e-02  1.7215e-01
 5.6331e-02  1.7215e-01
 5.6722e-02  1.7215e-01
 5.7116e-02  1.7215e-01
 5.7512e-02  1.7215e-01
 5.7911e-02  1.7215e-01
 5.8313e-02  1.7215e-01
 5.8718e-02  1.7215e-01
 5.9125e-02  1.7215e-01
 5.9535e-02  1.7215e-01
 5.9948e-02  1.7215e-01
 6.0364e-02  1.7215e-01
 6.0783e-02  1.7216e-01
 6.1205e-02  1.7216e-01
 6.1630e-02  1.7216e-01
 6.2057e-02  1.7216e-01
 6.2488e-02  1.7216e-01
 6.2921e-02  1.7216e-01
 6.3358e-02  1.7216e-01
 6.3798e-02  1.7216e-01
 6.4240e-02  1.7216e-01
 6.4686e-02  1.7216e-01
 6.5135e-02  1.7216e-01
 6.5587e-02  1.7216e-01
 6.6042e-02  1.7216e-01
 6.6500e-02  1.7216e-01
 6.6962e-02  1.7216e-01
 6.7426e-02  1.7216e-01
 6.7894e-02  1.7216e-01
 6.8365e-02  1.7216e-01
 6.8840e-02  1.7216e-01
 6.9317e-02  1.7216e-01
 6.9798e-02  1.7216e-01
 7.0282e-02  1.7216e-01
 7.0770e-02  1.7216e-01
 7.1261e-02  1.7216e-01
 7.1756e-02  1.7216e-01
 7.2253e-02  1.7216e-01
 7.2755e-02  1.7216e-01
 7.3260e-02  1.7216e-01
 7.3768e-02  1.7216e-01
 7.4280e-02  1.7216e-01
 7.4795e-02  1.7216e-01
 7.5314e-02  1.7216e-01
 7.5837e-02  1.7216e-01
 7.6363e-02  1.7216e-01
 7.6893e-02  1.7216e-01
 7.7426e-02  1.7217e-01
 7.7964e-02  1.7217e-01
 7.8505e-02  1.7217e-01
 7.9049e-02  1.7217e-01
 7.9598e-02  1.7217e-01
 8.0150e-02  1.7217e-01
 8.0706e-02  1.7217e-01
 8.1266e-02  1.7217e-01
 8.1830e-02  1.7217e-01
 8.2398e-02  1.7217e-01
 8.2970e-02  1.7217e-01
 8.3545e-02  1.7217e-01
 8.4125e-02  1.7217e-01
 8.4709e-02  1.7217e-01
 8.5296e-02  1.7217e-01
 8.5888e-02  1.7217e-01
 8.6484e-02  1.7217e-01
 8.7084e-02  1.7217e-01
 8.7689e-02  1.7217e-01
 8.8297e-02  1.7217e-01
 8.8910e-02  1.7217e-01
 8.9527e-02  1.7217e-01
 9.0148e-02  1.7217e-01
 9.0773e-02  1.7217e-01
 9.1403e-02  1.7217e-01
 9.2037e-02  1.7217e-01
 9.2676e-02  1.7217e-01
 9.3319e-02  1.7217e-01
 9.3966e-02  1.7217e-01
 9.4618e-02  1.7217e-01
 9.5275e-02  1.7217e-01
 9.5936e-02  1.7217e-01
 9.6602e-02  1.7217e-01
 9.7272e-02  1.7217e-01
 9.7947e-02  1.7217e-01
 9.8627e-02  1.7217e-01
 9.9311e-02  1.7217e-01
 1.0000e-01  1.7217e-01
 1.0069e-01  1.7217e-01
 1.0139e-01  1.7217e-01
 1.0210e-01  1.7217e-01
 1.0280e-01  1.7217e-01
 1.0352e-01  1.7217e-01
 1.0424e-01  1.7217e-01
 1.0496e-01  1.7217e-01
 1.0569e-01  1.7217e-01
 1.0642e-01  1.7217e-01
 1.0716e-01  1.7217e-01
 1.0790e-01  1.7217e-01
 1.0865e-01  1.7217e-01
 1.0941e-01  1.7217e-01
 1.1016e-01  1.7217e-01
 1.1093e-01  1.7217e-01
 1.1170e-01  1.7217e-01
 1.1247e-01  1.7217e-01
 1.1325e-01  1.7217e-01
 1.1404e-01  1.7217e-01
 1.1483e-01  1.7217e-01
 1.1563e-01  1.7217e-01
 1.1643e-01  1.7217e-01
 1.1724e-01  1.7217e-01
 1.1805e-01  1.7217e-01
 1.1887e-01  1.7217e-01
 1.1970e-01  1.7217e-01
 1.2053e-01  1.7217e-01
 1.2136e-01  1.7217e-01
 1.2220e-01  1.7217e-01
 1.2305e-01  1.7217e-01
 1.2391e-01  1.7217e-01
 1.2477e-01  1.7217e-01
 1.2563e-01  1.7217e-01
 1.2650e-01  1.7217e-01
 1.2738e-01  1.7217e-01
 1.2826e-01  1.7217e-01
 1.2915e-01  1.7217e-01
 1.3005e-01  1.7217e-01
 1.3095e-01  1.7217e-01
 1.3186e-01  1.7217e-01
 1.3278e-01  1.7217e-01
 1.3370e-01  1.7217e-01
 1.3463e-01  1.7217e-01
 1.3556e-01  1.7217e-01
 1.3650e-01  1.7217e-01
 1.3745e-01  1.7217e-01
 1.3840e-01  1.7217e-01
 1.3936e-01  1.7217e-01
 1.4033e-01  1.7217e-01
 1.4130e-01  1.7217e-01
 1.4228e-01  1.7217e-01
 1.4327e-01  1.7217e-01
 1.4426e-01  1.7217e-01
 1.4527e-01  1.7217e-01
 1.4627e-01  1.7217e-01
 1.4729e-01  1.7217e-01
 1.4831e-01  1.7217e-01
 1.4934e-01  1.7217e-01
 1.5038e-01  1.7217e-01
 1.5142e-01  1.7217e-01
 1.5247e-01  1.7217e-01
 1.5353e-01  1.7217e-01
 1.5459e-01  1.7217e-01
 1.5567e-01  1.7217e-01
 1.5675e-01  1.7217e-01
 1.5783e-01  1.7217e-01
 1.5893e-01  1.7217e-01
 1.6003e-01  1.7217e-01
 1.6114e-01  1.7217e-01
 1.6226e-01  1.7217e-01
 1.6339e-01  1.7217e-01
 1.6452e-01  1.7217e-01
 1.6566e-01  1.7217e-01
 1.6681e-01  1.7217e-01
 1.6797e-01  1.7217e-01
 1.6913e-01  1.7217e-01
 1.7031e-01  1.7217e-01
 1.7149e-01  1.7217e-01
 1.7268e-01  1.7217e-01
 1.7388e-01  1.7217e-01
 1.7508e-01  1.7217e-01
 1.7630e-01  1.7217e-01
 1.7752e-01  1.7217e-01
 1.7875e-01  1.7217e-01
 1.7999e-01  1.7217e-01
 1.8124e-01  1.7217e-01
 1.8250e-01  1.7217e-01
 1.8377e-01  1.7217e-01
 1.8504e-01  1.7217e-01
 1.8632e-01  1.7217e-01
 1.8762e-01  1.8199e-01
 1.8892e-01  1.8772e-01
 1.9023e-01  1.9167e-01
 1.9155e-01  1.9481e-01
 1.9288e-01  1.9745e-01
 1.9422e-01  1.9975e-01
 1.9557e-01  2.0179e-01
 1.9692e-01  2.0363e-01
 1.9829e-01  2.0530e-01
 1.9966e-01  2.0684e-01
 2.0105e-01  2.0825e-01
 2.0244e-01  2.0957e-01
 2.0385e-01  2.1079e-01
 2.0526e-01  2.1194e-01
 2.0669e-01  2.1301e-01
 2.0812e-01  2.1402e-01
 2.0957e-01  2.1497e-01
 2.1102e-01  2.1587e-01
 2.1248e-01  2.0874e-01
 2.1396e-01  2.0582e-01
 2.1544e-01  2.0395e-01
 2.1694e-01  2.0257e-01
 2.1844e-01  2.0148e-01
 2.1996e-01  2.0059e-01
 2.2149e-01  1.9985e-01
 2.2302e-01  1.9921e-01
 2.2457e-01  1.9866e-01
 2.2613e-01  1.9817e-01
 2.2770e-01  1.9774e-01
 2.2928e-01  1.9736e-01
 2.3087e-01  1.9701e-01
 2.3247e-01  1.9670e-01
 2.3408e-01  1.9642e-01
 2.3571e-01  1.9616e-01
 2.3734e-01  1.9593e-01
 2.3899e-01  1.9571e-01
 2.4065e-01  1.9551e-01
 2.4232e-01  1.9533e-01
 2.4400e-01  1.9516e-01
 2.4569e-01  1.9500e-01
 2.4740e-01  1.9486e-01
 2.4911e-01  1.9472e-01
 2.5084e-01  1.9459e-01
 2.5258e-01  1.9447e-01
 2.5433e-01  1.9436e-01
 2.5610e-01  1.9425e-01
 2.5788e-01  1.9416e-01
 2.5967e-01  1.9406e-01
 2.6147e-01  1.9397e-01
 2.6328e-01  1.9389e-01
 2.6511e-01  1.9381e-01
 2.6695e-01  1.9374e-01
 2.6880e-01  1.9367e-01
 2.7067e-01  1.9361e-01
 2.7254e-01  1.9354e-01
 2.7443e-01  1.9348e-01
 2.7634e-01  1.9343e-01
 2.7826e-01  1.9337e-01
 2.8019e-01  1.9332e-01
 2.8213e-01  1.9327e-01
 2.8409e-01  1.9323e-01
 2.8606e-01  1.9318e-01
 2.8804e-01  1.9314e-01
 2.9004e-01  1.9310e-01
 2.9206e-01  1.9306e-01
 2.9408e-01  1.9303e-01
 2.9612e-01  1.9299e-01
 2.9818e-01  1.9296e-01
 3.0025e-01  1.9293e-01
 3.0233e-01  1.9290e-01
 3.0443e-01  1.9287e-01
 3.0654e-01  1.9284e-01
 3.0867e-01  1.9282e-01
 3.1081e-01  1.9279e-01
 3.1296e-01  1.9277e-01
 3.1514e-01  1.9274e-01
 3.1732e-01  1.9272e-01
 3.1952e-01  1.9270e-01
 3.2174e-01  1.9268e-01
 3.2397e-01  1.9266e-01
 3.2622e-01  1.9264e-01
 3.2849e-01  1.9262e-01
 3.3076e-01  1.9260e-01
 3.3306e-01  1.9258e-01
 3.3537e-01  1.9257e-01
 3.3770e-01  1.9255e-01
 3.4004e-01  1.9254e-01
 3.4240e-01  1.9252e-01
 3.4478e-01  1.9251e-01
 3.4717e-01  1.9250e-01
 3.4958e-01  1.9248e-01
 3.5200e-01  1.9247e-01
 3.5445e-01  1.9246e-01
 3.5690e-01  1.9245e-01
 3.5938e-01  1.9244e-01
 3.6187e-01  1.9242e-01
 3.6439e-01  1.9241e-01
 3.6691e-01  1.9240e-01
 3.6946e-01  1.9239e-01
 3.7202e-01  1.9238e-01
 3.7461e-01  1.9238e-01
 3.7720e-01  1.9237e-01
 3.7982e-01  1.9236e-01
 3.8246e-01  1.9235e-01
 3.8511e-01  1.9234e-01
 3.8778e-01  1.9234e-01
 3.9047e-01  1.9233e-01
 3.9318e-01  1.9232e-01
 3.9591e-01  1.9231e-01
 3.9866e-01  1.9231e-01
 4.0142e-01  1.9230e-01
 4.0421e-01  1.9229e-01
 4.0701e-01  1.9229e-01
 4.0984e-01  1.9228e-01
 4.1268e-01  1.9228e-01
 4.1555e-01  1.9227e-01
 4.1843e-01  1.9227e-01
 4.2133e-01  1.9226e-01
 4.2426e-01  1.9226e-01
 4.2720e-01  1.9225e-01
 4.3016e-01  1.9225e-01
 4.3315e-01  1.9224e-01
 4.3615e-01  1.9224e-01
 4.3918e-01  1.9223e-01
 4.4223e-01  1.9223e-01
 4.4530e-01  1.9223e-01
 4.4839e-01  1.9222e-01
 4.5150e-01  1.9222e-01
 4.5463e-01  1.9221e-01
 4.5778e-01  1.9221e-01
 4.6096e-01  1.9221e-01
 4.6416e-01  1.9220e-01
 4.6738e-01  1.9220e-01
 4.7062e-01  1.9220e-01
 4.7389e-01  1.9219e-01
 4.7718e-01  1.9219e-01
 4.8049e-01  1.9219e-01
 4.8382e-01  1.9218e-01
 4.8718e-01  1.9218e-01
 4.9056e-01  1.9218e-01
 4.9396e-01  1.9218e-01
 4.9739e-01  1.9217e-01
 5.0084e-01  1.9217e-01
 5.0432e-01  1.9217e-01
 5.0782e-01  1.9216e-01
 5.1134e-01  1.9216e-01
 5.1489e-01  1.9216e-01
 5.1846e-01  1.9216e-01
 5.2206e-01  1.9215e-01
 5.2568e-01  1.9215e-01
 5.2933e-01  1.9215e-01
 5.3300e-01  1.9214e-01
 5.3670e-01  1.9214e-01
 5.4042e-01  1.9214e-01
 5.4417e-01  1.9213e-01
 5.4795e-01  1.9213e-01
 5.5175e-01  1.9213e-01
 5.5558e-01  1.9212e-01
 5.5943e-01  1.9212e-01
 5.6331e-01  1.9212e-01
 5.6722e-01  1.9211e-01
 5.7116e-01  1.9211e-01
 5.7512e-01  1.9210e-01
 5.7911e-01  1.9210e-01
 5.8313e-01  1.9209e-01
 5.8718e-01  1.9209e-01
 5.9125e-01  1.9208e-01
 5.9535e-01  1.9207e-01
 5.9948e-01  1.9206e-01
 6.0364e-01  1.9206e-01
 6.0783e-01  1.9205e-01
 6.1205e-01  1.9204e-01
 6.1630e-01  1.9202e-01
 6.2057e-01  1.9201e-01
 6.2488e-01  1.9200e-01
 6.2921e-01  1.9198e-01
 6.3358e-01  1.9196e-01
 6.3798e-01  1.9195e-01
 6.4240e-01  1.9192e-01
 6.4686e-01  1.9190e-01
 6.5135e-01  1.9187e-01
 6.5587e-01  1.9183e-01
 6.6042e-01  1.9180e-01
 6.6500e-01  1.9175e-01
 6.6962e-01  1.9170e-01
 6.7426e-01  1.9164e-01
 6.7894e-01  1.9157e-01
 6.8365e-01  1.9148e-01
 6.8840e-01  1.9138e-01
 6.9317e-01  1.9126e-01
 6.9798e-01  1.9111e-01
 7.0282e-01  1.9092e-01
 7.0770e-01  1.9070e-01
 7.1261e-01  1.9041e-01
 7.1756e-01  1.9005e-01
 7.2253e-01  1.8958e-01
 7.2755e-01  1.8896e-01
 7.3260e-01  1.8813e-01
 7.3768e-01  1.8697e-01
 7.4280e-01  1.8531e-01
 7.4795e-01  1.8285e-01
 7.5314e-01  1.7900e-01
 7.5837e-01  1.7265e-01
 7.6363e-01  1.6141e-01
 7.6893e-01  1.4016e-01
 7.7426e-01  9.9777e-02
 7.7964e-01  4.5673e-02
 7.8505e-01  4.1690e-02
 7.9049e-01  8.7683e-02
 7.9598e-01  1.2615e-01
 8.0150e-01  1.4856e-01
 8.0706e-01  1.6099e-01
 8.1266e-01  1.6857e-01
 8.1830e-01  1.7347e-01
 8.2398e-01  1.7682e-01
 8.2970e-01  1.7921e-01
 8.3545e-01  1.8098e-01
 8.4125e-01  1.8233e-01
 8.4709e-01  1.8339e-01
 8.5296e-01  1.8425e-01
 8.5888e-01  1.8494e-01
 8.6484e-01  1.8552e-01
 8.7084e-01  1.8600e-01
 8.7689e-01  1.8642e-01
 8.8297e-01  1.8677e-01
 8.8910e-01  1.8707e-01
 8.9527e-01  1.8729e-01
 9.0148e-01  1.8742e-01
 9.0773e-01  1.8754e-01
 9.1403e-01  1.8764e-01
 9.2037e-01  1.8773e-01
 9.2676e-01  1.8780e-01
 9.3319e-01  1.8787e-01
 9.3966e-01  1.8794e-01
 9.4618e-01  1.8800e-01
 9.5275e-01  1.8808e-01
 9.5936e-01  1.8816e-01
 9.6602e-01  1.8828e-01
 9.7272e-01  1.8844e-01
 9.7947e-01  1.8868e-01
 9.8627e-01  1.8905e-01
 9.9311e-01  1.8852e-01
 1.0000e+00  1.8791e-01
 1.0069e+00  1.8109e-01
 1.0139e+00  1.2831e-01
 1.0210e+00  4.5524e-02
 1.0280e+00  1.2543e-01
 1.0352e+00  1.5243e-01
 1.0424e+00  1.6273e-01
 1.0496e+00  1.6766e-01
 1.0569e+00  1.7033e-01
 1.0642e+00  1.7186e-01
 1.0716e+00  1.7275e-01
 1.0790e+00  1.7326e-01
 1.0865e+00  1.7357e-01
 1.0941e+00  1.7381e-01
 1.1016e+00  1.7402e-01
 1.1093e+00  1.7421e-01
 1.1170e+00  1.7438e-01
 1.1247e+00  1.7451e-01
 1.1325e+00  1.7460e-01
 1.1404e+00  1.7461e-01
 1.1483e+00  1.7453e-01
 1.1563e+00  1.7438e-01
 1.1643e+00  1.7418e-01
 1.1724e+00  1.7393e-01
 1.1805e+00  1.7367e-01
 1.1887e+00  1.7340e-01
 1.1970e+00  1.7316e-01
 1.2053e+00  1.7292e-01
 1.2136e+00  1.7270e-01
 1.2220e+00  1.7248e-01
 1.2305e+00  1.7226e-01
 1.2391e+00  1.7204e-01
 1.2477e+00  1.7180e-01
 1.2563e+00  1.7157e-01
 1.2650e+00  1.7135e-01
 1.2738e+00  1.7116e-01
 1.2826e+00  1.7101e-01
 1.2915e+00  1.7092e-01
 1.3005e+00  1.7089e-01
 1.3095e+00  1.7094e-01
 1.3186e+00  1.7103e-01
 1.3278e+00  1.7116e-01
 1.3370e+00  1.7132e-01
 1.3463e+00  1.7148e-01
 1.3556e+00  1.7166e-01
 1.3650e+00  1.7185e-01
 1.3745e+00  1.7206e-01
 1.3840e+00  1.7229e-01
 1.3936e+00  1.7255e-01
 1.4033e+00  1.7278e-01
 1.4130e+00  1.7295e-01
 1.4228e+00  1.7312e-01
 1.4327e+00  1.7329e-01
 1.4426e+00  1.7347e-01
 1.4527e+00  1.7365e-01
 1.4627e+00  1.7383e-01
 1.4729e+00  1.7397e-01
 1.4831e+00  1.7440e-01
 1.4934e+00  1.7431e-01
 1.5038e+00  1.7406e-01
 1.5142e+00  1.7367e-01
 1.5247e+00  1.7296e-01
 1.5353e+00  1.7211e-01
 1.5459e+00  1.7119e-01
 1.5567e+00  1.7026e-01
 1.5675e+00  1.6939e-01
 1.5783e+00  1.6863e-01
 1.5893e+00  1.6805e-01
 1.6003e+00  1.6771e-01
 1.6114e+00  1.6770e-01
 1.6226e+00  1.6799e-01
 1.6339e+00  1.6855e-01
 1.6452e+00  1.6873e-01
 1.6566e+00  1.6886e-01
 1.6681e+00  1.6900e-01
 1.6797e+00  1.6915e-01
 1.6913e+00  1.6934e-01
 1.7031e+00  1.6962e-01
 1.7149e+00  1.6984e-01
 1.7268e+00  1.6984e-01
 1.7388e+00  1.6984e-01
 1.7508e+00  1.6984e-01
 1.7630e+00  1.6984e-01
 1.7752e+00  1.6984e-01
 1.7875e+00  1.6984e-01
 1.7999e+00  1.6984e-01
 1.8124e+00  1.6984e-01
 1.8250e+00  1.6984e-01
 1.8377e+00  1.6984e-01
 1.8504e+00  1.6984e-01
 1.8632e+00  1.6984e-01
 1.8762e+00  1.6984e-01
 1.8892e+00  1.6984e-01
 1.9023e+00  1.6984e-01
 1.9155e+00  1.6984e-01
 1.9288e+00  1.6984e-01
 1.9422e+00  1.6984e-01
 1.9557e+00  1.6984e-01
 1.9692e+00  1.6984e-01
 1.9829e+00  1.6984e-01
 1.9966e+00  1.6984e-01
 2.0105e+00  1.6984e-01
 2.0244e+00  1.6984e-01
 2.0385e+00  1.6984e-01
 2.0526e+00  1.6984e-01
 2.0669e+00  1.6984e-01
 2.0812e+00  1.6984e-01
 2.0957e+00  1.6984e-01
 2.1102e+00  1.6984e-01
 2.1248e+00  1.6984e-01
 2.1396e+00  1.6984e-01
 2.1544e+00  1.6984e-01
 2.1694e+00  1.6984e-01
 2.1844e+00  1.6984e-01
 2.1996e+00  1.6984e-01
 2.2149e+00  1.6984e-01
 2.2302e+00  1.6984e-01
 2.2457e+00  1.6984e-01
 2.2613e+00  1.6984e-01
 2.2770e+00  1.6984e-01
 2.2928e+00  1.6984e-01
 2.3087e+00  1.6984e-01
 2.3247e+00  1.6984e-01
 2.3408e+00  1.6984e-01
 2.3571e+00  1.6984e-01
 2.3734e+00  1.6984e-01
 2.3899e+00  1.6984e-01
 2.4065e+00  1.6984e-01
 2.4232e+00  1.6984e-01
 2.4400e+00  1.6984e-01
 2.4569e+00  1.6984e-01
 2.4740e+00  1.6984e-01
 2.4911e+00  1.6984e-01
 2.5084e+00  1.6984e-01
 2.5258e+00  1.6984e-01
 2.5433e+00  1.6910e-01
 2.5610e+00  1.6802e-01
 2.5788e+00  1.6741e-01
 2.5967e+00  1.6693e-01
 2.6147e+00  1.6654e-01
 2.6328e+00  1.6621e-01
 2.6511e+00  1.6591e-01
 2.6695e+00  1.6565e-01
 2.6880e+00  1.6541e-01
 2.7067e+00  1.6518e-01
 2.7254e+00  1.6498e-01
 2.7443e+00  1.6479e-01
 2.7634e+00  1.6462e-01
 2.7826e+00  1.6445e-01
 2.8019e+00  1.6430e-01
 2.8213e+00  1.6415e-01
 2.8409e+00  1.6402e-01
 2.8606e+00  1.6389e-01
 2.8804e+00  1.6377e-01
 2.9004e+00  1.6365e-01
 2.9206e+00  1.6354e-01
 2.9408e+00  1.6343e-01
 2.9612e+00  1.6334e-01
 2.9818e+00  1.6324e-01
 3.0025e+00  1.6315e-01
 3.0233e+00  1.6306e-01
 3.0443e+00  1.6298e-01
 3.0654e+00  1.6290e-01
 3.0867e+00  1.6283e-01
 3.1081e+00  1.6275e-01
 3.1296e+00  1.6268e-01
 3.1514e+00  1.6262e-01
 3.1732e+00  1.6255e-01
 3.1952e+00  1.6249e-01
 3.2174e+00  1.6243e-01
 3.2397e+00  1.6238e-01
 3.2622e+00  1.6232e-01
 3.2849e+00  1.6227e-01
 3.3076e+00  1.6222e-01
 3.3306e+00  1.6217e-01
 3.3537e+00  1.6213e-01
 3.3770e+00  1.6208e-01
 3.4004e+00  1.6204e-01
 3.4240e+00  1.6200e-01
 3.4478e+00  1.6196e-01
 3.4717e+00  1.6192e-01
 3.4958e+00  1.6188e-01
 3.5200e+00  1.6184e-01
 3.5445e+00  1.6181e-01
 3.5690e+00  1.5823e-01
 3.5938e+00  1.5614e-01
 3.6187e+00  1.5471e-01
 3.6439e+00  1.5358e-01
 3.6691e+00  1.5263e-01
 3.6946e+00  1.5181e-01
 3.7202e+00  1.5108e-01
 3.7461e+00  1.5042e-01
 3.7720e+00  1.4983e-01
 3.7982e+00  1.4928e-01
 3.8246e+00  1.4878e-01
 3.8511e+00  1.4831e-01
 3.8778e+00  1.4788e-01
 3.9047e+00  1.4748e-01
 3.9318e+00  1.4710e-01
 3.9591e+00  1.4674e-01
 3.9866e+00  1.4641e-01
 4.0142e+00  1.4609e-01
 4.0421e+00  1.4579e-01
 4.0701e+00  1.4551e-01
 4.0984e+00  1.4524e-01
 4.1268e+00  1.4498e-01
 4.1555e+00  1.4474e-01
 4.1843e+00  1.4451e-01
 4.2133e+00  1.4429e-01
 4.2426e+00  1.4408e-01
 4.2720e+00  1.4388e-01
 4.3016e+00  1.4369e-01
 4.3315e+00  1.4350e-01
 4.3615e+00  1.4333e-01
 4.3918e+00  1.4316e-01
 4.4223e+00  1.4300e-01
 4.4530e+00  1.4284e-01
 4.4839e+00  1.4269e-01
 4.5150e+00  1.4255e-01
 4.5463e+00  1.4241e-01
 4.5778e+00  1.4228e-01
 4.6096e+00  1.4216e-01
 4.6416e+00  1.4203e-01
 4.6738e+00  1.4192e-01
 4.7062e+00  1.4180e-01
 4.7389e+00  1.4170e-01
 4.7718e+00  1.4159e-01
 4.8049e+00  1.4149e-01
 4.8382e+00  1.4139e-01
 4.8718e+00  1.4130e-01
 4.9056e+00  1.4121e-01
 4.9396e+00  1.4112e-01
 4.9739e+00  1.4104e-01
 5.0084e+00  1.4096e-01
 5.0432e+00  1.4088e-01
 5.0782e+00  1.4081e-01
 5.1134e+00  1.4073e-01
 5.1489e+00  1.4066e-01
 5.1846e+00  1.4060e-01
 5.2206e+00  1.4053e-01
 5.2568e+00  1.4047e-01
 5.2933e+00  1.4041e-01
 5.3300e+00  1.4035e-01
 5.3670e+00  1.4029e-01
 5.4042e+00  1.4023e-01
 5.4417e+00  1.4018e-01
 5.4795e+00  1.4013e-01
 5.5175e+00  1.4008e-01
 5.5558e+00  1.4003e-01
 5.5943e+00  1.3998e-01
 5.6331e+00  1.3994e-01
 5.6722e+00  1.3989e-01
 5.7116e+00  1.3985e-01
 5.7512e+00  1.3981e-01
 5.7911e+00  1.3977e-01
 5.8313e+00  1.3973e-01
 5.8718e+00  1.3969e-01
 5.9125e+00  1.3966e-01
 5.9535e+00  1.3962e-01
 5.9948e+00  1.3959e-01
 6.0364e+00  1.3956e-01
 6.0783e+00  1.3952e-01
 6.1205e+00  1.3949e-01
 6.1630e+00  1.3946e-01
 6.2057e+00  1.3943e-01
 6.2488e+00  1.3941e-01
 6.2921e+00  1.3938e-01
 6.3358e+00  1.3935e-01
 6.3798e+00  1.3933e-01
 6.4240e+00  1.3930e-01
 6.4686e+00  1.3928e-01
 6.5135e+00  1.3926e-01
 6.5587e+00  1.3923e-01
 6.6042e+00  1.3921e-01
 6.6500e+00  1.3919e-01
 6.6962e+00  1.3917e-01
 6.7426e+00  1.3915e-01
 6.7894e+00  1.3913e-01
 6.8365e+00  1.3911e-01
 6.8840e+00  1.3909e-01
 6.9317e+00  1.3907e-01
 6.9798e+00  1.3906e-01
 7.0282e+00  1.3904e-01
 7.0770e+00  1.3902e-01
 7.1261e+00  1.3901e-01
 7.1756e+00  1.3899e-01
 7.2253e+00  1.3898e-01
 7.2755e+00  1.3896e-01
 7.3260e+00  1.3895e-01
 7.3768e+00  1.3894e-01
 7.4280e+00  1.3892e-01
 7.4795e+00  1.3891e-01
 7.5314e+00  1.3890e-01
 7.5837e+00  1.3889e-01
 7.6363e+00  1.3888e-01
 7.6893e+00  1.3886e-01
 7.7426e+00  1.3885e-01
 7.7964e+00  1.3884e-01
 7.8505e+00  1.3883e-01
 7.9049e+00  1.3882e-01
 7.9598e+00  1.3881e-01
 8.0150e+00  1.3880e-01
 8.0706e+00  1.3879e-01
 8.1266e+00  1.3879e-01
 8.1830e+00  1.3878e-01
 8.2398e+00  1.3877e-01
 8.2970e+00  1.3876e-01
 8.3545e+00  1.3875e-01
 8.4125e+00  1.3768e-01
 8.4709e+00  1.3722e-01
 8.5296e+00  1.3687e-01
 8.5888e+00  1.3659e-01
 8.6484e+00  1.3635e-01
 8.7084e+00  1.3613e-01
 8.7689e+00  1.3594e-01
 8.8297e+00  1.3577e-01
 8.8910e+00  1.3561e-01
 8.9527e+00  1.3547e-01
 9.0148e+00  1.3533e-01
 9.0773e+00  1.3520e-01
 9.1403e+00  1.3509e-01
 9.2037e+00  1.3498e-01
 9.2676e+00  1.3487e-01
 9.3319e+00  1.3477e-01
 9.3966e+00  1.3468e-01
 9.4618e+00  1.3459e-01
 9.5275e+00  1.3451e-01
 9.5936e+00  1.3443e-01
 9.6602e+00  1.3435e-01
 9.7272e+00  1.3428e-01
 9.7947e+00  1.3421e-01
 9.8627e+00  1.3415e-01
 9.9311e+00  1.3408e-01
 1.0000e+01  1.3402e-01
