 1.0000e-02  0.0000e+00
 2.0000e-02  0.0000e+00
 3.0000e-02  0.0000e+00
 4.0000e-02  0.0000e+00
 5.0000e-02  0.0000e+00
 6.0000e-02  0.0000e+00
 7.0000e-02  0.0000e+00
 8.0000e-02  0.0000e+00
 9.0000e-02  0.0000e+00
 1.0000e-01  0.0000e+00
 1.1000e-01  0.0000e+00
 1.2000e-01  0.0000e+00
 1.3000e-01  0.0000e+00
 1.4000e-01  0.0000e+00
 1.5000e-01  1.9003e-14
 1.6000e-01  1.4498e-13
 1.7000e-01  4.7402e-13
 1.8000e-01  1.1076e-12
 1.9000e-01  2.1792e-12
 2.0000e-01  3.9251e-12
 2.1000e-01  7.2328e-12
 2.2000e-01  9.7838e-12
 2.3000e-01  1.2185e-11
 2.4000e-01  1.5008e-11
 2.5000e-01  1.8227e-11
 2.6000e-01  2.1850e-11
 2.7000e-01  2.5896e-11
 2.8000e-01  3.0393e-11
 2.9000e-01  4.5740e-08
 3.0000e-01  1.2251e-07
 3.1000e-01  2.1293e-07
 3.2000e-01  3.1004e-07
 3.3000e-01  4.0996e-07
 3.4000e-01  5.1036e-07
 3.5000e-01  6.0993e-07
 3.6000e-01  7.0803e-07
 3.7000e-01  8.0453e-07
 3.8000e-01  8.9967e-07
 3.9000e-01  9.9380e-07
 4.0000e-01  1.0877e-06
 4.1000e-01  1.1823e-06
 4.2000e-01  1.2784e-06
 4.3000e-01  1.3775e-06
 4.4000e-01  1.4806e-06
 4.5000e-01  1.5893e-06
 4.6000e-01  1.7051e-06
 4.7000e-01  1.8293e-06
 4.8000e-01  1.9634e-06
 4.9000e-01  2.1087e-06
 5.0000e-01  2.2672e-06
 5.1000e-01  2.4405e-06
 5.2000e-01  2.6310e-06
 5.3000e-01  2.8413e-06
 5.4000e-01  3.0741e-06
 5.5000e-01  3.3332e-06
 5.6000e-01  3.6228e-06
 5.7000e-01  3.9483e-06
 5.8000e-01  4.3159e-06
 5.9000e-01  4.7340e-06
 6.0000e-01  5.2117e-06
 6.1000e-01  5.7607e-06
 6.2000e-01  6.3946e-06
 6.3000e-01  7.1300e-06
 6.4000e-01  7.9872e-06
 6.5000e-01  8.9899e-06
 6.6000e-01  1.0165e-05
 6.7000e-01  1.1538e-05
 6.8000e-01  1.3137e-05
 6.9000e-01  1.4983e-05
 7.0000e-01  1.7079e-05
 7.1000e-01  1.9402e-05
 7.2000e-01  2.1869e-05
 7.3000e-01  2.4328e-05
 7.4000e-01  2.6555e-05
 7.5000e-01  2.8343e-05
 7.6000e-01  2.9796e-05
 7.7000e-01  3.2794e-05
 7.8000e-01  5.7529e-05
 7.9000e-01  2.9968e-05
 8.0000e-01  2.1003e-05
 8.1000e-01  1.7701e-05
 8.2000e-01  1.5214e-05
 8.3000e-01  1.3133e-05
 8.4000e-01  1.1374e-05
 8.5000e-01  9.8872e-06
 8.6000e-01  8.6315e-06
 8.7000e-01  7.5696e-06
 8.8000e-01  6.6707e-06
 8.9000e-01  5.9084e-06
 9.0000e-01  5.2665e-06
 9.1000e-01  4.7226e-06
 9.2000e-01  4.2602e-06
 9.3000e-01  3.8686e-06
 9.4000e-01  3.5399e-06
 9.5000e-01  3.2675e-06
 9.6000e-01  3.0482e-06
 9.7000e-01  2.8811e-06
 9.8000e-01  2.7728e-06
 9.9000e-01  2.7535e-06
 1.0000e+00  3.1644e-06
 1.0100e+00  7.5320e-06
 1.0200e+00  1.1702e-04
 1.0300e+00  9.5238e-06
 1.0400e+00  4.6935e-06
 1.0500e+00  3.5187e-06
 1.0600e+00  3.0564e-06
 1.0700e+00  2.8397e-06
 1.0800e+00  2.7275e-06
 1.0900e+00  2.6543e-06
 1.1000e+00  2.5859e-06
 1.1100e+00  2.5168e-06
 1.1200e+00  2.4505e-06
 1.1300e+00  2.3938e-06
 1.1400e+00  2.3547e-06
 1.1500e+00  2.3380e-06
 1.1600e+00  2.3391e-06
 1.1700e+00  2.3533e-06
 1.1800e+00  2.3752e-06
 1.1900e+00  2.3993e-06
 1.2000e+00  2.4221e-06
 1.2100e+00  2.4451e-06
 1.2200e+00  2.4706e-06
 1.2300e+00  2.5009e-06
 1.2400e+00  2.5384e-06
 1.2500e+00  2.5842e-06
 1.2600e+00  2.6365e-06
 1.2700e+00  2.6928e-06
 1.2800e+00  2.7501e-06
 1.2900e+00  2.8057e-06
 1.3000e+00  2.8580e-06
 1.3100e+00  2.9084e-06
 1.3200e+00  2.9585e-06
 1.3300e+00  3.0104e-06
 1.3400e+00  3.0658e-06
 1.3500e+00  3.1258e-06
 1.3600e+00  3.1889e-06
 1.3700e+00  3.2535e-06
 1.3800e+00  3.3181e-06
 1.3900e+00  3.3811e-06
 1.4000e+00  3.4444e-06
 1.4100e+00  3.5214e-06
 1.4200e+00  3.5976e-06
 1.4300e+00  3.6709e-06
 1.4400e+00  3.7385e-06
 1.4500e+00  3.7977e-06
 1.4600e+00  3.8460e-06
 1.4700e+00  3.8850e-06
 1.4800e+00  3.9430e-06
 1.4900e+00  4.2947e-06
 1.5000e+00  4.5003e-06
 1.5100e+00  4.5908e-06
 1.5200e+00  4.5885e-06
 1.5300e+00  4.5295e-06
 1.5400e+00  4.4493e-06
 1.5500e+00  4.3828e-06
 1.5600e+00  4.3574e-06
 1.5700e+00  4.3727e-06
 1.5800e+00  4.4216e-06
 1.5900e+00  4.4970e-06
 1.6000e+00  4.5918e-06
 1.6100e+00  4.6983e-06
 1.6200e+00  4.8051e-06
 1.6300e+00  4.8998e-06
 1.6400e+00  4.9704e-06
 1.6500e+00  5.0050e-06
 1.6600e+00  4.9964e-06
 1.6700e+00  4.9553e-06
 1.6800e+00  4.8965e-06
 1.6900e+00  4.8348e-06
 1.7000e+00  4.7845e-06
 1.7100e+00  4.7559e-06
 1.7200e+00  4.7435e-06
 1.7300e+00  4.7379e-06
 1.7400e+00  4.7296e-06
 1.7500e+00  4.7096e-06
 1.7600e+00  4.6703e-06
 1.7700e+00  4.6113e-06
 1.7800e+00  4.5335e-06
 1.7900e+00  4.4380e-06
 1.8000e+00  4.3257e-06
 1.8100e+00  4.1984e-06
 1.8200e+00  4.0610e-06
 1.8300e+00  3.9192e-06
 1.8400e+00  3.7784e-06
 1.8500e+00  3.6442e-06
 1.8600e+00  3.5219e-06
 1.8700e+00  3.4155e-06
 1.8800e+00  3.3293e-06
 1.8900e+00  3.2671e-06
 1.9000e+00  3.2328e-06
 1.9100e+00  3.2298e-06
 1.9200e+00  3.2587e-06
 1.9300e+00  3.3194e-06
 1.9400e+00  3.4120e-06
 1.9500e+00  3.5364e-06
 1.9600e+00  3.6849e-06
 1.9700e+00  3.8178e-06
 1.9800e+00  3.8884e-06
 1.9900e+00  3.8503e-06
