 1.0000e-02  0.0000e+00
 2.0000e-02  0.0000e+00
 3.0000e-02  0.0000e+00
 4.0000e-02  0.0000e+00
 5.0000e-02  0.0000e+00
 6.0000e-02  0.0000e+00
 7.0000e-02  0.0000e+00
 8.0000e-02  0.0000e+00
 9.0000e-02  0.0000e+00
 1.0000e-01  0.0000e+00
 1.1000e-01  0.0000e+00
 1.2000e-01  0.0000e+00
 1.3000e-01  0.0000e+00
 1.4000e-01  0.0000e+00
 1.5000e-01  2.4949e-09
 1.6000e-01  1.8400e-08
 1.7000e-01  5.7772e-08
 1.8000e-01  1.2843e-07
 1.9000e-01  2.3691e-07
 2.0000e-01  3.8913e-07
 2.1000e-01  5.9072e-07
 2.2000e-01  7.6917e-07
 2.3000e-01  1.0214e-06
 2.4000e-01  1.3305e-06
 2.5000e-01  1.6995e-06
 2.6000e-01  2.1336e-06
 2.7000e-01  2.6390e-06
 2.8000e-01  3.2228e-06
 2.9000e-01  3.8928e-06
 3.0000e-01  4.6577e-06
 3.1000e-01  5.5274e-06
 3.2000e-01  6.5129e-06
 3.3000e-01  7.6265e-06
 3.4000e-01  8.8823e-06
 3.5000e-01  1.0296e-05
 3.6000e-01  1.1885e-05
 3.7000e-01  1.3669e-05
 3.8000e-01  1.5672e-05
 3.9000e-01  1.7920e-05
 4.0000e-01  2.0442e-05
 4.1000e-01  2.3272e-05
 4.2000e-01  2.6450e-05
 4.3000e-01  3.0331e-05
 4.4000e-01  3.5242e-05
 4.5000e-01  4.1389e-05
 4.6000e-01  4.9027e-05
 4.7000e-01  5.8468e-05
 4.8000e-01  7.0105e-05
 4.9000e-01  8.4424e-05
 5.0000e-01  1.0204e-04
 5.1000e-01  1.2371e-04
 5.2000e-01  1.5040e-04
 5.3000e-01  1.8334e-04
 5.4000e-01  2.3288e-04
 5.5000e-01  2.8603e-04
 5.6000e-01  3.5176e-04
 5.7000e-01  4.3471e-04
 5.8000e-01  5.3782e-04
 5.9000e-01  6.6898e-04
 6.0000e-01  8.3452e-04
 6.1000e-01  1.0460e-03
 6.2000e-01  1.3168e-03
 6.3000e-01  1.6724e-03
 6.4000e-01  2.1345e-03
 6.5000e-01  2.7467e-03
 6.6000e-01  3.5690e-03
 6.7000e-01  4.6895e-03
 6.8000e-01  6.2533e-03
 6.9000e-01  8.4701e-03
 7.0000e-01  1.1720e-02
 7.1000e-01  1.6644e-02
 7.2000e-01  2.4443e-02
 7.3000e-01  3.7517e-02
 7.4000e-01  6.1130e-02
 7.5000e-01  1.0820e-01
 7.6000e-01  2.1440e-01
 7.7000e-01  4.7510e-01
 7.8000e-01  8.7848e-01
 7.9000e-01  7.3078e-01
 8.0000e-01  4.1121e-01
 8.1000e-01  2.5160e-01
 8.2000e-01  1.7275e-01
 8.3000e-01  1.2940e-01
 8.4000e-01  1.0304e-01
 8.5000e-01  8.5683e-02
 8.6000e-01  7.3536e-02
 8.7000e-01  6.4643e-02
 8.8000e-01  5.7927e-02
 8.9000e-01  5.2784e-02
 9.0000e-01  4.9844e-02
 9.1000e-01  4.7926e-02
 9.2000e-01  4.6415e-02
 9.3000e-01  4.5205e-02
 9.4000e-01  4.4160e-02
 9.5000e-01  4.3095e-02
 9.6000e-01  4.1744e-02
 9.7000e-01  3.9692e-02
 9.8000e-01  3.6187e-02
 9.9000e-01  2.9965e-02
 1.0000e+00  3.4327e-02
 1.0100e+00  2.0584e-01
 1.0200e+00  8.9975e-01
 1.0300e+00  4.5690e-01
 1.0400e+00  2.8375e-01
 1.0500e+00  2.1902e-01
 1.0600e+00  1.8911e-01
 1.0700e+00  1.7378e-01
 1.0800e+00  1.6529e-01
 1.0900e+00  1.5965e-01
 1.1000e+00  1.5462e-01
 1.1100e+00  1.4968e-01
 1.1200e+00  1.4490e-01
 1.1300e+00  1.4061e-01
 1.1400e+00  1.3729e-01
 1.1500e+00  1.3523e-01
 1.1600e+00  1.3419e-01
 1.1700e+00  1.3387e-01
 1.1800e+00  1.3393e-01
 1.1900e+00  1.3404e-01
 1.2000e+00  1.3394e-01
 1.2100e+00  1.3374e-01
 1.2200e+00  1.3355e-01
 1.2300e+00  1.3349e-01
 1.2400e+00  1.3368e-01
 1.2500e+00  1.3417e-01
 1.2600e+00  1.3481e-01
 1.2700e+00  1.3540e-01
 1.2800e+00  1.3574e-01
 1.2900e+00  1.3561e-01
 1.3000e+00  1.3488e-01
 1.3100e+00  1.3360e-01
 1.3200e+00  1.3194e-01
 1.3300e+00  1.3009e-01
 1.3400e+00  1.2822e-01
 1.3500e+00  1.2648e-01
 1.3600e+00  1.2481e-01
 1.3700e+00  1.2318e-01
 1.3800e+00  1.2150e-01
 1.3900e+00  1.1970e-01
 1.4000e+00  1.1798e-01
 1.4100e+00  1.1738e-01
 1.4200e+00  1.1700e-01
 1.4300e+00  1.1683e-01
 1.4400e+00  1.1682e-01
 1.4500e+00  1.1691e-01
 1.4600e+00  1.1708e-01
 1.4700e+00  1.1760e-01
 1.4800e+00  1.1495e-01
 1.4900e+00  1.1740e-01
 1.5000e+00  1.2146e-01
 1.5100e+00  1.2627e-01
 1.5200e+00  1.3267e-01
 1.5300e+00  1.4023e-01
 1.5400e+00  1.4849e-01
 1.5500e+00  1.5700e-01
 1.5600e+00  1.6525e-01
 1.5700e+00  1.7280e-01
 1.5800e+00  1.7921e-01
 1.5900e+00  1.8404e-01
 1.6000e+00  1.8683e-01
 1.6100e+00  1.8716e-01
 1.6200e+00  1.8515e-01
 1.6300e+00  1.8108e-01
 1.6400e+00  1.7778e-01
 1.6500e+00  1.7675e-01
 1.6600e+00  1.7561e-01
 1.6700e+00  1.7446e-01
 1.6800e+00  1.7321e-01
 1.6900e+00  1.7170e-01
 1.7000e+00  1.6961e-01
 1.7100e+00  1.6667e-01
 1.7200e+00  1.6667e-01
 1.7300e+00  1.6667e-01
 1.7400e+00  1.6667e-01
 1.7500e+00  1.6667e-01
 1.7600e+00  1.6667e-01
 1.7700e+00  1.6667e-01
 1.7800e+00  1.6667e-01
 1.7900e+00  1.6667e-01
 1.8000e+00  1.6667e-01
 1.8100e+00  1.6667e-01
 1.8200e+00  1.6667e-01
 1.8300e+00  1.6667e-01
 1.8400e+00  1.6667e-01
 1.8500e+00  1.6667e-01
 1.8600e+00  1.6667e-01
 1.8700e+00  1.6667e-01
 1.8800e+00  1.6667e-01
 1.8900e+00  1.6667e-01
 1.9000e+00  1.6667e-01
 1.9100e+00  1.6667e-01
 1.9200e+00  1.6667e-01
 1.9300e+00  1.6667e-01
 1.9400e+00  1.6667e-01
 1.9500e+00  1.6667e-01
 1.9600e+00  1.6667e-01
 1.9700e+00  1.6667e-01
 1.9800e+00  1.6667e-01
 1.9900e+00  1.6667e-01
