 1.0000e-02  0.0000e+00
 2.0000e-02  0.0000e+00
 3.0000e-02  0.0000e+00
 4.0000e-02  0.0000e+00
 5.0000e-02  0.0000e+00
 6.0000e-02  0.0000e+00
 7.0000e-02  0.0000e+00
 8.0000e-02  0.0000e+00
 9.0000e-02  0.0000e+00
 1.0000e-01  0.0000e+00
 1.1000e-01  0.0000e+00
 1.2000e-01  0.0000e+00
 1.3000e-01  0.0000e+00
 1.4000e-01  0.0000e+00
 1.5000e-01  0.0000e+00
 1.6000e-01  0.0000e+00
 1.7000e-01  0.0000e+00
 1.8000e-01  0.0000e+00
 1.9000e-01  0.0000e+00
 2.0000e-01  0.0000e+00
 2.1000e-01  0.0000e+00
 2.2000e-01  5.3287e-06
 2.3000e-01  6.9718e-06
 2.4000e-01  7.7695e-06
 2.5000e-01  8.1758e-06
 2.6000e-01  8.3661e-06
 2.7000e-01  8.4278e-06
 2.8000e-01  8.4101e-06
 2.9000e-01  8.3426e-06
 3.0000e-01  8.2437e-06
 3.1000e-01  8.1254e-06
 3.2000e-01  7.9957e-06
 3.3000e-01  7.8599e-06
 3.4000e-01  7.7214e-06
 3.5000e-01  7.5827e-06
 3.6000e-01  7.4454e-06
 3.7000e-01  7.3105e-06
 3.8000e-01  7.1788e-06
 3.9000e-01  7.0507e-06
 4.0000e-01  6.9265e-06
 4.1000e-01  6.8062e-06
 4.2000e-01  6.6898e-06
 4.3000e-01  6.5774e-06
 4.4000e-01  6.4689e-06
 4.5000e-01  6.3641e-06
 4.6000e-01  6.2630e-06
 4.7000e-01  6.1654e-06
 4.8000e-01  6.0711e-06
 4.9000e-01  5.9800e-06
 5.0000e-01  5.8921e-06
 5.1000e-01  5.8071e-06
 5.2000e-01  5.7248e-06
 5.3000e-01  5.6453e-06
 5.4000e-01  5.5683e-06
 5.5000e-01  5.4938e-06
 5.6000e-01  5.4216e-06
 5.7000e-01  5.3516e-06
 5.8000e-01  5.2837e-06
 5.9000e-01  5.2179e-06
 6.0000e-01  5.1540e-06
 6.1000e-01  5.0920e-06
 6.2000e-01  5.0317e-06
 6.3000e-01  4.9731e-06
 6.4000e-01  4.9161e-06
 6.5000e-01  4.8607e-06
 6.6000e-01  4.8067e-06
 6.7000e-01  4.7542e-06
 6.8000e-01  4.7031e-06
 6.9000e-01  4.6532e-06
 7.0000e-01  4.6046e-06
 7.1000e-01  4.5573e-06
 7.2000e-01  4.5111e-06
 7.3000e-01  4.4660e-06
 7.4000e-01  4.4220e-06
 7.5000e-01  4.3790e-06
 7.6000e-01  4.3370e-06
 7.7000e-01  4.2960e-06
 7.8000e-01  4.2558e-06
 7.9000e-01  4.2168e-06
 8.0000e-01  4.1785e-06
 8.1000e-01  4.1411e-06
 8.2000e-01  4.1045e-06
 8.3000e-01  4.0686e-06
 8.4000e-01  4.0335e-06
 8.5000e-01  3.9991e-06
 8.6000e-01  3.9654e-06
 8.7000e-01  3.9324e-06
 8.8000e-01  3.9001e-06
 8.9000e-01  3.8684e-06
 9.0000e-01  3.8374e-06
 9.1000e-01  3.8069e-06
 9.2000e-01  3.7771e-06
 9.3000e-01  3.7478e-06
 9.4000e-01  3.7190e-06
 9.5000e-01  3.6908e-06
 9.6000e-01  3.6631e-06
 9.7000e-01  3.6360e-06
 9.8000e-01  3.6093e-06
 9.9000e-01  3.5831e-06
 1.0000e+00  3.5574e-06
 1.0100e+00  3.5321e-06
 1.0200e+00  3.5067e-06
 1.0300e+00  3.4828e-06
 1.0400e+00  3.4589e-06
 1.0500e+00  3.4353e-06
 1.0600e+00  3.4121e-06
 1.0700e+00  3.3893e-06
 1.0800e+00  3.3669e-06
 1.0900e+00  3.3449e-06
 1.1000e+00  3.3232e-06
 1.1100e+00  3.3019e-06
 1.1200e+00  3.2810e-06
 1.1300e+00  3.2603e-06
 1.1400e+00  3.2400e-06
 1.1500e+00  3.2200e-06
 1.1600e+00  3.2004e-06
 1.1700e+00  3.1810e-06
 1.1800e+00  3.1619e-06
 1.1900e+00  3.1432e-06
 1.2000e+00  3.1247e-06
 1.2100e+00  3.1065e-06
 1.2200e+00  3.0885e-06
 1.2300e+00  3.0709e-06
 1.2400e+00  3.0535e-06
 1.2500e+00  3.0363e-06
 1.2600e+00  3.0195e-06
 1.2700e+00  3.0028e-06
 1.2800e+00  2.9864e-06
 1.2900e+00  2.9703e-06
 1.3000e+00  2.9543e-06
 1.3100e+00  2.9386e-06
 1.3200e+00  2.9232e-06
 1.3300e+00  2.9079e-06
 1.3400e+00  2.8929e-06
 1.3500e+00  2.8781e-06
 1.3600e+00  2.8634e-06
 1.3700e+00  2.8490e-06
 1.3800e+00  2.8348e-06
 1.3900e+00  2.8208e-06
 1.4000e+00  2.8069e-06
 1.4100e+00  2.7933e-06
 1.4200e+00  2.7798e-06
 1.4300e+00  2.7666e-06
 1.4400e+00  2.7535e-06
 1.4500e+00  2.7406e-06
 1.4600e+00  2.7278e-06
 1.4700e+00  2.7152e-06
 1.4800e+00  2.7028e-06
 1.4900e+00  2.6906e-06
 1.5000e+00  2.6785e-06
 1.5100e+00  2.6666e-06
 1.5200e+00  2.6548e-06
 1.5300e+00  2.6432e-06
 1.5400e+00  2.6318e-06
 1.5500e+00  2.6205e-06
 1.5600e+00  2.6093e-06
 1.5700e+00  2.5983e-06
 1.5800e+00  2.5874e-06
 1.5900e+00  2.5767e-06
 1.6000e+00  2.5661e-06
 1.6100e+00  2.5556e-06
 1.6200e+00  2.5453e-06
 1.6300e+00  2.5351e-06
 1.6400e+00  2.5250e-06
 1.6500e+00  2.5151e-06
 1.6600e+00  2.5053e-06
 1.6700e+00  2.4956e-06
 1.6800e+00  2.4860e-06
 1.6900e+00  2.4766e-06
 1.7000e+00  2.4673e-06
 1.7100e+00  2.4581e-06
 1.7200e+00  2.4490e-06
 1.7300e+00  2.4400e-06
 1.7400e+00  2.4312e-06
 1.7500e+00  2.4224e-06
 1.7600e+00  2.4138e-06
 1.7700e+00  2.4053e-06
 1.7800e+00  2.3969e-06
 1.7900e+00  2.3886e-06
 1.8000e+00  2.3804e-06
 1.8100e+00  2.3723e-06
 1.8200e+00  2.3643e-06
 1.8300e+00  2.3564e-06
 1.8400e+00  2.3486e-06
 1.8500e+00  2.3409e-06
 1.8600e+00  2.3333e-06
 1.8700e+00  2.3258e-06
 1.8800e+00  2.3184e-06
 1.8900e+00  2.3111e-06
 1.9000e+00  2.3039e-06
 1.9100e+00  2.2967e-06
 1.9200e+00  2.2897e-06
 1.9300e+00  2.2828e-06
 1.9400e+00  2.2759e-06
 1.9500e+00  2.2692e-06
 1.9600e+00  2.2625e-06
 1.9700e+00  2.2559e-06
 1.9800e+00  2.2494e-06
 1.9900e+00  2.2430e-06
