 1.0000e-02  0.0000e+00
 2.0000e-02  0.0000e+00
 3.0000e-02  0.0000e+00
 4.0000e-02  0.0000e+00
 5.0000e-02  0.0000e+00
 6.0000e-02  0.0000e+00
 7.0000e-02  0.0000e+00
 8.0000e-02  0.0000e+00
 9.0000e-02  0.0000e+00
 1.0000e-01  0.0000e+00
 1.1000e-01  0.0000e+00
 1.2000e-01  0.0000e+00
 1.3000e-01  0.0000e+00
 1.4000e-01  0.0000e+00
 1.5000e-01  0.0000e+00
 1.6000e-01  0.0000e+00
 1.7000e-01  0.0000e+00
 1.8000e-01  0.0000e+00
 1.9000e-01  0.0000e+00
 2.0000e-01  0.0000e+00
 2.1000e-01  0.0000e+00
 2.2000e-01  3.5854e-02
 2.3000e-01  5.9410e-02
 2.4000e-01  7.9851e-02
 2.5000e-01  9.8027e-02
 2.6000e-01  1.1426e-01
 2.7000e-01  1.2877e-01
 2.8000e-01  1.4177e-01
 2.9000e-01  1.2846e-01
 3.0000e-01  1.0682e-01
 3.1000e-01  8.8812e-02
 3.2000e-01  7.5210e-02
 3.3000e-01  6.5005e-02
 3.4000e-01  5.7217e-02
 3.5000e-01  5.1130e-02
 3.6000e-01  4.6255e-02
 3.7000e-01  4.2256e-02
 3.8000e-01  3.8899e-02
 3.9000e-01  3.5928e-02
 4.0000e-01  3.3220e-02
 4.1000e-01  3.0887e-02
 4.2000e-01  2.8830e-02
 4.3000e-01  2.6977e-02
 4.4000e-01  2.5278e-02
 4.5000e-01  2.3695e-02
 4.6000e-01  2.2203e-02
 4.7000e-01  2.0786e-02
 4.8000e-01  1.9437e-02
 4.9000e-01  1.8146e-02
 5.0000e-01  1.6911e-02
 5.1000e-01  1.5727e-02
 5.2000e-01  1.4593e-02
 5.3000e-01  1.3508e-02
 5.4000e-01  1.2471e-02
 5.5000e-01  1.1480e-02
 5.6000e-01  1.0537e-02
 5.7000e-01  9.6389e-03
 5.8000e-01  8.7860e-03
 5.9000e-01  7.9770e-03
 6.0000e-01  7.2125e-03
 6.1000e-01  6.4921e-03
 6.2000e-01  5.8165e-03
 6.3000e-01  5.1859e-03
 6.4000e-01  4.6003e-03
 6.5000e-01  4.0600e-03
 6.6000e-01  3.5654e-03
 6.7000e-01  3.1172e-03
 6.8000e-01  2.7155e-03
 6.9000e-01  2.3597e-03
 7.0000e-01  2.0489e-03
 7.1000e-01  1.7819e-03
 7.2000e-01  1.5567e-03
 7.3000e-01  1.3697e-03
 7.4000e-01  1.2131e-03
 7.5000e-01  1.0674e-03
 7.6000e-01  8.8097e-04
 7.7000e-01  5.3884e-04
 7.8000e-01  1.1277e-04
 7.9000e-01  2.7838e-04
 8.0000e-01  7.5176e-04
 8.1000e-01  1.1396e-03
 8.2000e-01  1.4666e-03
 8.3000e-01  1.7711e-03
 8.4000e-01  2.0706e-03
 8.5000e-01  2.3702e-03
 8.6000e-01  2.6682e-03
 8.7000e-01  2.9590e-03
 8.8000e-01  3.2330e-03
 8.9000e-01  3.4792e-03
 9.0000e-01  3.6703e-03
 9.1000e-01  3.8140e-03
 9.2000e-01  3.9171e-03
 9.3000e-01  3.9814e-03
 9.4000e-01  4.0105e-03
 9.5000e-01  4.0083e-03
 9.6000e-01  3.9793e-03
 9.7000e-01  3.9290e-03
 9.8000e-01  3.8633e-03
 9.9000e-01  3.7828e-03
 1.0000e+00  3.7075e-03
 1.0100e+00  3.6479e-03
 1.0200e+00  3.3817e-03
 1.0300e+00  3.3821e-03
 1.0400e+00  3.3347e-03
 1.0500e+00  3.2780e-03
 1.0600e+00  3.2234e-03
 1.0700e+00  3.1733e-03
 1.0800e+00  3.1283e-03
 1.0900e+00  3.0885e-03
 1.1000e+00  3.0542e-03
 1.1100e+00  3.0256e-03
 1.1200e+00  3.0026e-03
 1.1300e+00  2.9848e-03
 1.1400e+00  2.9720e-03
 1.1500e+00  2.9632e-03
 1.1600e+00  2.9573e-03
 1.1700e+00  2.9531e-03
 1.1800e+00  2.9495e-03
 1.1900e+00  2.9454e-03
 1.2000e+00  2.9407e-03
 1.2100e+00  2.9355e-03
 1.2200e+00  2.9309e-03
 1.2300e+00  2.9279e-03
 1.2400e+00  2.9272e-03
 1.2500e+00  2.9289e-03
 1.2600e+00  2.9328e-03
 1.2700e+00  2.9389e-03
 1.2800e+00  2.9471e-03
 1.2900e+00  2.9575e-03
 1.3000e+00  2.9705e-03
 1.3100e+00  2.9866e-03
 1.3200e+00  3.0054e-03
 1.3300e+00  3.0263e-03
 1.3400e+00  3.0489e-03
 1.3500e+00  3.0719e-03
 1.3600e+00  3.0943e-03
 1.3700e+00  3.1147e-03
 1.3800e+00  3.1319e-03
 1.3900e+00  3.1447e-03
 1.4000e+00  3.1532e-03
 1.4100e+00  3.1580e-03
 1.4200e+00  3.1597e-03
 1.4300e+00  3.1585e-03
 1.4400e+00  3.1549e-03
 1.4500e+00  3.1475e-03
 1.4600e+00  3.1346e-03
 1.4700e+00  3.1146e-03
 1.4800e+00  3.0871e-03
 1.4900e+00  2.9192e-03
 1.5000e+00  2.8044e-03
 1.5100e+00  2.7380e-03
 1.5200e+00  2.6984e-03
 1.5300e+00  2.6738e-03
 1.5400e+00  2.6547e-03
 1.5500e+00  2.6322e-03
 1.5600e+00  2.6004e-03
 1.5700e+00  2.5625e-03
 1.5800e+00  2.5237e-03
 1.5900e+00  2.4887e-03
 1.6000e+00  2.4614e-03
 1.6100e+00  2.4445e-03
 1.6200e+00  2.4385e-03
 1.6300e+00  2.4441e-03
 1.6400e+00  2.4409e-03
 1.6500e+00  2.4229e-03
 1.6600e+00  2.4163e-03
 1.6700e+00  2.4185e-03
 1.6800e+00  2.4253e-03
 1.6900e+00  2.4322e-03
 1.7000e+00  2.4338e-03
 1.7100e+00  2.4265e-03
 1.7200e+00  2.4256e-03
 1.7300e+00  2.4229e-03
 1.7400e+00  2.4209e-03
 1.7500e+00  2.4223e-03
 1.7600e+00  2.4291e-03
 1.7700e+00  2.4417e-03
 1.7800e+00  2.4599e-03
 1.7900e+00  2.4839e-03
 1.8000e+00  2.5137e-03
 1.8100e+00  2.5492e-03
 1.8200e+00  2.5892e-03
 1.8300e+00  2.6324e-03
 1.8400e+00  2.6769e-03
 1.8500e+00  2.7210e-03
 1.8600e+00  2.7623e-03
 1.8700e+00  2.7992e-03
 1.8800e+00  2.8292e-03
 1.8900e+00  2.8504e-03
 1.9000e+00  2.8606e-03
 1.9100e+00  2.8583e-03
 1.9200e+00  2.8429e-03
 1.9300e+00  2.8150e-03
 1.9400e+00  2.7750e-03
 1.9500e+00  2.7240e-03
 1.9600e+00  2.6659e-03
 1.9700e+00  2.6154e-03
 1.9800e+00  2.5876e-03
 1.9900e+00  2.5973e-03
