 0.0000e+00  0.0000e+00
 3.0030e-03  0.0000e+00
 6.0060e-03  0.0000e+00
 9.0090e-03  0.0000e+00
 1.2012e-02  0.0000e+00
 1.5015e-02  0.0000e+00
 1.8018e-02  0.0000e+00
 2.1021e-02  0.0000e+00
 2.4024e-02  0.0000e+00
 2.7027e-02  0.0000e+00
 3.0030e-02  0.0000e+00
 3.3033e-02  0.0000e+00
 3.6036e-02  0.0000e+00
 3.9039e-02  0.0000e+00
 4.2042e-02  0.0000e+00
 4.5045e-02  0.0000e+00
 4.8048e-02  0.0000e+00
 5.1051e-02  0.0000e+00
 5.4054e-02  0.0000e+00
 5.7057e-02  0.0000e+00
 6.0060e-02  0.0000e+00
 6.3063e-02  0.0000e+00
 6.6066e-02  0.0000e+00
 6.9069e-02  0.0000e+00
 7.2072e-02  0.0000e+00
 7.5075e-02  0.0000e+00
 7.8078e-02  0.0000e+00
 8.1081e-02  0.0000e+00
 8.4084e-02  0.0000e+00
 8.7087e-02  0.0000e+00
 9.0090e-02  0.0000e+00
 9.3093e-02  0.0000e+00
 9.6096e-02  0.0000e+00
 9.9099e-02  0.0000e+00
 1.0210e-01  0.0000e+00
 1.0511e-01  0.0000e+00
 1.0811e-01  0.0000e+00
 1.1111e-01  0.0000e+00
 1.1411e-01  0.0000e+00
 1.1712e-01  0.0000e+00
 1.2012e-01  0.0000e+00
 1.2312e-01  0.0000e+00
 1.2613e-01  0.0000e+00
 1.2913e-01  0.0000e+00
 1.3213e-01  0.0000e+00
 1.3514e-01  0.0000e+00
 1.3814e-01  0.0000e+00
 1.4114e-01  0.0000e+00
 1.4414e-01  0.0000e+00
 1.4715e-01  0.0000e+00
 1.5015e-01  0.0000e+00
 1.5315e-01  0.0000e+00
 1.5616e-01  0.0000e+00
 1.5916e-01  0.0000e+00
 1.6216e-01  0.0000e+00
 1.6517e-01  0.0000e+00
 1.6817e-01  0.0000e+00
 1.7117e-01  0.0000e+00
 1.7417e-01  0.0000e+00
 1.7718e-01  0.0000e+00
 1.8018e-01  0.0000e+00
 1.8318e-01  0.0000e+00
 1.8619e-01  0.0000e+00
 1.8919e-01  0.0000e+00
 1.9219e-01  0.0000e+00
 1.9520e-01  0.0000e+00
 1.9820e-01  0.0000e+00
 2.0120e-01  0.0000e+00
 2.0420e-01  0.0000e+00
 2.0721e-01  0.0000e+00
 2.1021e-01  0.0000e+00
 2.1321e-01  2.1785e-02
 2.1622e-01  3.0873e-02
 2.1922e-01  3.4863e-02
 2.2222e-01  3.6613e-02
 2.2523e-01  3.7121e-02
 2.2823e-01  3.6881e-02
 2.3123e-01  3.6176e-02
 2.3423e-01  3.5178e-02
 2.3724e-01  3.4004e-02
 2.4024e-01  3.2729e-02
 2.4324e-01  3.1401e-02
 2.4625e-01  3.0059e-02
 2.4925e-01  2.8726e-02
 2.5225e-01  2.7418e-02
 2.5526e-01  2.6147e-02
 2.5826e-01  2.4920e-02
 2.6126e-01  2.3740e-02
 2.6426e-01  2.2610e-02
 2.6727e-01  2.1532e-02
 2.7027e-01  2.0505e-02
 2.7327e-01  1.9528e-02
 2.7628e-01  1.8600e-02
 2.7928e-01  1.7719e-02
 2.8228e-01  1.6883e-02
 2.8529e-01  1.6091e-02
 2.8829e-01  1.5341e-02
 2.9129e-01  1.4629e-02
 2.9429e-01  1.3955e-02
 2.9730e-01  1.3317e-02
 3.0030e-01  1.2711e-02
 3.0330e-01  1.2138e-02
 3.0631e-01  1.1594e-02
 3.0931e-01  1.1078e-02
 3.1231e-01  1.0588e-02
 3.1532e-01  1.0124e-02
 3.1832e-01  9.6828e-03
 3.2132e-01  9.2641e-03
 3.2432e-01  8.8663e-03
 3.2733e-01  8.4882e-03
 3.3033e-01  8.1287e-03
 3.3333e-01  7.7868e-03
 3.3634e-01  7.4615e-03
 3.3934e-01  7.1517e-03
 3.4234e-01  6.8567e-03
 3.4535e-01  6.5759e-03
 3.4835e-01  6.3080e-03
 3.5135e-01  6.0525e-03
 3.5435e-01  5.8090e-03
 3.5736e-01  5.5768e-03
 3.6036e-01  5.3549e-03
 3.6336e-01  5.1431e-03
 3.6637e-01  4.9407e-03
 3.6937e-01  4.7474e-03
 3.7237e-01  4.5625e-03
 3.7538e-01  4.3857e-03
 3.7838e-01  4.2163e-03
 3.8138e-01  4.0545e-03
 3.8438e-01  3.8995e-03
 3.8739e-01  3.7511e-03
 3.9039e-01  3.6088e-03
 3.9339e-01  3.4725e-03
 3.9640e-01  3.3419e-03
 3.9940e-01  3.2167e-03
 4.0240e-01  3.0965e-03
 4.0541e-01  2.9811e-03
 4.0841e-01  2.8705e-03
 4.1141e-01  2.7642e-03
 4.1441e-01  2.6623e-03
 4.1742e-01  2.5642e-03
 4.2042e-01  2.4698e-03
 4.2342e-01  2.3755e-03
 4.2643e-01  2.2817e-03
 4.2943e-01  2.1887e-03
 4.3243e-01  2.0970e-03
 4.3544e-01  2.0067e-03
 4.3844e-01  1.9183e-03
 4.4144e-01  1.8319e-03
 4.4444e-01  1.7478e-03
 4.4745e-01  1.6659e-03
 4.5045e-01  1.5866e-03
 4.5345e-01  1.5099e-03
 4.5646e-01  1.4359e-03
 4.5946e-01  1.3645e-03
 4.6246e-01  1.2959e-03
 4.6547e-01  1.2300e-03
 4.6847e-01  1.1668e-03
 4.7147e-01  1.1062e-03
 4.7447e-01  1.0483e-03
 4.7748e-01  9.9300e-04
 4.8048e-01  9.4020e-04
 4.8348e-01  8.8985e-04
 4.8649e-01  8.4187e-04
 4.8949e-01  7.9619e-04
 4.9249e-01  7.5274e-04
 4.9550e-01  7.1142e-04
 4.9850e-01  6.7217e-04
 5.0150e-01  6.3489e-04
 5.0450e-01  5.9951e-04
 5.0751e-01  5.6594e-04
 5.1051e-01  5.3412e-04
 5.1351e-01  5.0395e-04
 5.1652e-01  4.7536e-04
 5.1952e-01  4.4827e-04
 5.2252e-01  4.2261e-04
 5.2553e-01  3.9834e-04
 5.2853e-01  3.7538e-04
 5.3153e-01  3.5365e-04
 5.3453e-01  3.3308e-04
 5.3754e-01  3.0219e-04
 5.4054e-01  2.8429e-04
 5.4354e-01  2.6737e-04
 5.4655e-01  2.5137e-04
 5.4955e-01  2.3622e-04
 5.5255e-01  2.2216e-04
 5.5556e-01  2.0880e-04
 5.5856e-01  1.9611e-04
 5.6156e-01  1.8422e-04
 5.6456e-01  1.7289e-04
 5.6757e-01  1.6227e-04
 5.7057e-01  1.5225e-04
 5.7357e-01  1.4254e-04
 5.7658e-01  1.3424e-04
 5.7958e-01  1.2544e-04
 5.8258e-01  1.1771e-04
 5.8559e-01  1.1020e-04
 5.8859e-01  1.0348e-04
 5.9159e-01  9.6551e-05
 5.9459e-01  9.0719e-05
 5.9760e-01  8.4729e-05
 6.0060e-01  7.9266e-05
 6.0360e-01  7.3971e-05
 6.0661e-01  6.9159e-05
 6.0961e-01  6.4739e-05
 6.1261e-01  6.0427e-05
 6.1562e-01  5.6296e-05
 6.1862e-01  5.2568e-05
 6.2162e-01  4.8974e-05
 6.2462e-01  4.5654e-05
 6.2763e-01  4.2512e-05
 6.3063e-01  3.9489e-05
 6.3363e-01  3.6717e-05
 6.3664e-01  3.4150e-05
 6.3964e-01  3.1688e-05
 6.4264e-01  2.9396e-05
 6.4565e-01  2.7277e-05
 6.4865e-01  2.5272e-05
 6.5165e-01  2.3378e-05
 6.5465e-01  2.1629e-05
 6.5766e-01  1.9971e-05
 6.6066e-01  1.8432e-05
 6.6366e-01  1.7003e-05
 6.6667e-01  1.5658e-05
 6.6967e-01  1.4397e-05
 6.7267e-01  1.3224e-05
 6.7568e-01  1.2136e-05
 6.7868e-01  1.1118e-05
 6.8168e-01  1.0166e-05
 6.8468e-01  9.2837e-06
 6.8769e-01  8.4628e-06
 6.9069e-01  7.7009e-06
 6.9369e-01  6.9928e-06
 6.9670e-01  6.3370e-06
 6.9970e-01  5.7305e-06
 7.0270e-01  5.1672e-06
 7.0571e-01  4.6482e-06
 7.0871e-01  4.1688e-06
 7.1171e-01  3.7268e-06
 7.1471e-01  3.3209e-06
 7.1772e-01  2.9479e-06
 7.2072e-01  2.6059e-06
 7.2372e-01  2.2934e-06
 7.2673e-01  2.0080e-06
 7.2973e-01  1.7485e-06
 7.3273e-01  1.5130e-06
 7.3574e-01  1.3000e-06
 7.3874e-01  1.1082e-06
 7.4174e-01  9.3613e-07
 7.4474e-01  7.8253e-07
 7.4775e-01  6.4621e-07
 7.5075e-01  5.2608e-07
 7.5375e-01  4.2102e-07
 7.5676e-01  3.3006e-07
 7.5976e-01  2.5225e-07
 7.6276e-01  1.8672e-07
 7.6577e-01  1.3263e-07
 7.6877e-01  8.9201e-08
 7.7177e-01  5.5701e-08
 7.7477e-01  3.1437e-08
 7.7778e-01  1.5762e-08
 7.8078e-01  8.0229e-09
 7.8378e-01  7.3673e-09
 7.8679e-01  1.2842e-08
 7.8979e-01  2.3810e-08
 7.9279e-01  3.9802e-08
 7.9580e-01  6.0419e-08
 7.9880e-01  8.5306e-08
 8.0180e-01  1.1316e-07
 8.0480e-01  1.4321e-07
 8.0781e-01  1.7552e-07
 8.1081e-01  2.0969e-07
 8.1381e-01  2.4538e-07
 8.1682e-01  2.8231e-07
 8.1982e-01  3.2020e-07
 8.2282e-01  3.5884e-07
 8.2583e-01  3.9804e-07
 8.2883e-01  4.3764e-07
 8.3183e-01  4.7749e-07
 8.3483e-01  5.1750e-07
 8.3784e-01  5.5754e-07
 8.4084e-01  5.9754e-07
 8.4384e-01  6.3748e-07
 8.4685e-01  6.7724e-07
 8.4985e-01  7.1686e-07
 8.5285e-01  7.5618e-07
 8.5586e-01  7.9527e-07
 8.5886e-01  8.3407e-07
 8.6186e-01  8.7251e-07
 8.6486e-01  9.1061e-07
 8.6787e-01  9.4830e-07
 8.7087e-01  9.8559e-07
 8.7387e-01  1.0223e-06
 8.7688e-01  1.0586e-06
 8.7988e-01  1.0943e-06
 8.8288e-01  1.1293e-06
 8.8589e-01  1.1635e-06
 8.8889e-01  1.1970e-06
 8.9189e-01  1.2344e-06
 8.9489e-01  1.2534e-06
 8.9790e-01  1.2719e-06
 9.0090e-01  1.2896e-06
 9.0390e-01  1.3067e-06
 9.0691e-01  1.3228e-06
 9.0991e-01  1.3382e-06
 9.1291e-01  1.3527e-06
 9.1592e-01  1.3667e-06
 9.1892e-01  1.3798e-06
 9.2192e-01  1.3923e-06
 9.2492e-01  1.4042e-06
 9.2793e-01  1.4157e-06
 9.3093e-01  1.4267e-06
 9.3393e-01  1.4374e-06
 9.3694e-01  1.4479e-06
 9.3994e-01  1.4584e-06
 9.4294e-01  1.4692e-06
 9.4595e-01  1.4803e-06
 9.4895e-01  1.4922e-06
 9.5195e-01  1.5049e-06
 9.5495e-01  1.5190e-06
 9.5796e-01  1.5349e-06
 9.6096e-01  1.5532e-06
 9.6396e-01  1.5745e-06
 9.6697e-01  1.5998e-06
 9.6997e-01  1.6303e-06
 9.7297e-01  1.6674e-06
 9.7598e-01  1.7136e-06
 9.7898e-01  1.7717e-06
 9.8198e-01  1.8467e-06
 9.8498e-01  1.9456e-06
 9.8799e-01  2.0802e-06
 9.9099e-01  2.2294e-06
 9.9399e-01  2.3282e-06
 9.9700e-01  2.2580e-06
 1.0000e+00  1.8961e-06
 1.0030e+00  1.3036e-06
 1.0060e+00  7.3251e-07
 1.0090e+00  3.4576e-07
 1.0120e+00  1.3625e-07
 1.0150e+00  4.1134e-08
 1.0180e+00  9.3440e-09
 1.0210e+00  1.0296e-08
 1.0240e+00  2.7631e-08
 1.0270e+00  5.2539e-08
 1.0300e+00  8.0393e-08
 1.0330e+00  1.0873e-07
 1.0360e+00  1.3624e-07
 1.0390e+00  1.6222e-07
 1.0420e+00  1.8632e-07
 1.0450e+00  2.0841e-07
 1.0480e+00  2.2844e-07
 1.0511e+00  2.4644e-07
 1.0541e+00  2.6251e-07
 1.0571e+00  2.7675e-07
 1.0601e+00  2.8929e-07
 1.0631e+00  3.0026e-07
 1.0661e+00  3.0984e-07
 1.0691e+00  3.1816e-07
 1.0721e+00  3.2538e-07
 1.0751e+00  3.3168e-07
 1.0781e+00  3.3720e-07
 1.0811e+00  3.4214e-07
 1.0841e+00  3.4662e-07
 1.0871e+00  3.5084e-07
 1.0901e+00  3.5496e-07
 1.0931e+00  3.5905e-07
 1.0961e+00  3.6317e-07
 1.0991e+00  3.6732e-07
 1.1021e+00  3.7155e-07
 1.1051e+00  3.7585e-07
 1.1081e+00  3.8020e-07
 1.1111e+00  3.8462e-07
 1.1141e+00  3.8908e-07
 1.1171e+00  3.9356e-07
 1.1201e+00  3.9803e-07
 1.1231e+00  4.0242e-07
 1.1261e+00  4.0674e-07
 1.1291e+00  4.1090e-07
 1.1321e+00  4.1482e-07
 1.1351e+00  4.1850e-07
 1.1381e+00  4.2182e-07
 1.1411e+00  4.2474e-07
 1.1441e+00  4.2728e-07
 1.1471e+00  4.2943e-07
 1.1502e+00  4.3124e-07
 1.1532e+00  4.3272e-07
 1.1562e+00  4.3389e-07
 1.1592e+00  4.3480e-07
 1.1622e+00  4.3546e-07
 1.1652e+00  4.3590e-07
 1.1682e+00  4.3615e-07
 1.1712e+00  4.3625e-07
 1.1742e+00  4.3623e-07
 1.1772e+00  4.3611e-07
 1.1802e+00  4.3597e-07
 1.1832e+00  4.3581e-07
 1.1862e+00  4.3568e-07
 1.1892e+00  4.3560e-07
 1.1922e+00  4.3562e-07
 1.1952e+00  4.3571e-07
 1.1982e+00  4.3587e-07
 1.2012e+00  4.3604e-07
 1.2042e+00  4.3626e-07
 1.2072e+00  4.3649e-07
 1.2102e+00  4.3674e-07
 1.2132e+00  4.3697e-07
 1.2162e+00  4.3720e-07
 1.2192e+00  4.3740e-07
 1.2222e+00  4.3756e-07
 1.2252e+00  4.3765e-07
 1.2282e+00  4.3769e-07
 1.2312e+00  4.3765e-07
 1.2342e+00  4.3750e-07
 1.2372e+00  4.3727e-07
 1.2402e+00  4.3692e-07
 1.2432e+00  4.3645e-07
 1.2462e+00  4.3590e-07
 1.2492e+00  4.3526e-07
 1.2523e+00  4.3459e-07
 1.2553e+00  4.3388e-07
 1.2583e+00  4.3314e-07
 1.2613e+00  4.3243e-07
 1.2643e+00  4.3173e-07
 1.2673e+00  4.3108e-07
 1.2703e+00  4.3051e-07
 1.2733e+00  4.3001e-07
 1.2763e+00  4.2962e-07
 1.2793e+00  4.2935e-07
 1.2823e+00  4.2924e-07
 1.2853e+00  4.2929e-07
 1.2883e+00  4.2955e-07
 1.2913e+00  4.3000e-07
 1.2943e+00  4.3068e-07
 1.2973e+00  4.3156e-07
 1.3003e+00  4.3261e-07
 1.3033e+00  4.3387e-07
 1.3063e+00  4.3530e-07
 1.3093e+00  4.3690e-07
 1.3123e+00  4.3863e-07
 1.3153e+00  4.4050e-07
 1.3183e+00  4.4248e-07
 1.3213e+00  4.4454e-07
 1.3243e+00  4.4672e-07
 1.3273e+00  4.4891e-07
 1.3303e+00  4.5118e-07
 1.3333e+00  4.5345e-07
 1.3363e+00  4.5572e-07
 1.3393e+00  4.5798e-07
 1.3423e+00  4.6019e-07
 1.3453e+00  4.6238e-07
 1.3483e+00  4.6455e-07
 1.3514e+00  4.6669e-07
 1.3544e+00  4.6881e-07
 1.3574e+00  4.7096e-07
 1.3604e+00  4.7307e-07
 1.3634e+00  4.7521e-07
 1.3664e+00  4.7736e-07
 1.3694e+00  4.7954e-07
 1.3724e+00  4.8175e-07
 1.3754e+00  4.8400e-07
 1.3784e+00  4.8632e-07
 1.3814e+00  4.8867e-07
 1.3844e+00  4.9111e-07
 1.3874e+00  4.9363e-07
 1.3904e+00  4.9626e-07
 1.3934e+00  4.9899e-07
 1.3964e+00  5.0178e-07
 1.3994e+00  5.0464e-07
 1.4024e+00  5.0493e-07
 1.4054e+00  5.0585e-07
 1.4084e+00  5.0666e-07
 1.4114e+00  5.0737e-07
 1.4144e+00  5.0800e-07
 1.4174e+00  5.0852e-07
 1.4204e+00  5.0897e-07
 1.4234e+00  5.0930e-07
 1.4264e+00  5.0957e-07
 1.4294e+00  5.0976e-07
 1.4324e+00  5.0987e-07
 1.4354e+00  5.0990e-07
 1.4384e+00  5.0988e-07
 1.4414e+00  5.0978e-07
 1.4444e+00  5.0967e-07
 1.4474e+00  5.0951e-07
 1.4505e+00  5.0933e-07
 1.4535e+00  5.0917e-07
 1.4565e+00  5.0892e-07
 1.4595e+00  5.0861e-07
 1.4625e+00  5.0814e-07
 1.4655e+00  5.0746e-07
 1.4685e+00  5.0655e-07
 1.4715e+00  5.0535e-07
 1.4745e+00  5.0378e-07
 1.4775e+00  5.1828e-07
 1.4805e+00  5.1876e-07
 1.4835e+00  5.1564e-07
 1.4865e+00  5.1200e-07
 1.4895e+00  5.0775e-07
 1.4925e+00  5.0288e-07
 1.4955e+00  4.9733e-07
 1.4985e+00  4.9112e-07
 1.5015e+00  4.8500e-07
 1.5045e+00  4.7900e-07
 1.5075e+00  4.7243e-07
 1.5105e+00  4.6539e-07
 1.5135e+00  4.5793e-07
 1.5165e+00  4.5016e-07
 1.5195e+00  4.4216e-07
 1.5225e+00  4.3400e-07
 1.5255e+00  4.2577e-07
 1.5285e+00  4.1751e-07
 1.5315e+00  4.0928e-07
 1.5345e+00  4.0115e-07
 1.5375e+00  3.9314e-07
 1.5405e+00  3.8530e-07
 1.5435e+00  3.7767e-07
 1.5465e+00  3.7027e-07
 1.5495e+00  3.6314e-07
 1.5526e+00  3.5629e-07
 1.5556e+00  3.4975e-07
 1.5586e+00  3.4352e-07
 1.5616e+00  3.3761e-07
 1.5646e+00  3.3203e-07
 1.5676e+00  3.2680e-07
 1.5706e+00  3.2191e-07
 1.5736e+00  3.1738e-07
 1.5766e+00  3.1320e-07
 1.5796e+00  3.0937e-07
 1.5826e+00  3.0592e-07
 1.5856e+00  3.0283e-07
 1.5886e+00  3.0013e-07
 1.5916e+00  2.9781e-07
 1.5946e+00  2.9589e-07
 1.5976e+00  2.9440e-07
 1.6006e+00  2.9335e-07
 1.6036e+00  2.9274e-07
 1.6066e+00  2.9257e-07
 1.6096e+00  2.9282e-07
 1.6126e+00  2.9349e-07
 1.6156e+00  2.9454e-07
 1.6186e+00  2.9600e-07
 1.6216e+00  2.9783e-07
 1.6246e+00  3.0006e-07
 1.6276e+00  3.0267e-07
 1.6306e+00  3.0564e-07
 1.6336e+00  3.0902e-07
 1.6366e+00  3.1136e-07
 1.6396e+00  3.1183e-07
 1.6426e+00  3.1241e-07
 1.6456e+00  3.1307e-07
 1.6486e+00  3.1379e-07
 1.6517e+00  3.1452e-07
 1.6547e+00  3.1526e-07
 1.6577e+00  3.1601e-07
 1.6607e+00  3.1675e-07
 1.6637e+00  3.1750e-07
 1.6667e+00  3.1826e-07
 1.6697e+00  3.1903e-07
 1.6727e+00  3.1983e-07
 1.6757e+00  3.2065e-07
 1.6787e+00  3.2151e-07
 1.6817e+00  3.2243e-07
 1.6847e+00  3.2340e-07
 1.6877e+00  3.2445e-07
 1.6907e+00  3.2560e-07
 1.6937e+00  3.2688e-07
 1.6967e+00  3.2833e-07
 1.6997e+00  3.3000e-07
 1.7027e+00  3.3193e-07
 1.7057e+00  3.3411e-07
 1.7087e+00  3.3655e-07
 1.7117e+00  3.3719e-07
 1.7147e+00  3.3719e-07
 1.7177e+00  3.3719e-07
 1.7207e+00  3.3719e-07
 1.7237e+00  3.3719e-07
 1.7267e+00  3.3719e-07
 1.7297e+00  3.3719e-07
 1.7327e+00  3.3719e-07
 1.7357e+00  3.3719e-07
 1.7387e+00  3.3719e-07
 1.7417e+00  3.3719e-07
 1.7447e+00  3.3719e-07
 1.7477e+00  3.3719e-07
 1.7508e+00  3.3719e-07
 1.7538e+00  3.3719e-07
 1.7568e+00  3.3719e-07
 1.7598e+00  3.3719e-07
 1.7628e+00  3.3719e-07
 1.7658e+00  3.3719e-07
 1.7688e+00  3.3719e-07
 1.7718e+00  3.3719e-07
 1.7748e+00  3.3719e-07
 1.7778e+00  3.3719e-07
 1.7808e+00  3.3719e-07
 1.7838e+00  3.3720e-07
 1.7868e+00  3.3719e-07
 1.7898e+00  3.3719e-07
 1.7928e+00  3.3719e-07
 1.7958e+00  3.3720e-07
 1.7988e+00  3.3719e-07
 1.8018e+00  3.3719e-07
 1.8048e+00  3.3719e-07
 1.8078e+00  3.3719e-07
 1.8108e+00  3.3720e-07
 1.8138e+00  3.3720e-07
 1.8168e+00  3.3720e-07
 1.8198e+00  3.3720e-07
 1.8228e+00  3.3719e-07
 1.8258e+00  3.3719e-07
 1.8288e+00  3.3719e-07
 1.8318e+00  3.3720e-07
 1.8348e+00  3.3719e-07
 1.8378e+00  3.3719e-07
 1.8408e+00  3.3720e-07
 1.8438e+00  3.3719e-07
 1.8468e+00  3.3719e-07
 1.8498e+00  3.3720e-07
 1.8529e+00  3.3719e-07
 1.8559e+00  3.3719e-07
 1.8589e+00  3.3719e-07
 1.8619e+00  3.2982e-07
 1.8649e+00  3.2547e-07
 1.8679e+00  3.2245e-07
 1.8709e+00  3.2004e-07
 1.8739e+00  3.1798e-07
 1.8769e+00  3.1617e-07
 1.8799e+00  3.1454e-07
 1.8829e+00  3.1306e-07
 1.8859e+00  3.1170e-07
 1.8889e+00  3.1043e-07
 1.8919e+00  3.0924e-07
 1.8949e+00  3.0813e-07
 1.8979e+00  3.0707e-07
 1.9009e+00  3.0607e-07
 1.9039e+00  3.0512e-07
 1.9069e+00  3.0421e-07
 1.9099e+00  3.0334e-07
 1.9129e+00  3.0251e-07
 1.9159e+00  3.0171e-07
 1.9189e+00  3.0095e-07
 1.9219e+00  3.0020e-07
 1.9249e+00  2.9949e-07
 1.9279e+00  2.9880e-07
 1.9309e+00  2.9813e-07
 1.9339e+00  2.9748e-07
 1.9369e+00  2.9686e-07
 1.9399e+00  2.9625e-07
 1.9429e+00  2.9566e-07
 1.9459e+00  2.9509e-07
 1.9489e+00  2.9452e-07
 1.9520e+00  2.9398e-07
 1.9550e+00  2.9345e-07
 1.9580e+00  2.9294e-07
 1.9610e+00  2.9244e-07
 1.9640e+00  2.9194e-07
 1.9670e+00  2.9147e-07
 1.9700e+00  2.9100e-07
 1.9730e+00  2.9054e-07
 1.9760e+00  2.9009e-07
 1.9790e+00  2.8966e-07
 1.9820e+00  2.8924e-07
 1.9850e+00  2.8882e-07
 1.9880e+00  2.8841e-07
 1.9910e+00  2.8801e-07
 1.9940e+00  2.8762e-07
 1.9970e+00  2.8724e-07
 2.0000e+00  2.8686e-07
 2.0030e+00  2.8649e-07
 2.0060e+00  2.8613e-07
 2.0090e+00  2.8577e-07
 2.0120e+00  2.8542e-07
 2.0150e+00  2.8508e-07
 2.0180e+00  2.8475e-07
 2.0210e+00  2.8442e-07
 2.0240e+00  2.8409e-07
 2.0270e+00  2.8377e-07
 2.0300e+00  2.8346e-07
 2.0330e+00  2.8315e-07
 2.0360e+00  2.8285e-07
 2.0390e+00  2.8255e-07
 2.0420e+00  2.8226e-07
 2.0450e+00  2.8198e-07
 2.0480e+00  2.8169e-07
 2.0511e+00  2.8141e-07
 2.0541e+00  2.8114e-07
 2.0571e+00  2.8087e-07
 2.0601e+00  2.8061e-07
 2.0631e+00  2.8035e-07
 2.0661e+00  2.8009e-07
 2.0691e+00  2.7984e-07
 2.0721e+00  2.7959e-07
 2.0751e+00  2.7934e-07
 2.0781e+00  2.7910e-07
 2.0811e+00  2.7886e-07
 2.0841e+00  2.7863e-07
 2.0871e+00  2.7839e-07
 2.0901e+00  2.7817e-07
 2.0931e+00  2.7794e-07
 2.0961e+00  2.7772e-07
 2.0991e+00  2.7750e-07
 2.1021e+00  2.7728e-07
 2.1051e+00  2.7707e-07
 2.1081e+00  2.7686e-07
 2.1111e+00  2.7665e-07
 2.1141e+00  2.7645e-07
 2.1171e+00  2.7625e-07
 2.1201e+00  2.7605e-07
 2.1231e+00  2.7585e-07
 2.1261e+00  2.7566e-07
 2.1291e+00  2.7547e-07
 2.1321e+00  2.7528e-07
 2.1351e+00  2.7509e-07
 2.1381e+00  2.7491e-07
 2.1411e+00  2.7473e-07
 2.1441e+00  2.7455e-07
 2.1471e+00  2.7437e-07
 2.1502e+00  2.7420e-07
 2.1532e+00  2.7403e-07
 2.1562e+00  2.7385e-07
 2.1592e+00  2.7369e-07
 2.1622e+00  2.7352e-07
 2.1652e+00  2.7336e-07
 2.1682e+00  2.7319e-07
 2.1712e+00  2.7303e-07
 2.1742e+00  2.7287e-07
 2.1772e+00  2.7272e-07
 2.1802e+00  2.7256e-07
 2.1832e+00  2.7241e-07
 2.1862e+00  2.7226e-07
 2.1892e+00  2.7211e-07
 2.1922e+00  2.7196e-07
 2.1952e+00  2.7181e-07
 2.1982e+00  2.7167e-07
 2.2012e+00  2.7153e-07
 2.2042e+00  2.7138e-07
 2.2072e+00  2.7125e-07
 2.2102e+00  2.7111e-07
 2.2132e+00  2.7097e-07
 2.2162e+00  2.7084e-07
 2.2192e+00  2.7070e-07
 2.2222e+00  2.7057e-07
 2.2252e+00  2.7044e-07
 2.2282e+00  2.7031e-07
 2.2312e+00  2.7018e-07
 2.2342e+00  2.7005e-07
 2.2372e+00  2.6993e-07
 2.2402e+00  2.6980e-07
 2.2432e+00  2.6968e-07
 2.2462e+00  2.6956e-07
 2.2492e+00  2.6944e-07
 2.2523e+00  2.6932e-07
 2.2553e+00  2.6920e-07
 2.2583e+00  2.6909e-07
 2.2613e+00  2.6897e-07
 2.2643e+00  2.6886e-07
 2.2673e+00  2.6875e-07
 2.2703e+00  2.6863e-07
 2.2733e+00  2.6852e-07
 2.2763e+00  2.6841e-07
 2.2793e+00  2.6831e-07
 2.2823e+00  2.6820e-07
 2.2853e+00  2.6809e-07
 2.2883e+00  2.6799e-07
 2.2913e+00  2.6788e-07
 2.2943e+00  2.6778e-07
 2.2973e+00  2.6768e-07
 2.3003e+00  2.6758e-07
 2.3033e+00  2.6748e-07
 2.3063e+00  2.6738e-07
 2.3093e+00  2.6728e-07
 2.3123e+00  2.6718e-07
 2.3153e+00  2.6708e-07
 2.3183e+00  2.6699e-07
 2.3213e+00  2.6689e-07
 2.3243e+00  2.6680e-07
 2.3273e+00  2.6671e-07
 2.3303e+00  2.6662e-07
 2.3333e+00  2.6653e-07
 2.3363e+00  2.6644e-07
 2.3393e+00  2.6635e-07
 2.3423e+00  2.6626e-07
 2.3453e+00  2.6617e-07
 2.3483e+00  2.6608e-07
 2.3514e+00  2.6600e-07
 2.3544e+00  2.6591e-07
 2.3574e+00  2.6583e-07
 2.3604e+00  2.6574e-07
 2.3634e+00  2.6566e-07
 2.3664e+00  2.6558e-07
 2.3694e+00  2.6550e-07
 2.3724e+00  2.6542e-07
 2.3754e+00  2.6534e-07
 2.3784e+00  2.6526e-07
 2.3814e+00  2.6518e-07
 2.3844e+00  2.6510e-07
 2.3874e+00  2.6502e-07
 2.3904e+00  2.6495e-07
 2.3934e+00  2.6487e-07
 2.3964e+00  2.6479e-07
 2.3994e+00  2.6472e-07
 2.4024e+00  2.6465e-07
 2.4054e+00  2.6457e-07
 2.4084e+00  2.6450e-07
 2.4114e+00  2.6443e-07
 2.4144e+00  2.6436e-07
 2.4174e+00  2.6428e-07
 2.4204e+00  2.6421e-07
 2.4234e+00  2.6414e-07
 2.4264e+00  2.6408e-07
 2.4294e+00  2.6401e-07
 2.4324e+00  2.6394e-07
 2.4354e+00  2.6387e-07
 2.4384e+00  2.6381e-07
 2.4414e+00  2.6374e-07
 2.4444e+00  2.6367e-07
 2.4474e+00  2.6361e-07
 2.4505e+00  2.6354e-07
 2.4535e+00  2.6348e-07
 2.4565e+00  2.6342e-07
 2.4595e+00  2.6335e-07
 2.4625e+00  2.6329e-07
 2.4655e+00  2.6323e-07
 2.4685e+00  2.6317e-07
 2.4715e+00  2.6311e-07
 2.4745e+00  2.6305e-07
 2.4775e+00  2.6299e-07
 2.4805e+00  2.6293e-07
 2.4835e+00  2.6287e-07
 2.4865e+00  2.6281e-07
 2.4895e+00  2.6275e-07
 2.4925e+00  2.6269e-07
 2.4955e+00  2.6264e-07
 2.4985e+00  2.6258e-07
 2.5015e+00  2.6252e-07
 2.5045e+00  2.6247e-07
 2.5075e+00  2.6241e-07
 2.5105e+00  2.6236e-07
 2.5135e+00  2.6230e-07
 2.5165e+00  2.6225e-07
 2.5195e+00  2.6219e-07
 2.5225e+00  2.6214e-07
 2.5255e+00  2.6209e-07
 2.5285e+00  2.6204e-07
 2.5315e+00  2.6198e-07
 2.5345e+00  2.6193e-07
 2.5375e+00  2.6188e-07
 2.5405e+00  2.5975e-07
 2.5435e+00  2.5653e-07
 2.5465e+00  2.5466e-07
 2.5495e+00  2.5321e-07
 2.5526e+00  2.5198e-07
 2.5556e+00  2.5090e-07
 2.5586e+00  2.4994e-07
 2.5616e+00  2.4905e-07
 2.5646e+00  2.4823e-07
 2.5676e+00  2.4747e-07
 2.5706e+00  2.4676e-07
 2.5736e+00  2.4608e-07
 2.5766e+00  2.4544e-07
 2.5796e+00  2.4482e-07
 2.5826e+00  2.4424e-07
 2.5856e+00  2.4368e-07
 2.5886e+00  2.4314e-07
 2.5916e+00  2.4262e-07
 2.5946e+00  2.4212e-07
 2.5976e+00  2.4164e-07
 2.6006e+00  2.4117e-07
 2.6036e+00  2.4072e-07
 2.6066e+00  2.4028e-07
 2.6096e+00  2.3986e-07
 2.6126e+00  2.3944e-07
 2.6156e+00  2.3904e-07
 2.6186e+00  2.3865e-07
 2.6216e+00  2.3826e-07
 2.6246e+00  2.3789e-07
 2.6276e+00  2.3753e-07
 2.6306e+00  2.3717e-07
 2.6336e+00  2.3682e-07
 2.6366e+00  2.3648e-07
 2.6396e+00  2.3615e-07
 2.6426e+00  2.3583e-07
 2.6456e+00  2.3551e-07
 2.6486e+00  2.3519e-07
 2.6517e+00  2.3489e-07
 2.6547e+00  2.3459e-07
 2.6577e+00  2.3429e-07
 2.6607e+00  2.3400e-07
 2.6637e+00  2.3372e-07
 2.6667e+00  2.3344e-07
 2.6697e+00  2.3317e-07
 2.6727e+00  2.3290e-07
 2.6757e+00  2.3264e-07
 2.6787e+00  2.3238e-07
 2.6817e+00  2.3212e-07
 2.6847e+00  2.3187e-07
 2.6877e+00  2.3162e-07
 2.6907e+00  2.3138e-07
 2.6937e+00  2.3114e-07
 2.6967e+00  2.3090e-07
 2.6997e+00  2.3067e-07
 2.7027e+00  2.3044e-07
 2.7057e+00  2.3022e-07
 2.7087e+00  2.3000e-07
 2.7117e+00  2.2978e-07
 2.7147e+00  2.2956e-07
 2.7177e+00  2.2935e-07
 2.7207e+00  2.2914e-07
 2.7237e+00  2.2894e-07
 2.7267e+00  2.2873e-07
 2.7297e+00  2.2853e-07
 2.7327e+00  2.2833e-07
 2.7357e+00  2.2814e-07
 2.7387e+00  2.2794e-07
 2.7417e+00  2.2775e-07
 2.7447e+00  2.2757e-07
 2.7477e+00  2.2738e-07
 2.7508e+00  2.2720e-07
 2.7538e+00  2.2702e-07
 2.7568e+00  2.2684e-07
 2.7598e+00  2.2666e-07
 2.7628e+00  2.2649e-07
 2.7658e+00  2.2632e-07
 2.7688e+00  2.2615e-07
 2.7718e+00  2.2598e-07
 2.7748e+00  2.2581e-07
 2.7778e+00  2.2565e-07
 2.7808e+00  2.2549e-07
 2.7838e+00  2.2533e-07
 2.7868e+00  2.2517e-07
 2.7898e+00  2.2501e-07
 2.7928e+00  2.2486e-07
 2.7958e+00  2.2470e-07
 2.7988e+00  2.2455e-07
 2.8018e+00  2.2440e-07
 2.8048e+00  2.2425e-07
 2.8078e+00  2.2411e-07
 2.8108e+00  2.2396e-07
 2.8138e+00  2.2382e-07
 2.8168e+00  2.2368e-07
 2.8198e+00  2.2354e-07
 2.8228e+00  2.2340e-07
 2.8258e+00  2.2326e-07
 2.8288e+00  2.2313e-07
 2.8318e+00  2.2299e-07
 2.8348e+00  2.2286e-07
 2.8378e+00  2.2273e-07
 2.8408e+00  2.2260e-07
 2.8438e+00  2.2247e-07
 2.8468e+00  2.2234e-07
 2.8498e+00  2.2221e-07
 2.8529e+00  2.2209e-07
 2.8559e+00  2.2196e-07
 2.8589e+00  2.2184e-07
 2.8619e+00  2.2172e-07
 2.8649e+00  2.2160e-07
 2.8679e+00  2.2148e-07
 2.8709e+00  2.2136e-07
 2.8739e+00  2.2125e-07
 2.8769e+00  2.2113e-07
 2.8799e+00  2.2101e-07
 2.8829e+00  2.2090e-07
 2.8859e+00  2.2079e-07
 2.8889e+00  2.2068e-07
 2.8919e+00  2.2057e-07
 2.8949e+00  2.2046e-07
 2.8979e+00  2.2035e-07
 2.9009e+00  2.2024e-07
 2.9039e+00  2.2013e-07
 2.9069e+00  2.2003e-07
 2.9099e+00  2.1992e-07
 2.9129e+00  2.1982e-07
 2.9159e+00  2.1972e-07
 2.9189e+00  2.1962e-07
 2.9219e+00  2.1952e-07
 2.9249e+00  2.1942e-07
 2.9279e+00  2.1932e-07
 2.9309e+00  2.1922e-07
 2.9339e+00  2.1912e-07
 2.9369e+00  2.1902e-07
 2.9399e+00  2.1893e-07
 2.9429e+00  2.1883e-07
 2.9459e+00  2.1874e-07
 2.9489e+00  2.1865e-07
 2.9520e+00  2.1855e-07
 2.9550e+00  2.1846e-07
 2.9580e+00  2.1837e-07
 2.9610e+00  2.1828e-07
 2.9640e+00  2.1819e-07
 2.9670e+00  2.1810e-07
 2.9700e+00  2.1801e-07
 2.9730e+00  2.1793e-07
 2.9760e+00  2.1784e-07
 2.9790e+00  2.1775e-07
 2.9820e+00  2.1767e-07
 2.9850e+00  2.1759e-07
 2.9880e+00  2.1750e-07
 2.9910e+00  2.1742e-07
 2.9940e+00  2.1734e-07
 2.9970e+00  2.1725e-07
 3.0000e+00  2.1717e-07
