 1.0000e-02  9.5564e-06
 2.0000e-02  9.5750e-06
 3.0000e-02  9.6056e-06
 4.0000e-02  9.6492e-06
 5.0000e-02  9.7061e-06
 6.0000e-02  9.7774e-06
 7.0000e-02  9.8642e-06
 8.0000e-02  9.9679e-06
 9.0000e-02  1.0090e-05
 1.0000e-01  1.0234e-05
 1.1000e-01  1.0402e-05
 1.2000e-01  1.0598e-05
 1.3000e-01  1.0829e-05
 1.4000e-01  1.1101e-05
 1.5000e-01  1.1425e-05
 1.6000e-01  1.1819e-05
 1.7000e-01  1.2307e-05
 1.8000e-01  1.2937e-05
 1.9000e-01  1.3798e-05
 2.0000e-01  1.5130e-05
 2.1000e-01  1.8366e-05
 2.2000e-01  1.6345e-05
 2.3000e-01  1.4545e-05
 2.4000e-01  1.3332e-05
 2.5000e-01  1.2410e-05
 2.6000e-01  1.1670e-05
 2.7000e-01  1.1054e-05
 2.8000e-01  1.0529e-05
 2.9000e-01  1.0074e-05
 3.0000e-01  9.6733e-06
 3.1000e-01  9.3172e-06
 3.2000e-01  8.9975e-06
 3.3000e-01  8.7082e-06
 3.4000e-01  8.4446e-06
 3.5000e-01  8.2030e-06
 3.6000e-01  7.9804e-06
 3.7000e-01  7.7744e-06
 3.8000e-01  7.5829e-06
 3.9000e-01  7.4043e-06
 4.0000e-01  7.2371e-06
 4.1000e-01  7.0801e-06
 4.2000e-01  6.9323e-06
 4.3000e-01  6.7928e-06
 4.4000e-01  6.6608e-06
 4.5000e-01  6.5356e-06
 4.6000e-01  6.4166e-06
 4.7000e-01  6.3034e-06
 4.8000e-01  6.1955e-06
 4.9000e-01  6.0923e-06
 5.0000e-01  5.9937e-06
 5.1000e-01  5.8992e-06
 5.2000e-01  5.8086e-06
 5.3000e-01  5.7216e-06
 5.4000e-01  5.6380e-06
 5.5000e-01  5.5575e-06
 5.6000e-01  5.4799e-06
 5.7000e-01  5.4051e-06
 5.8000e-01  5.3329e-06
 5.9000e-01  5.2631e-06
 6.0000e-01  5.1957e-06
 6.1000e-01  5.1304e-06
 6.2000e-01  5.0672e-06
 6.3000e-01  5.0060e-06
 6.4000e-01  4.9466e-06
 6.5000e-01  4.8890e-06
 6.6000e-01  4.8330e-06
 6.7000e-01  4.7787e-06
 6.8000e-01  4.7258e-06
 6.9000e-01  4.6744e-06
 7.0000e-01  4.6244e-06
 7.1000e-01  4.5758e-06
 7.2000e-01  4.5284e-06
 7.3000e-01  4.4822e-06
 7.4000e-01  4.4371e-06
 7.5000e-01  4.3932e-06
 7.6000e-01  4.3504e-06
 7.7000e-01  4.3085e-06
 7.8000e-01  4.2676e-06
 7.9000e-01  4.2279e-06
 8.0000e-01  4.1890e-06
 8.1000e-01  4.1509e-06
 8.2000e-01  4.1137e-06
 8.3000e-01  4.0774e-06
 8.4000e-01  4.0418e-06
 8.5000e-01  4.0069e-06
 8.6000e-01  3.9728e-06
 8.7000e-01  3.9394e-06
 8.8000e-01  3.9067e-06
 8.9000e-01  3.8747e-06
 9.0000e-01  3.8433e-06
 9.1000e-01  3.8126e-06
 9.2000e-01  3.7824e-06
 9.3000e-01  3.7529e-06
 9.4000e-01  3.7239e-06
 9.5000e-01  3.6954e-06
 9.6000e-01  3.6675e-06
 9.7000e-01  3.6401e-06
 9.8000e-01  3.6133e-06
 9.9000e-01  3.5869e-06
 1.0000e+00  3.5610e-06
 1.0100e+00  3.5355e-06
 1.0200e+00  3.5100e-06
 1.0300e+00  3.4859e-06
 1.0400e+00  3.4619e-06
 1.0500e+00  3.4382e-06
 1.0600e+00  3.4149e-06
 1.0700e+00  3.3920e-06
 1.0800e+00  3.3694e-06
 1.0900e+00  3.3473e-06
 1.1000e+00  3.3255e-06
 1.1100e+00  3.3041e-06
 1.1200e+00  3.2831e-06
 1.1300e+00  3.2623e-06
 1.1400e+00  3.2420e-06
 1.1500e+00  3.2219e-06
 1.1600e+00  3.2021e-06
 1.1700e+00  3.1827e-06
 1.1800e+00  3.1636e-06
 1.1900e+00  3.1447e-06
 1.2000e+00  3.1262e-06
 1.2100e+00  3.1079e-06
 1.2200e+00  3.0899e-06
 1.2300e+00  3.0722e-06
 1.2400e+00  3.0548e-06
 1.2500e+00  3.0376e-06
 1.2600e+00  3.0207e-06
 1.2700e+00  3.0040e-06
 1.2800e+00  2.9875e-06
 1.2900e+00  2.9713e-06
 1.3000e+00  2.9554e-06
 1.3100e+00  2.9397e-06
 1.3200e+00  2.9241e-06
 1.3300e+00  2.9089e-06
 1.3400e+00  2.8938e-06
 1.3500e+00  2.8789e-06
 1.3600e+00  2.8643e-06
 1.3700e+00  2.8498e-06
 1.3800e+00  2.8356e-06
 1.3900e+00  2.8215e-06
 1.4000e+00  2.8077e-06
 1.4100e+00  2.7940e-06
 1.4200e+00  2.7805e-06
 1.4300e+00  2.7672e-06
 1.4400e+00  2.7541e-06
 1.4500e+00  2.7412e-06
 1.4600e+00  2.7284e-06
 1.4700e+00  2.7158e-06
 1.4800e+00  2.7034e-06
 1.4900e+00  2.6911e-06
 1.5000e+00  2.6791e-06
 1.5100e+00  2.6671e-06
 1.5200e+00  2.6553e-06
 1.5300e+00  2.6437e-06
 1.5400e+00  2.6322e-06
 1.5500e+00  2.6209e-06
 1.5600e+00  2.6097e-06
 1.5700e+00  2.5987e-06
 1.5800e+00  2.5878e-06
 1.5900e+00  2.5771e-06
 1.6000e+00  2.5665e-06
 1.6100e+00  2.5560e-06
 1.6200e+00  2.5457e-06
 1.6300e+00  2.5355e-06
 1.6400e+00  2.5254e-06
 1.6500e+00  2.5154e-06
 1.6600e+00  2.5056e-06
 1.6700e+00  2.4959e-06
 1.6800e+00  2.4864e-06
 1.6900e+00  2.4769e-06
 1.7000e+00  2.4676e-06
 1.7100e+00  2.4584e-06
 1.7200e+00  2.4493e-06
 1.7300e+00  2.4403e-06
 1.7400e+00  2.4314e-06
 1.7500e+00  2.4227e-06
 1.7600e+00  2.4141e-06
 1.7700e+00  2.4055e-06
 1.7800e+00  2.3971e-06
 1.7900e+00  2.3888e-06
 1.8000e+00  2.3806e-06
 1.8100e+00  2.3725e-06
 1.8200e+00  2.3645e-06
 1.8300e+00  2.3566e-06
 1.8400e+00  2.3488e-06
 1.8500e+00  2.3411e-06
 1.8600e+00  2.3335e-06
 1.8700e+00  2.3260e-06
 1.8800e+00  2.3186e-06
 1.8900e+00  2.3113e-06
 1.9000e+00  2.3040e-06
 1.9100e+00  2.2969e-06
 1.9200e+00  2.2899e-06
 1.9300e+00  2.2829e-06
 1.9400e+00  2.2761e-06
 1.9500e+00  2.2693e-06
 1.9600e+00  2.2627e-06
 1.9700e+00  2.2561e-06
 1.9800e+00  2.2496e-06
 1.9900e+00  2.2432e-06
