 0.0000e+00  0.0000e+00
 3.0030e-03  0.0000e+00
 6.0060e-03  0.0000e+00
 9.0090e-03  0.0000e+00
 1.2012e-02  0.0000e+00
 1.5015e-02  0.0000e+00
 1.8018e-02  0.0000e+00
 2.1021e-02  0.0000e+00
 2.4024e-02  0.0000e+00
 2.7027e-02  0.0000e+00
 3.0030e-02  0.0000e+00
 3.3033e-02  0.0000e+00
 3.6036e-02  0.0000e+00
 3.9039e-02  0.0000e+00
 4.2042e-02  0.0000e+00
 4.5045e-02  0.0000e+00
 4.8048e-02  0.0000e+00
 5.1051e-02  0.0000e+00
 5.4054e-02  0.0000e+00
 5.7057e-02  0.0000e+00
 6.0060e-02  0.0000e+00
 6.3063e-02  0.0000e+00
 6.6066e-02  0.0000e+00
 6.9069e-02  0.0000e+00
 7.2072e-02  0.0000e+00
 7.5075e-02  0.0000e+00
 7.8078e-02  0.0000e+00
 8.1081e-02  0.0000e+00
 8.4084e-02  0.0000e+00
 8.7087e-02  0.0000e+00
 9.0090e-02  0.0000e+00
 9.3093e-02  0.0000e+00
 9.6096e-02  0.0000e+00
 9.9099e-02  0.0000e+00
 1.0210e-01  0.0000e+00
 1.0511e-01  0.0000e+00
 1.0811e-01  0.0000e+00
 1.1111e-01  0.0000e+00
 1.1411e-01  0.0000e+00
 1.1712e-01  0.0000e+00
 1.2012e-01  0.0000e+00
 1.2312e-01  0.0000e+00
 1.2613e-01  0.0000e+00
 1.2913e-01  0.0000e+00
 1.3213e-01  0.0000e+00
 1.3514e-01  0.0000e+00
 1.3814e-01  0.0000e+00
 1.4114e-01  8.1222e-11
 1.4414e-01  3.3979e-09
 1.4715e-01  1.6861e-08
 1.5015e-01  4.6969e-08
 1.5315e-01  9.9583e-08
 1.5616e-01  1.8003e-07
 1.5916e-01  2.9316e-07
 1.6216e-01  4.4347e-07
 1.6517e-01  6.3508e-07
 1.6817e-01  8.7189e-07
 1.7117e-01  1.1575e-06
 1.7417e-01  1.4953e-06
 1.7718e-01  1.8888e-06
 1.8018e-01  2.3408e-06
 1.8318e-01  2.8544e-06
 1.8619e-01  3.4327e-06
 1.8919e-01  4.0785e-06
 1.9219e-01  4.7945e-06
 1.9520e-01  5.5835e-06
 1.9820e-01  6.4484e-06
 2.0120e-01  7.3917e-06
 2.0420e-01  8.4162e-06
 2.0721e-01  9.5247e-06
 2.1021e-01  1.0720e-05
 2.1321e-01  1.0909e-05
 2.1622e-01  1.1525e-05
 2.1922e-01  1.2334e-05
 2.2222e-01  1.3250e-05
 2.2523e-01  1.4249e-05
 2.2823e-01  1.5322e-05
 2.3123e-01  1.6463e-05
 2.3423e-01  1.7671e-05
 2.3724e-01  1.8945e-05
 2.4024e-01  2.0286e-05
 2.4324e-01  2.1695e-05
 2.4625e-01  2.3171e-05
 2.4925e-01  2.4717e-05
 2.5225e-01  2.6334e-05
 2.5526e-01  2.8023e-05
 2.5826e-01  2.9786e-05
 2.6126e-01  3.1625e-05
 2.6426e-01  3.3542e-05
 2.6727e-01  3.5540e-05
 2.7027e-01  3.7619e-05
 2.7327e-01  3.9782e-05
 2.7628e-01  4.2031e-05
 2.7928e-01  4.4370e-05
 2.8228e-01  4.6800e-05
 2.8529e-01  4.9324e-05
 2.8829e-01  5.1945e-05
 2.9129e-01  5.4665e-05
 2.9429e-01  5.7487e-05
 2.9730e-01  6.0415e-05
 3.0030e-01  6.3450e-05
 3.0330e-01  6.6598e-05
 3.0631e-01  6.9861e-05
 3.0931e-01  7.3242e-05
 3.1231e-01  7.6744e-05
 3.1532e-01  8.0373e-05
 3.1832e-01  8.4131e-05
 3.2132e-01  8.8022e-05
 3.2432e-01  9.2050e-05
 3.2733e-01  9.6221e-05
 3.3033e-01  1.0054e-04
 3.3333e-01  1.0501e-04
 3.3634e-01  1.0963e-04
 3.3934e-01  1.1441e-04
 3.4234e-01  1.1936e-04
 3.4535e-01  1.2448e-04
 3.4835e-01  1.2978e-04
 3.5135e-01  1.3526e-04
 3.5435e-01  1.4093e-04
 3.5736e-01  1.4678e-04
 3.6036e-01  1.5285e-04
 3.6336e-01  1.5911e-04
 3.6637e-01  1.6560e-04
 3.6937e-01  1.7230e-04
 3.7237e-01  1.7923e-04
 3.7538e-01  1.8640e-04
 3.7838e-01  1.9382e-04
 3.8138e-01  2.0149e-04
 3.8438e-01  2.0942e-04
 3.8739e-01  6.6018e-04
 3.9039e-01  1.2485e-03
 3.9339e-01  2.0053e-03
 3.9640e-01  2.7239e-03
 3.9940e-01  3.3995e-03
 4.0240e-01  4.0154e-03
 4.0541e-01  4.6056e-03
 4.0841e-01  5.1351e-03
 4.1141e-01  5.6325e-03
 4.1441e-01  6.0943e-03
 4.1742e-01  6.5059e-03
 4.2042e-01  6.8966e-03
 4.2342e-01  7.2371e-03
 4.2643e-01  7.5517e-03
 4.2943e-01  7.8381e-03
 4.3243e-01  8.0832e-03
 4.3544e-01  8.3121e-03
 4.3844e-01  8.5005e-03
 4.4144e-01  8.6683e-03
 4.4444e-01  8.8138e-03
 4.4745e-01  8.9263e-03
 4.5045e-01  9.0266e-03
 4.5345e-01  9.0954e-03
 4.5646e-01  9.1486e-03
 4.5946e-01  9.1853e-03
 4.6246e-01  9.1971e-03
 4.6547e-01  9.2006e-03
 4.6847e-01  9.1812e-03
 4.7147e-01  9.1512e-03
 4.7447e-01  9.1102e-03
 4.7748e-01  9.0524e-03
 4.8048e-01  8.9900e-03
 4.8348e-01  8.9133e-03
 4.8649e-01  8.8312e-03
 4.8949e-01  8.7436e-03
 4.9249e-01  8.6474e-03
 4.9550e-01  8.5507e-03
 4.9850e-01  8.4481e-03
 5.0150e-01  8.3456e-03
 5.0450e-01  8.2434e-03
 5.0751e-01  8.1411e-03
 5.1051e-01  8.0425e-03
 5.1351e-01  7.9471e-03
 5.1652e-01  7.8576e-03
 5.1952e-01  7.7743e-03
 5.2252e-01  7.7001e-03
 5.2553e-01  7.6344e-03
 5.2853e-01  7.5808e-03
 5.3153e-01  7.5399e-03
 5.3453e-01  7.5119e-03
 5.3754e-01  7.5978e-03
 5.4054e-01  7.6107e-03
 5.4354e-01  7.6466e-03
 5.4655e-01  7.7036e-03
 5.4955e-01  7.7823e-03
 5.5255e-01  7.8880e-03
 5.5556e-01  8.0169e-03
 5.5856e-01  8.1816e-03
 5.6156e-01  8.3746e-03
 5.6456e-01  8.6007e-03
 5.6757e-01  8.8687e-03
 5.7057e-01  9.1674e-03
 5.7357e-01  9.5243e-03
 5.7658e-01  9.8878e-03
 5.7958e-01  1.0336e-02
 5.8258e-01  1.0816e-02
 5.8559e-01  1.1351e-02
 5.8859e-01  1.1926e-02
 5.9159e-01  1.2602e-02
 5.9459e-01  1.3275e-02
 5.9760e-01  1.4074e-02
 6.0060e-01  1.4912e-02
 6.0360e-01  1.5856e-02
 6.0661e-01  1.6853e-02
 6.0961e-01  1.7905e-02
 6.1261e-01  1.9089e-02
 6.1562e-01  2.0372e-02
 6.1862e-01  2.1730e-02
 6.2162e-01  2.3216e-02
 6.2462e-01  2.4791e-02
 6.2763e-01  2.6512e-02
 6.3063e-01  2.8382e-02
 6.3363e-01  3.0376e-02
 6.3664e-01  3.2494e-02
 6.3964e-01  3.4797e-02
 6.4264e-01  3.7278e-02
 6.4565e-01  3.9898e-02
 6.4865e-01  4.2743e-02
 6.5165e-01  4.5816e-02
 6.5465e-01  4.9075e-02
 6.5766e-01  5.2634e-02
 6.6066e-01  5.6422e-02
 6.6366e-01  6.0490e-02
 6.6667e-01  6.4894e-02
 6.6967e-01  6.9645e-02
 6.7267e-01  7.4782e-02
 6.7568e-01  8.0294e-02
 6.7868e-01  8.6283e-02
 6.8168e-01  9.2789e-02
 6.8468e-01  9.9813e-02
 6.8769e-01  1.0747e-01
 6.9069e-01  1.1577e-01
 6.9369e-01  1.2483e-01
 6.9670e-01  1.3471e-01
 6.9970e-01  1.4547e-01
 7.0270e-01  1.5731e-01
 7.0571e-01  1.7023e-01
 7.0871e-01  1.8443e-01
 7.1171e-01  2.0003e-01
 7.1471e-01  2.1716e-01
 7.1772e-01  2.3603e-01
 7.2072e-01  2.5680e-01
 7.2372e-01  2.7966e-01
 7.2673e-01  3.0484e-01
 7.2973e-01  3.3252e-01
 7.3273e-01  3.6293e-01
 7.3574e-01  3.9621e-01
 7.3874e-01  4.3254e-01
 7.4174e-01  4.7198e-01
 7.4474e-01  5.1449e-01
 7.4775e-01  5.5994e-01
 7.5075e-01  6.0792e-01
 7.5375e-01  6.5789e-01
 7.5676e-01  7.0897e-01
 7.5976e-01  7.6004e-01
 7.6276e-01  8.0969e-01
 7.6577e-01  8.5631e-01
 7.6877e-01  8.9819e-01
 7.7177e-01  9.3368e-01
 7.7477e-01  9.6135e-01
 7.7778e-01  9.8020e-01
 7.8078e-01  9.8981e-01
 7.8378e-01  9.9063e-01
 7.8679e-01  9.8380e-01
 7.8979e-01  9.7042e-01
 7.9279e-01  9.5164e-01
 7.9580e-01  9.2863e-01
 7.9880e-01  9.0254e-01
 8.0180e-01  8.7536e-01
 8.0480e-01  8.4821e-01
 8.0781e-01  8.2132e-01
 8.1081e-01  7.9520e-01
 8.1381e-01  7.7022e-01
 8.1682e-01  7.4663e-01
 8.1982e-01  7.2455e-01
 8.2282e-01  7.0407e-01
 8.2583e-01  6.8517e-01
 8.2883e-01  6.6784e-01
 8.3183e-01  6.5203e-01
 8.3483e-01  6.3764e-01
 8.3784e-01  6.2467e-01
 8.4084e-01  6.1300e-01
 8.4384e-01  6.0256e-01
 8.4685e-01  5.9332e-01
 8.4985e-01  5.8513e-01
 8.5285e-01  5.7810e-01
 8.5586e-01  5.7199e-01
 8.5886e-01  5.6687e-01
 8.6186e-01  5.6266e-01
 8.6486e-01  5.5924e-01
 8.6787e-01  5.5678e-01
 8.7087e-01  5.5500e-01
 8.7387e-01  5.5402e-01
 8.7688e-01  5.5378e-01
 8.7988e-01  5.5412e-01
 8.8288e-01  5.5528e-01
 8.8589e-01  5.5692e-01
 8.8889e-01  5.5916e-01
 8.9189e-01  5.6141e-01
 8.9489e-01  5.6569e-01
 8.9790e-01  5.7028e-01
 9.0090e-01  5.7498e-01
 9.0390e-01  5.7985e-01
 9.0691e-01  5.8484e-01
 9.0991e-01  5.8988e-01
 9.1291e-01  5.9504e-01
 9.1592e-01  6.0017e-01
 9.1892e-01  6.0533e-01
 9.2192e-01  6.1046e-01
 9.2492e-01  6.1553e-01
 9.2793e-01  6.2055e-01
 9.3093e-01  6.2548e-01
 9.3393e-01  6.3031e-01
 9.3694e-01  6.3504e-01
 9.3994e-01  6.3965e-01
 9.4294e-01  6.4415e-01
 9.4595e-01  6.4853e-01
 9.4895e-01  6.5277e-01
 9.5195e-01  6.5687e-01
 9.5495e-01  6.6084e-01
 9.5796e-01  6.6464e-01
 9.6096e-01  6.6828e-01
 9.6396e-01  6.7174e-01
 9.6697e-01  6.7501e-01
 9.6997e-01  6.7808e-01
 9.7297e-01  6.8092e-01
 9.7598e-01  6.8350e-01
 9.7898e-01  6.8580e-01
 9.8198e-01  6.8776e-01
 9.8498e-01  6.8935e-01
 9.8799e-01  7.0121e-01
 9.9099e-01  7.0251e-01
 9.9399e-01  7.0464e-01
 9.9700e-01  7.0884e-01
 1.0000e+00  7.1736e-01
 1.0030e+00  7.3453e-01
 1.0060e+00  7.6576e-01
 1.0090e+00  8.1776e-01
 1.0120e+00  8.8833e-01
 1.0150e+00  9.5470e-01
 1.0180e+00  9.8835e-01
 1.0210e+00  9.8722e-01
 1.0240e+00  9.6809e-01
 1.0270e+00  9.4491e-01
 1.0300e+00  9.2369e-01
 1.0330e+00  9.0603e-01
 1.0360e+00  8.9183e-01
 1.0390e+00  8.8057e-01
 1.0420e+00  8.7165e-01
 1.0450e+00  8.6460e-01
 1.0480e+00  8.5901e-01
 1.0511e+00  8.5459e-01
 1.0541e+00  8.5111e-01
 1.0571e+00  8.4837e-01
 1.0601e+00  8.4624e-01
 1.0631e+00  8.4460e-01
 1.0661e+00  8.4336e-01
 1.0691e+00  8.4244e-01
 1.0721e+00  8.4178e-01
 1.0751e+00  8.4132e-01
 1.0781e+00  8.4102e-01
 1.0811e+00  8.4085e-01
 1.0841e+00  8.4075e-01
 1.0871e+00  8.4071e-01
 1.0901e+00  8.4069e-01
 1.0931e+00  8.4067e-01
 1.0961e+00  8.4066e-01
 1.0991e+00  8.4064e-01
 1.1021e+00  8.4061e-01
 1.1051e+00  8.4058e-01
 1.1081e+00  8.4054e-01
 1.1111e+00  8.4049e-01
 1.1141e+00  8.4043e-01
 1.1171e+00  8.4037e-01
 1.1201e+00  8.4031e-01
 1.1231e+00  8.4025e-01
 1.1261e+00  8.4020e-01
 1.1291e+00  8.4016e-01
 1.1321e+00  8.4014e-01
 1.1351e+00  8.4014e-01
 1.1381e+00  8.4016e-01
 1.1411e+00  8.4022e-01
 1.1441e+00  8.4031e-01
 1.1471e+00  8.4042e-01
 1.1502e+00  8.4056e-01
 1.1532e+00  8.4072e-01
 1.1562e+00  8.4090e-01
 1.1592e+00  8.4110e-01
 1.1622e+00  8.4130e-01
 1.1652e+00  8.4152e-01
 1.1682e+00  8.4175e-01
 1.1712e+00  8.4198e-01
 1.1742e+00  8.4221e-01
 1.1772e+00  8.4244e-01
 1.1802e+00  8.4267e-01
 1.1832e+00  8.4289e-01
 1.1862e+00  8.4311e-01
 1.1892e+00  8.4330e-01
 1.1922e+00  8.4348e-01
 1.1952e+00  8.4364e-01
 1.1982e+00  8.4377e-01
 1.2012e+00  8.4390e-01
 1.2042e+00  8.4401e-01
 1.2072e+00  8.4409e-01
 1.2102e+00  8.4417e-01
 1.2132e+00  8.4422e-01
 1.2162e+00  8.4426e-01
 1.2192e+00  8.4428e-01
 1.2222e+00  8.4428e-01
 1.2252e+00  8.4428e-01
 1.2282e+00  8.4424e-01
 1.2312e+00  8.4420e-01
 1.2342e+00  8.4415e-01
 1.2372e+00  8.4407e-01
 1.2402e+00  8.4400e-01
 1.2432e+00  8.4390e-01
 1.2462e+00  8.4380e-01
 1.2492e+00  8.4368e-01
 1.2523e+00  8.4355e-01
 1.2553e+00  8.4341e-01
 1.2583e+00  8.4324e-01
 1.2613e+00  8.4307e-01
 1.2643e+00  8.4287e-01
 1.2673e+00  8.4265e-01
 1.2703e+00  8.4242e-01
 1.2733e+00  8.4215e-01
 1.2763e+00  8.4187e-01
 1.2793e+00  8.4156e-01
 1.2823e+00  8.4122e-01
 1.2853e+00  8.4086e-01
 1.2883e+00  8.4045e-01
 1.2913e+00  8.4002e-01
 1.2943e+00  8.3955e-01
 1.2973e+00  8.3905e-01
 1.3003e+00  8.3852e-01
 1.3033e+00  8.3795e-01
 1.3063e+00  8.3735e-01
 1.3093e+00  8.3672e-01
 1.3123e+00  8.3607e-01
 1.3153e+00  8.3539e-01
 1.3183e+00  8.3468e-01
 1.3213e+00  8.3396e-01
 1.3243e+00  8.3321e-01
 1.3273e+00  8.3245e-01
 1.3303e+00  8.3168e-01
 1.3333e+00  8.3089e-01
 1.3363e+00  8.3009e-01
 1.3393e+00  8.2929e-01
 1.3423e+00  8.2848e-01
 1.3453e+00  8.2767e-01
 1.3483e+00  8.2686e-01
 1.3514e+00  8.2604e-01
 1.3544e+00  8.2523e-01
 1.3574e+00  8.2441e-01
 1.3604e+00  8.2359e-01
 1.3634e+00  8.2278e-01
 1.3664e+00  8.2196e-01
 1.3694e+00  8.2114e-01
 1.3724e+00  8.2033e-01
 1.3754e+00  8.1951e-01
 1.3784e+00  8.1870e-01
 1.3814e+00  8.1790e-01
 1.3844e+00  8.1709e-01
 1.3874e+00  8.1628e-01
 1.3904e+00  8.1547e-01
 1.3934e+00  8.1465e-01
 1.3964e+00  8.1383e-01
 1.3994e+00  8.1300e-01
 1.4024e+00  8.1244e-01
 1.4054e+00  8.1182e-01
 1.4084e+00  8.1120e-01
 1.4114e+00  8.1058e-01
 1.4144e+00  8.0997e-01
 1.4174e+00  8.0936e-01
 1.4204e+00  8.0875e-01
 1.4234e+00  8.0813e-01
 1.4264e+00  8.0751e-01
 1.4294e+00  8.0688e-01
 1.4324e+00  8.0624e-01
 1.4354e+00  8.0560e-01
 1.4384e+00  8.0493e-01
 1.4414e+00  8.0427e-01
 1.4444e+00  8.0360e-01
 1.4474e+00  8.0292e-01
 1.4505e+00  8.0223e-01
 1.4535e+00  8.0154e-01
 1.4565e+00  8.0085e-01
 1.4595e+00  8.0017e-01
 1.4625e+00  7.9951e-01
 1.4655e+00  7.9888e-01
 1.4685e+00  7.9828e-01
 1.4715e+00  7.9773e-01
 1.4745e+00  7.9723e-01
 1.4775e+00  7.9479e-01
 1.4805e+00  7.9406e-01
 1.4835e+00  7.9381e-01
 1.4865e+00  7.9375e-01
 1.4895e+00  7.9392e-01
 1.4925e+00  7.9418e-01
 1.4955e+00  7.9453e-01
 1.4985e+00  7.9499e-01
 1.5015e+00  7.9545e-01
 1.5045e+00  7.9591e-01
 1.5075e+00  7.9648e-01
 1.5105e+00  7.9715e-01
 1.5135e+00  7.9798e-01
 1.5165e+00  7.9902e-01
 1.5195e+00  8.0025e-01
 1.5225e+00  8.0153e-01
 1.5255e+00  8.0286e-01
 1.5285e+00  8.0422e-01
 1.5315e+00  8.0562e-01
 1.5345e+00  8.0703e-01
 1.5375e+00  8.0847e-01
 1.5405e+00  8.0990e-01
 1.5435e+00  8.1133e-01
 1.5465e+00  8.1276e-01
 1.5495e+00  8.1416e-01
 1.5526e+00  8.1555e-01
 1.5556e+00  8.1690e-01
 1.5586e+00  8.1821e-01
 1.5616e+00  8.1948e-01
 1.5646e+00  8.2071e-01
 1.5676e+00  8.2188e-01
 1.5706e+00  8.2300e-01
 1.5736e+00  8.2405e-01
 1.5766e+00  8.2504e-01
 1.5796e+00  8.2595e-01
 1.5826e+00  8.2678e-01
 1.5856e+00  8.2754e-01
 1.5886e+00  8.2821e-01
 1.5916e+00  8.2879e-01
 1.5946e+00  8.2927e-01
 1.5976e+00  8.2965e-01
 1.6006e+00  8.2992e-01
 1.6036e+00  8.3007e-01
 1.6066e+00  8.3011e-01
 1.6096e+00  8.3004e-01
 1.6126e+00  8.2987e-01
 1.6156e+00  8.2959e-01
 1.6186e+00  8.2922e-01
 1.6216e+00  8.2875e-01
 1.6246e+00  8.2819e-01
 1.6276e+00  8.2754e-01
 1.6306e+00  8.2680e-01
 1.6336e+00  8.2597e-01
 1.6366e+00  8.2540e-01
 1.6396e+00  8.2529e-01
 1.6426e+00  8.2515e-01
 1.6456e+00  8.2499e-01
 1.6486e+00  8.2481e-01
 1.6517e+00  8.2464e-01
 1.6547e+00  8.2446e-01
 1.6577e+00  8.2428e-01
 1.6607e+00  8.2410e-01
 1.6637e+00  8.2392e-01
 1.6667e+00  8.2374e-01
 1.6697e+00  8.2355e-01
 1.6727e+00  8.2336e-01
 1.6757e+00  8.2317e-01
 1.6787e+00  8.2297e-01
 1.6817e+00  8.2275e-01
 1.6847e+00  8.2253e-01
 1.6877e+00  8.2228e-01
 1.6907e+00  8.2202e-01
 1.6937e+00  8.2172e-01
 1.6967e+00  8.2139e-01
 1.6997e+00  8.2101e-01
 1.7027e+00  8.2058e-01
 1.7057e+00  8.2009e-01
 1.7087e+00  8.1955e-01
 1.7117e+00  8.1941e-01
 1.7147e+00  8.1940e-01
 1.7177e+00  8.1940e-01
 1.7207e+00  8.1940e-01
 1.7237e+00  8.1940e-01
 1.7267e+00  8.1939e-01
 1.7297e+00  8.1939e-01
 1.7327e+00  8.1939e-01
 1.7357e+00  8.1938e-01
 1.7387e+00  8.1938e-01
 1.7417e+00  8.1938e-01
 1.7447e+00  8.1938e-01
 1.7477e+00  8.1937e-01
 1.7508e+00  8.1937e-01
 1.7538e+00  8.1937e-01
 1.7568e+00  8.1936e-01
 1.7598e+00  8.1936e-01
 1.7628e+00  8.1936e-01
 1.7658e+00  8.1936e-01
 1.7688e+00  8.1935e-01
 1.7718e+00  8.1935e-01
 1.7748e+00  8.1935e-01
 1.7778e+00  8.1935e-01
 1.7808e+00  8.1934e-01
 1.7838e+00  8.1934e-01
 1.7868e+00  8.1934e-01
 1.7898e+00  8.1934e-01
 1.7928e+00  8.1933e-01
 1.7958e+00  8.1933e-01
 1.7988e+00  8.1933e-01
 1.8018e+00  8.1932e-01
 1.8048e+00  8.1932e-01
 1.8078e+00  8.1932e-01
 1.8108e+00  8.1932e-01
 1.8138e+00  8.1931e-01
 1.8168e+00  8.1931e-01
 1.8198e+00  8.1931e-01
 1.8228e+00  8.1931e-01
 1.8258e+00  8.1931e-01
 1.8288e+00  8.1930e-01
 1.8318e+00  8.1930e-01
 1.8348e+00  8.1930e-01
 1.8378e+00  8.1930e-01
 1.8408e+00  8.1929e-01
 1.8438e+00  8.1929e-01
 1.8468e+00  8.1929e-01
 1.8498e+00  8.1928e-01
 1.8529e+00  8.1928e-01
 1.8559e+00  8.1928e-01
 1.8589e+00  8.1928e-01
 1.8619e+00  8.1186e-01
 1.8649e+00  8.0735e-01
 1.8679e+00  8.0417e-01
 1.8709e+00  8.0157e-01
 1.8739e+00  7.9933e-01
 1.8769e+00  7.9734e-01
 1.8799e+00  7.9552e-01
 1.8829e+00  7.9385e-01
 1.8859e+00  7.9229e-01
 1.8889e+00  7.9082e-01
 1.8919e+00  7.8944e-01
 1.8949e+00  7.8812e-01
 1.8979e+00  7.8686e-01
 1.9009e+00  7.8566e-01
 1.9039e+00  7.8450e-01
 1.9069e+00  7.8339e-01
 1.9099e+00  7.8232e-01
 1.9129e+00  7.8128e-01
 1.9159e+00  7.8027e-01
 1.9189e+00  7.7930e-01
 1.9219e+00  7.7835e-01
 1.9249e+00  7.7742e-01
 1.9279e+00  7.7653e-01
 1.9309e+00  7.7565e-01
 1.9339e+00  7.7479e-01
 1.9369e+00  7.7396e-01
 1.9399e+00  7.7314e-01
 1.9429e+00  7.7234e-01
 1.9459e+00  7.7155e-01
 1.9489e+00  7.7079e-01
 1.9520e+00  7.7004e-01
 1.9550e+00  7.6930e-01
 1.9580e+00  7.6857e-01
 1.9610e+00  7.6786e-01
 1.9640e+00  7.6716e-01
 1.9670e+00  7.6647e-01
 1.9700e+00  7.6580e-01
 1.9730e+00  7.6513e-01
 1.9760e+00  7.6448e-01
 1.9790e+00  7.6384e-01
 1.9820e+00  7.6320e-01
 1.9850e+00  7.6257e-01
 1.9880e+00  7.6196e-01
 1.9910e+00  7.6135e-01
 1.9940e+00  7.6075e-01
 1.9970e+00  7.6016e-01
 2.0000e+00  7.5958e-01
 2.0030e+00  7.5900e-01
 2.0060e+00  7.5844e-01
 2.0090e+00  7.5788e-01
 2.0120e+00  7.5732e-01
 2.0150e+00  7.5678e-01
 2.0180e+00  7.5624e-01
 2.0210e+00  7.5570e-01
 2.0240e+00  7.5518e-01
 2.0270e+00  7.5466e-01
 2.0300e+00  7.5414e-01
 2.0330e+00  7.5363e-01
 2.0360e+00  7.5313e-01
 2.0390e+00  7.5263e-01
 2.0420e+00  7.5214e-01
 2.0450e+00  7.5165e-01
 2.0480e+00  7.5117e-01
 2.0511e+00  7.5070e-01
 2.0541e+00  7.5022e-01
 2.0571e+00  7.4976e-01
 2.0601e+00  7.4929e-01
 2.0631e+00  7.4884e-01
 2.0661e+00  7.4838e-01
 2.0691e+00  7.4793e-01
 2.0721e+00  7.4749e-01
 2.0751e+00  7.4705e-01
 2.0781e+00  7.4661e-01
 2.0811e+00  7.4618e-01
 2.0841e+00  7.4575e-01
 2.0871e+00  7.4533e-01
 2.0901e+00  7.4491e-01
 2.0931e+00  7.4449e-01
 2.0961e+00  7.4408e-01
 2.0991e+00  7.4367e-01
 2.1021e+00  7.4327e-01
 2.1051e+00  7.4286e-01
 2.1081e+00  7.4247e-01
 2.1111e+00  7.4207e-01
 2.1141e+00  7.4168e-01
 2.1171e+00  7.4129e-01
 2.1201e+00  7.4090e-01
 2.1231e+00  7.4052e-01
 2.1261e+00  7.4014e-01
 2.1291e+00  7.3977e-01
 2.1321e+00  7.3939e-01
 2.1351e+00  7.3902e-01
 2.1381e+00  7.3866e-01
 2.1411e+00  7.3829e-01
 2.1441e+00  7.3793e-01
 2.1471e+00  7.3757e-01
 2.1502e+00  7.3722e-01
 2.1532e+00  7.3686e-01
 2.1562e+00  7.3651e-01
 2.1592e+00  7.3616e-01
 2.1622e+00  7.3582e-01
 2.1652e+00  7.3548e-01
 2.1682e+00  7.3513e-01
 2.1712e+00  7.3480e-01
 2.1742e+00  7.3446e-01
 2.1772e+00  7.3413e-01
 2.1802e+00  7.3380e-01
 2.1832e+00  7.3347e-01
 2.1862e+00  7.3314e-01
 2.1892e+00  7.3282e-01
 2.1922e+00  7.3250e-01
 2.1952e+00  7.3218e-01
 2.1982e+00  7.3186e-01
 2.2012e+00  7.3155e-01
 2.2042e+00  7.3123e-01
 2.2072e+00  7.3092e-01
 2.2102e+00  7.3062e-01
 2.2132e+00  7.3031e-01
 2.2162e+00  7.3001e-01
 2.2192e+00  7.2970e-01
 2.2222e+00  7.2940e-01
 2.2252e+00  7.2910e-01
 2.2282e+00  7.2881e-01
 2.2312e+00  7.2851e-01
 2.2342e+00  7.2822e-01
 2.2372e+00  7.2793e-01
 2.2402e+00  7.2764e-01
 2.2432e+00  7.2735e-01
 2.2462e+00  7.2707e-01
 2.2492e+00  7.2679e-01
 2.2523e+00  7.2650e-01
 2.2553e+00  7.2622e-01
 2.2583e+00  7.2595e-01
 2.2613e+00  7.2567e-01
 2.2643e+00  7.2539e-01
 2.2673e+00  7.2512e-01
 2.2703e+00  7.2485e-01
 2.2733e+00  7.2458e-01
 2.2763e+00  7.2431e-01
 2.2793e+00  7.2405e-01
 2.2823e+00  7.2378e-01
 2.2853e+00  7.2352e-01
 2.2883e+00  7.2326e-01
 2.2913e+00  7.2300e-01
 2.2943e+00  7.2274e-01
 2.2973e+00  7.2248e-01
 2.3003e+00  7.2222e-01
 2.3033e+00  7.2197e-01
 2.3063e+00  7.2172e-01
 2.3093e+00  7.2147e-01
 2.3123e+00  7.2122e-01
 2.3153e+00  7.2097e-01
 2.3183e+00  7.2072e-01
 2.3213e+00  7.2047e-01
 2.3243e+00  7.2023e-01
 2.3273e+00  7.1999e-01
 2.3303e+00  7.1975e-01
 2.3333e+00  7.1951e-01
 2.3363e+00  7.1927e-01
 2.3393e+00  7.1903e-01
 2.3423e+00  7.1879e-01
 2.3453e+00  7.1856e-01
 2.3483e+00  7.1832e-01
 2.3514e+00  7.1809e-01
 2.3544e+00  7.1786e-01
 2.3574e+00  7.1763e-01
 2.3604e+00  7.1740e-01
 2.3634e+00  7.1718e-01
 2.3664e+00  7.1695e-01
 2.3694e+00  7.1672e-01
 2.3724e+00  7.1650e-01
 2.3754e+00  7.1628e-01
 2.3784e+00  7.1606e-01
 2.3814e+00  7.1584e-01
 2.3844e+00  7.1562e-01
 2.3874e+00  7.1540e-01
 2.3904e+00  7.1518e-01
 2.3934e+00  7.1497e-01
 2.3964e+00  7.1475e-01
 2.3994e+00  7.1454e-01
 2.4024e+00  7.1433e-01
 2.4054e+00  7.1411e-01
 2.4084e+00  7.1390e-01
 2.4114e+00  7.1370e-01
 2.4144e+00  7.1349e-01
 2.4174e+00  7.1328e-01
 2.4204e+00  7.1307e-01
 2.4234e+00  7.1287e-01
 2.4264e+00  7.1267e-01
 2.4294e+00  7.1246e-01
 2.4324e+00  7.1226e-01
 2.4354e+00  7.1206e-01
 2.4384e+00  7.1186e-01
 2.4414e+00  7.1166e-01
 2.4444e+00  7.1146e-01
 2.4474e+00  7.1127e-01
 2.4505e+00  7.1107e-01
 2.4535e+00  7.1088e-01
 2.4565e+00  7.1068e-01
 2.4595e+00  7.1049e-01
 2.4625e+00  7.1030e-01
 2.4655e+00  7.1011e-01
 2.4685e+00  7.0991e-01
 2.4715e+00  7.0973e-01
 2.4745e+00  7.0954e-01
 2.4775e+00  7.0935e-01
 2.4805e+00  7.0916e-01
 2.4835e+00  7.0898e-01
 2.4865e+00  7.0879e-01
 2.4895e+00  7.0861e-01
 2.4925e+00  7.0842e-01
 2.4955e+00  7.0824e-01
 2.4985e+00  7.0806e-01
 2.5015e+00  7.0788e-01
 2.5045e+00  7.0770e-01
 2.5075e+00  7.0752e-01
 2.5105e+00  7.0734e-01
 2.5135e+00  7.0717e-01
 2.5165e+00  7.0699e-01
 2.5195e+00  7.0681e-01
 2.5225e+00  7.0664e-01
 2.5255e+00  7.0647e-01
 2.5285e+00  7.0629e-01
 2.5315e+00  7.0612e-01
 2.5345e+00  7.0595e-01
 2.5375e+00  7.0578e-01
 2.5405e+00  7.0305e-01
 2.5435e+00  6.9894e-01
 2.5465e+00  6.9648e-01
 2.5495e+00  6.9452e-01
 2.5526e+00  6.9283e-01
 2.5556e+00  6.9133e-01
 2.5586e+00  6.8996e-01
 2.5616e+00  6.8869e-01
 2.5646e+00  6.8750e-01
 2.5676e+00  6.8637e-01
 2.5706e+00  6.8530e-01
 2.5736e+00  6.8428e-01
 2.5766e+00  6.8330e-01
 2.5796e+00  6.8236e-01
 2.5826e+00  6.8145e-01
 2.5856e+00  6.8057e-01
 2.5886e+00  6.7972e-01
 2.5916e+00  6.7889e-01
 2.5946e+00  6.7809e-01
 2.5976e+00  6.7730e-01
 2.6006e+00  6.7654e-01
 2.6036e+00  6.7579e-01
 2.6066e+00  6.7506e-01
 2.6096e+00  6.7434e-01
 2.6126e+00  6.7364e-01
 2.6156e+00  6.7295e-01
 2.6186e+00  6.7228e-01
 2.6216e+00  6.7161e-01
 2.6246e+00  6.7096e-01
 2.6276e+00  6.7032e-01
 2.6306e+00  6.6969e-01
 2.6336e+00  6.6907e-01
 2.6366e+00  6.6846e-01
 2.6396e+00  6.6786e-01
 2.6426e+00  6.6727e-01
 2.6456e+00  6.6669e-01
 2.6486e+00  6.6611e-01
 2.6517e+00  6.6555e-01
 2.6547e+00  6.6499e-01
 2.6577e+00  6.6443e-01
 2.6607e+00  6.6389e-01
 2.6637e+00  6.6335e-01
 2.6667e+00  6.6282e-01
 2.6697e+00  6.6229e-01
 2.6727e+00  6.6177e-01
 2.6757e+00  6.6126e-01
 2.6787e+00  6.6075e-01
 2.6817e+00  6.6025e-01
 2.6847e+00  6.5975e-01
 2.6877e+00  6.5926e-01
 2.6907e+00  6.5877e-01
 2.6937e+00  6.5829e-01
 2.6967e+00  6.5782e-01
 2.6997e+00  6.5734e-01
 2.7027e+00  6.5688e-01
 2.7057e+00  6.5642e-01
 2.7087e+00  6.5596e-01
 2.7117e+00  6.5550e-01
 2.7147e+00  6.5505e-01
 2.7177e+00  6.5461e-01
 2.7207e+00  6.5417e-01
 2.7237e+00  6.5373e-01
 2.7267e+00  6.5330e-01
 2.7297e+00  6.5287e-01
 2.7327e+00  6.5244e-01
 2.7357e+00  6.5202e-01
 2.7387e+00  6.5160e-01
 2.7417e+00  6.5118e-01
 2.7447e+00  6.5077e-01
 2.7477e+00  6.5036e-01
 2.7508e+00  6.4996e-01
 2.7538e+00  6.4956e-01
 2.7568e+00  6.4916e-01
 2.7598e+00  6.4876e-01
 2.7628e+00  6.4837e-01
 2.7658e+00  6.4798e-01
 2.7688e+00  6.4759e-01
 2.7718e+00  6.4721e-01
 2.7748e+00  6.4683e-01
 2.7778e+00  6.4645e-01
 2.7808e+00  6.4607e-01
 2.7838e+00  6.4570e-01
 2.7868e+00  6.4533e-01
 2.7898e+00  6.4496e-01
 2.7928e+00  6.4460e-01
 2.7958e+00  6.4424e-01
 2.7988e+00  6.4388e-01
 2.8018e+00  6.4352e-01
 2.8048e+00  6.4317e-01
 2.8078e+00  6.4281e-01
 2.8108e+00  6.4246e-01
 2.8138e+00  6.4212e-01
 2.8168e+00  6.4177e-01
 2.8198e+00  6.4143e-01
 2.8228e+00  6.4109e-01
 2.8258e+00  6.4075e-01
 2.8288e+00  6.4041e-01
 2.8318e+00  6.4008e-01
 2.8348e+00  6.3974e-01
 2.8378e+00  6.3941e-01
 2.8408e+00  6.3909e-01
 2.8438e+00  6.3876e-01
 2.8468e+00  6.3844e-01
 2.8498e+00  6.3811e-01
 2.8529e+00  6.3779e-01
 2.8559e+00  6.3748e-01
 2.8589e+00  6.3716e-01
 2.8619e+00  6.3684e-01
 2.8649e+00  6.3653e-01
 2.8679e+00  6.3622e-01
 2.8709e+00  6.3591e-01
 2.8739e+00  6.3561e-01
 2.8769e+00  6.3530e-01
 2.8799e+00  6.3500e-01
 2.8829e+00  6.3470e-01
 2.8859e+00  6.3440e-01
 2.8889e+00  6.3410e-01
 2.8919e+00  6.3380e-01
 2.8949e+00  6.3351e-01
 2.8979e+00  6.3321e-01
 2.9009e+00  6.3292e-01
 2.9039e+00  6.3263e-01
 2.9069e+00  6.3234e-01
 2.9099e+00  6.3206e-01
 2.9129e+00  6.3177e-01
 2.9159e+00  6.3149e-01
 2.9189e+00  6.3120e-01
 2.9219e+00  6.3092e-01
 2.9249e+00  6.3064e-01
 2.9279e+00  6.3037e-01
 2.9309e+00  6.3009e-01
 2.9339e+00  6.2982e-01
 2.9369e+00  6.2954e-01
 2.9399e+00  6.2927e-01
 2.9429e+00  6.2900e-01
 2.9459e+00  6.2873e-01
 2.9489e+00  6.2846e-01
 2.9520e+00  6.2820e-01
 2.9550e+00  6.2793e-01
 2.9580e+00  6.2767e-01
 2.9610e+00  6.2741e-01
 2.9640e+00  6.2715e-01
 2.9670e+00  6.2689e-01
 2.9700e+00  6.2663e-01
 2.9730e+00  6.2637e-01
 2.9760e+00  6.2611e-01
 2.9790e+00  6.2586e-01
 2.9820e+00  6.2561e-01
 2.9850e+00  6.2536e-01
 2.9880e+00  6.2510e-01
 2.9910e+00  6.2485e-01
 2.9940e+00  6.2461e-01
 2.9970e+00  6.2436e-01
 3.0000e+00  6.2411e-01
