 1.0000e-02  1.0000e+00
 2.0000e-02  1.0000e+00
 3.0000e-02  1.0000e+00
 4.0000e-02  1.0000e+00
 5.0000e-02  1.0000e+00
 6.0000e-02  1.0000e+00
 7.0000e-02  1.0000e+00
 8.0000e-02  1.0000e+00
 9.0000e-02  1.0000e+00
 1.0000e-01  1.0000e+00
 1.1000e-01  1.0000e+00
 1.2000e-01  1.0000e+00
 1.3000e-01  1.0000e+00
 1.4000e-01  1.0000e+00
 1.5000e-01  1.0000e+00
 1.6000e-01  1.0000e+00
 1.7000e-01  1.0000e+00
 1.8000e-01  1.0000e+00
 1.9000e-01  1.0000e+00
 2.0000e-01  1.0000e+00
 2.1000e-01  1.0000e+00
 2.2000e-01  7.1102e-01
 2.3000e-01  6.4046e-01
 2.4000e-01  6.0321e-01
 2.5000e-01  5.7964e-01
 2.6000e-01  5.6338e-01
 2.7000e-01  5.5155e-01
 2.8000e-01  5.4262e-01
 2.9000e-01  5.3396e-01
 3.0000e-01  5.2550e-01
 3.1000e-01  5.1750e-01
 3.2000e-01  5.0996e-01
 3.3000e-01  5.0284e-01
 3.4000e-01  4.9610e-01
 3.5000e-01  4.8970e-01
 3.6000e-01  4.8359e-01
 3.7000e-01  4.7773e-01
 3.8000e-01  4.7206e-01
 3.9000e-01  4.6656e-01
 4.0000e-01  4.6115e-01
 4.1000e-01  4.5580e-01
 4.2000e-01  4.5045e-01
 4.3000e-01  4.4504e-01
 4.4000e-01  4.3952e-01
 4.5000e-01  4.3384e-01
 4.6000e-01  4.2794e-01
 4.7000e-01  4.2176e-01
 4.8000e-01  4.1529e-01
 4.9000e-01  4.0847e-01
 5.0000e-01  4.0126e-01
 5.1000e-01  3.9364e-01
 5.2000e-01  3.8556e-01
 5.3000e-01  3.7698e-01
 5.4000e-01  3.6787e-01
 5.5000e-01  3.5820e-01
 5.6000e-01  3.4792e-01
 5.7000e-01  3.3701e-01
 5.8000e-01  3.2542e-01
 5.9000e-01  3.1312e-01
 6.0000e-01  3.0009e-01
 6.1000e-01  2.8632e-01
 6.2000e-01  2.7185e-01
 6.3000e-01  2.5671e-01
 6.4000e-01  2.4097e-01
 6.5000e-01  2.2476e-01
 6.6000e-01  2.0824e-01
 6.7000e-01  1.9164e-01
 6.8000e-01  1.7526e-01
 6.9000e-01  1.5939e-01
 7.0000e-01  1.4439e-01
 7.1000e-01  1.3062e-01
 7.2000e-01  1.1844e-01
 7.3000e-01  1.0819e-01
 7.4000e-01  1.0011e-01
 7.5000e-01  9.4190e-02
 7.6000e-01  8.9629e-02
 7.7000e-01  8.1986e-02
 7.8000e-01  4.9872e-02
 7.9000e-01  8.8049e-02
 8.0000e-01  1.1593e-01
 8.1000e-01  1.3090e-01
 8.2000e-01  1.4513e-01
 8.3000e-01  1.5983e-01
 8.4000e-01  1.7498e-01
 8.5000e-01  1.9037e-01
 8.6000e-01  2.0581e-01
 8.7000e-01  2.2112e-01
 8.8000e-01  2.3612e-01
 8.9000e-01  2.5070e-01
 9.0000e-01  2.6468e-01
 9.1000e-01  2.7804e-01
 9.2000e-01  2.9075e-01
 9.3000e-01  3.0275e-01
 9.4000e-01  3.1399e-01
 9.5000e-01  3.2446e-01
 9.6000e-01  3.3415e-01
 9.7000e-01  3.4302e-01
 9.8000e-01  3.5089e-01
 9.9000e-01  3.5597e-01
 1.0000e+00  3.1306e-01
 1.0100e+00  1.1428e-01
 1.0200e+00  5.5825e-03
 1.0300e+00  6.1817e-02
 1.0400e+00  1.2421e-01
 1.0500e+00  1.6669e-01
 1.0600e+00  1.9326e-01
 1.0700e+00  2.0923e-01
 1.0800e+00  2.1881e-01
 1.0900e+00  2.2559e-01
 1.1000e+00  2.3213e-01
 1.1100e+00  2.3898e-01
 1.1200e+00  2.4596e-01
 1.1300e+00  2.5243e-01
 1.1400e+00  2.5743e-01
 1.1500e+00  2.6026e-01
 1.1600e+00  2.6124e-01
 1.1700e+00  2.6093e-01
 1.1800e+00  2.5997e-01
 1.1900e+00  2.5901e-01
 1.2000e+00  2.5853e-01
 1.2100e+00  2.5837e-01
 1.2200e+00  2.5828e-01
 1.2300e+00  2.5798e-01
 1.2400e+00  2.5718e-01
 1.2500e+00  2.5572e-01
 1.2600e+00  2.5381e-01
 1.2700e+00  2.5173e-01
 1.2800e+00  2.4974e-01
 1.2900e+00  2.4812e-01
 1.3000e+00  2.4700e-01
 1.3100e+00  2.4620e-01
 1.3200e+00  2.4549e-01
 1.3300e+00  2.4465e-01
 1.3400e+00  2.4344e-01
 1.3500e+00  2.4177e-01
 1.3600e+00  2.3978e-01
 1.3700e+00  2.3764e-01
 1.3800e+00  2.3553e-01
 1.3900e+00  2.3362e-01
 1.4000e+00  2.3170e-01
 1.4100e+00  2.2842e-01
 1.4200e+00  2.2521e-01
 1.4300e+00  2.2223e-01
 1.4400e+00  2.1963e-01
 1.4500e+00  2.1759e-01
 1.4600e+00  2.1626e-01
 1.4700e+00  2.1543e-01
 1.4800e+00  2.1596e-01
 1.4900e+00  2.0802e-01
 1.5000e+00  2.0312e-01
 1.5100e+00  2.0009e-01
 1.5200e+00  1.9839e-01
 1.5300e+00  1.9736e-01
 1.5400e+00  1.9641e-01
 1.5500e+00  1.9499e-01
 1.5600e+00  1.9272e-01
 1.5700e+00  1.8973e-01
 1.5800e+00  1.8632e-01
 1.5900e+00  1.8271e-01
 1.6000e+00  1.7918e-01
 1.6100e+00  1.7601e-01
 1.6200e+00  1.7339e-01
 1.6300e+00  1.7149e-01
 1.6400e+00  1.7043e-01
 1.6500e+00  1.7027e-01
 1.6600e+00  1.7083e-01
 1.6700e+00  1.7191e-01
 1.6800e+00  1.7337e-01
 1.6900e+00  1.7507e-01
 1.7000e+00  1.7703e-01
 1.7100e+00  1.7923e-01
 1.7200e+00  1.7914e-01
 1.7300e+00  1.7894e-01
 1.7400e+00  1.7878e-01
 1.7500e+00  1.7883e-01
 1.7600e+00  1.7923e-01
 1.7700e+00  1.7999e-01
 1.7800e+00  1.8111e-01
 1.7900e+00  1.8258e-01
 1.8000e+00  1.8441e-01
 1.8100e+00  1.8659e-01
 1.8200e+00  1.8904e-01
 1.8300e+00  1.9167e-01
 1.8400e+00  1.9437e-01
 1.8500e+00  1.9703e-01
 1.8600e+00  1.9951e-01
 1.8700e+00  2.0170e-01
 1.8800e+00  2.0348e-01
 1.8900e+00  2.0472e-01
 1.9000e+00  2.0531e-01
 1.9100e+00  2.0514e-01
 1.9200e+00  2.0419e-01
 1.9300e+00  2.0249e-01
 1.9400e+00  2.0005e-01
 1.9500e+00  1.9694e-01
 1.9600e+00  1.9337e-01
 1.9700e+00  1.9025e-01
 1.9800e+00  1.8851e-01
 1.9900e+00  1.8909e-01
